90 17 1091 10
100 17 1085 11
110 17 1080 12
120 17 1074 13
130 17 1068 14
140 17 1063 14
150 17 1057 15
160 17 1052 16
170 17 1046 17
180 15 1905 485
180 17 1040 17
190 15 1892 467
190 17 1034 17
200 14 1893 494
200 15 1866 474
200 17 1028 18
210 14 1871 489
210 15 1837 472
210 17 1022 18
220 14 1842 484
220 15 1809 465
220 17 1017 19
230 14 1814 481
230 15 1785 463
230 17 1011 19
240 14 1789 478
240 15 1754 461
240 17 1005 19
250 14 1759 473
250 15 1726 456
250 17 999 19
260 14 1733 473
260 15 1702 454
260 17 993 19
270 14 1705 473
270 15 1673 449
270 17 987 20
280 14 1679 470
280 15 1652 449
280 17 981 20
290 14 1649 468
290 15 1629 449
290 17 975 20
300 14 1620 462
300 15 1594 443
300 17 970 21
310 14 1590 457
310 15 1567 441
310 17 964 21
320 14 1562 454
320 15 1543 441
320 17 958 22
330 14 1534 450
330 15 1519 441
330 17 952 22
340 14 1505 447
340 15 1493 438
340 17 946 22
350 14 1478 443
350 15 1469 438
350 17 940 22
360 14 1450 441
360 15 1442 437
360 17 934 22
370 14 1424 438
370 15 1413 434
370 17 927 23
380 14 1400 438
380 15 1386 431
380 17 920 23
390 14 1378 438
390 15 1357 429
390 17 913 24
400 14 1354 438
400 15 1329 426
400 17 905 24
410 14 1328 438
410 15 1302 425
410 17 897 24
420 14 1301 438
420 15 1274 424
420 17 889 24
430 14 1274 438
430 15 1246 421
430 17 881 24
440 14 1248 438
440 15 1218 421
440 17 874 24
450 14 1221 438
450 15 1192 419
450 17 866 25
460 14 1194 438
460 15 1165 417
460 17 858 25
470 14 1168 438
470 15 1138 417
470 17 850 25
480 14 1142 438
480 15 1113 414
480 17 842 25
490 14 1119 435
490 15 1086 414
490 17 834 25
500 14 1095 435
500 15 1062 414
500 17 827 25
510 14 1074 435
510 15 1038 414
510 17 819 25
520 1 1353 63
520 14 1050 435
520 15 1011 414
520 17 814 25
530 1 1345 65
530 14 1025 438
530 15 987 414
530 17 808 24
540 1 1338 67
540 14 997 439
540 15 963 414
540 17 803 24
550 1 1331 68
550 14 969 441
550 15 937 414
550 17 798 23
560 1 1324 69
560 14 940 444
560 15 910 417
560 17 792 23
570 1 1317 70
570 14 913 444
570 15 883 419
570 17 787 22
580 1 1310 71
580 14 883 445
580 15 857 419
580 17 781 22
590 1 1302 71
590 14 855 445
590 15 830 422
590 17 775 22
600 1 1295 71
600 14 828 446
600 15 806 422
600 17 769 22
610 1 1287 71
610 14 798 444
610 15 781 421
610 17 763 22
620 1 1274 74
620 14 772 444
620 15 757 420
620 17 757 22
630 1 1266 74
630 14 745 444
630 15 734 421
630 17 751 19
630 18 1084 13
640 1 1257 75
640 14 713 449
640 15 705 423
640 17 746 17
640 18 1064 16
650 1 1248 75
650 14 681 454
650 15 675 426
650 17 743 17
650 18 1044 18
660 1 1240 77
660 14 652 460
660 15 649 429
660 17 738 17
660 18 1025 20
670 1 1232 78
670 14 622 460
670 15 619 429
670 17 735 17
670 18 1006 21
680 1 1224 79
680 14 596 460
680 15 593 429
680 17 727 17
680 18 987 23
690 1 1215 81
690 14 569 460
690 15 566 429
690 17 722 19
690 18 968 25
700 1 1206 82
700 14 542 460
700 15 539 429
700 17 717 19
700 18 951 26
710 1 1197 83
710 14 513 457
710 15 510 429
710 17 711 22
710 18 935 29
720 1 1189 85
720 14 484 454
720 15 483 431
720 17 703 22
720 18 918 31
730 1 1176 85
730 14 454 452
730 15 454 431
730 17 698 22
730 18 902 32
740 1 1163 86
740 14 428 452
740 15 427 434
740 17 693 22
740 18 886 32
750 1 1151 87
750 14 401 449
750 15 398 431
750 17 685 22
750 18 876 31
760 1 1140 87
760 14 374 446
760 15 369 431
760 17 679 22
760 18 868 35
770 1 1128 88
770 14 348 444
770 15 339 431
770 17 674 22
770 18 860 39
780 1 1117 89
780 14 321 444
780 15 310 429
780 17 669 22
780 18 852 43
790 1 1106 87
790 14 294 441
790 15 281 429
790 17 661 19
790 18 844 46
800 1 1095 86
800 14 268 438
800 15 251 429
800 17 655 19
800 18 835 50
810 1 1085 85
810 14 244 438
810 15 222 429
810 17 647 19
810 18 827 54
820 1 1074 83
820 14 212 436
820 15 198 429
820 17 642 19
820 18 818 57
830 1 1063 82
830 14 180 436
830 15 174 429
830 17 634 19
830 18 809 59
840 1 1051 82
840 14 148 433
840 15 150 429
840 17 629 19
840 18 792 63
850 1 1038 81
850 14 116 433
850 15 126 429
850 17 623 19
850 18 772 63
860 1 1026 81
860 14 84 433
860 15 105 429
860 17 615 17
860 18 752 64
870 1 1014 81
870 14 54 430
870 15 76 420
870 17 610 17
870 18 730 65
880 1 1003 79
880 14 27 430
880 15 54 419
880 17 602 17
880 18 704 67
890 1 993 78
890 14 11 430
890 15 31 417
890 17 597 17
890 18 679 69
900 1 981 77
900 15 13 417
900 17 591 17
900 18 653 72
910 1 970 76
910 17 583 17
910 18 626 73
920 1 958 75
920 17 578 17
920 18 599 76
930 1 947 74
930 17 572 17
930 18 572 80
940 1 935 74
940 17 566 17
940 18 543 82
950 1 923 73
950 17 560 17
950 18 514 84
960 1 911 72
960 17 557 17
960 18 484 88
970 1 900 71
970 17 552 18
970 18 454 92
980 1 889 70
980 18 423 96
990 1 877 70
990 18 392 100
1000 1 865 69
1000 18 359 104
1010 1 854 69
1010 18 323 107
1020 1 842 68
1020 18 288 110
1030 1 830 68
1030 18 254 114
1040 1 820 68
1040 18 217 116
1050 1 809 69
1050 18 178 119
1060 1 799 69
1060 18 140 122
1070 1 786 71
1070 18 99 125
1080 1 775 72
1080 18 59 129
1090 1 764 73
1090 18 19 130
1100 1 753 73
