0 57 855 328
0 62 1242 551
0 63 1267 554
10 57 848 329
10 62 1240 553
10 63 1267 557
20 57 842 330
20 62 1238 555
20 63 1266 560
30 57 836 330
30 62 1236 557
30 63 1265 562
40 57 832 331
40 62 1233 559
40 63 1265 564
50 57 827 331
50 62 1230 562
50 63 1264 567
60 57 822 331
60 62 1228 565
60 63 1262 569
70 57 817 331
70 62 1227 567
70 63 1259 572
80 57 812 331
80 62 1225 570
80 63 1256 574
90 57 807 331
90 62 1223 573
90 63 1253 577
100 57 802 331
100 62 1220 577
100 63 1249 579
110 57 796 331
110 62 1217 580
110 63 1245 583
120 57 789 331
120 62 1215 583
120 63 1242 586
130 57 782 332
130 62 1212 586
130 63 1238 589
140 57 776 332
140 62 1209 589
140 63 1235 592
150 57 772 332
150 62 1206 592
150 63 1233 595
160 57 767 332
160 62 1203 596
160 63 1230 599
170 57 761 332
170 62 1199 599
170 63 1227 602
180 57 756 332
180 62 1197 601
180 63 1225 605
190 57 750 332
190 62 1194 604
190 63 1223 609
200 57 744 332
200 62 1191 607
200 63 1221 612
210 57 739 332
210 62 1188 609
210 63 1219 615
220 57 734 332
220 62 1185 612
220 63 1215 617
230 57 729 333
230 62 1181 616
230 63 1212 620
240 57 724 333
240 62 1178 619
240 63 1208 623
250 57 718 334
250 62 1174 622
250 63 1205 627
260 57 711 334
260 62 1170 626
260 63 1202 630
270 57 705 334
270 62 1167 629
270 63 1199 633
280 57 698 334
280 62 1163 633
280 63 1195 637
290 57 692 334
290 62 1160 636
290 63 1193 640
300 57 686 334
300 62 1157 640
300 63 1190 644
310 57 680 334
310 62 1153 643
310 63 1188 648
320 57 674 334
320 62 1149 647
320 63 1186 652
330 57 668 334
330 62 1145 651
330 63 1182 656
340 57 663 335
340 62 1141 655
340 63 1176 660
350 57 657 336
350 62 1137 660
350 63 1170 664
360 57 651 336
360 62 1132 665
360 63 1164 668
370 57 644 336
370 62 1127 669
370 63 1158 673
380 57 637 336
380 62 1122 674
380 63 1152 675
390 57 631 336
390 62 1117 679
390 63 1146 678
400 57 624 336
400 62 1111 683
400 63 1141 680
410 57 617 336
410 62 1106 684
410 63 1137 683
420 57 610 336
420 62 1101 686
420 63 1135 686
430 57 604 336
430 62 1096 687
430 63 1134 689
430 64 1273 550
440 57 597 336
440 62 1091 688
440 63 1132 691
440 64 1273 552
450 57 590 336
450 62 1087 690
450 63 1129 693
450 64 1272 554
460 57 584 337
460 62 1082 693
460 63 1127 695
460 64 1271 556
470 57 577 337
470 62 1078 696
470 63 1121 697
470 64 1270 558
480 57 571 338
480 62 1074 698
480 63 1116 699
480 64 1268 559
490 57 563 338
490 62 1071 702
490 63 1110 701
490 64 1265 562
500 57 555 338
500 62 1068 703
500 63 1104 704
500 64 1263 564
510 57 547 338
510 62 1065 705
510 63 1097 706
510 64 1261 568
520 57 539 338
520 62 1062 707
520 63 1091 709
520 64 1258 570
530 57 532 338
530 62 1055 710
530 63 1090 712
530 64 1255 573
540 57 525 338
540 62 1048 712
540 64 1252 575
550 57 518 338
550 64 1250 578
560 57 512 338
560 64 1247 581
570 57 506 338
570 64 1245 584
580 57 499 339
580 64 1242 587
590 57 491 339
590 64 1240 590
600 57 483 339
600 64 1236 593
610 57 475 339
610 64 1232 597
620 57 467 339
620 64 1229 601
630 57 460 340
630 64 1225 605
640 57 453 340
640 64 1222 607
650 57 445 340
650 58 703 365
650 64 1219 610
660 57 438 340
660 58 703 364
660 64 1217 612
670 57 431 339
670 58 704 364
670 64 1214 615
680 57 423 339
680 58 704 364
680 64 1212 618
690 57 415 339
690 58 704 364
690 64 1209 621
700 57 408 339
700 58 703 363
700 64 1206 625
710 57 402 340
710 58 701 361
710 64 1204 628
720 57 395 340
720 58 700 360
720 64 1201 632
730 57 388 340
730 58 696 360
730 64 1198 635
740 57 380 341
740 58 693 359
740 64 1195 639
750 57 372 341
750 58 689 359
750 64 1192 642
760 57 364 341
760 58 686 357
760 64 1187 645
770 57 356 341
770 58 682 356
770 64 1183 649
780 57 331 341
780 58 662 356
780 64 1169 659
790 57 324 341
790 58 657 356
790 64 1162 663
800 57 316 341
800 58 650 357
800 64 1156 667
810 57 308 342
810 58 643 357
810 64 1150 671
820 57 300 343
820 58 636 358
820 64 1143 675
830 57 291 343
830 58 631 359
830 64 1137 679
840 57 282 345
840 58 625 361
840 64 1132 682
850 57 259 347
850 58 611 360
850 64 1124 691
860 57 250 345
860 58 605 361
860 64 1122 693
870 57 242 343
870 58 599 362
870 64 1121 695
880 57 234 342
880 58 595 364
880 64 1119 697
890 57 225 341
890 58 592 365
890 64 1118 699
900 57 216 341
900 58 586 366
900 64 1114 701
910 57 207 340
910 58 577 367
910 64 1109 704
920 57 198 340
920 58 572 368
920 64 1104 707
930 57 188 341
930 58 566 368
930 64 1100 710
940 57 178 340
940 58 560 369
940 64 1096 711
950 57 170 340
950 58 555 370
960 57 162 340
960 58 548 370
970 57 155 341
970 58 542 370
980 57 145 343
980 58 536 370
990 57 135 345
990 58 531 371
1000 57 127 347
1000 58 525 372
1010 57 119 348
1010 58 520 374
1020 57 112 350
1020 58 514 375
1030 57 102 349
1030 58 509 377
1040 57 92 349
1040 58 504 378
1050 57 84 348
1050 58 499 379
1060 57 75 348
1060 58 493 378
1070 57 67 348
1070 58 487 378
1080 57 58 349
1080 58 481 379
1090 57 48 351
1090 58 475 380
1100 57 38 354
1100 58 470 381
1110 57 28 355
1110 58 464 381
1120 57 18 356
1120 58 458 381
1130 57 10 357
1130 58 453 381
1140 57 6 357
1140 58 449 381
1150 58 436 382
1160 58 431 384
1170 58 425 385
1180 58 417 385
1190 58 410 386
1200 58 402 386
1210 58 395 388
1220 58 388 392
1230 58 379 394
1240 58 370 394
1250 58 359 395
1260 58 347 396
1270 58 335 398
1280 58 324 398
1290 58 314 399
1300 58 304 399
1310 58 295 400
1320 58 286 400
1330 58 277 401
1340 58 268 402
1350 58 259 403
1360 58 251 403
1370 58 242 404
1380 58 234 405
1390 58 226 406
1400 58 218 406
1410 58 209 408
1420 58 200 410
1430 58 191 411
1440 58 181 412
1450 58 174 414
1460 58 166 415
1470 58 159 417
1480 58 135 419
1490 58 128 420
1500 58 122 421
