160 3 11 234
170 3 19 223
180 3 40 220
190 3 61 216
200 3 81 215
210 3 107 210
220 3 125 207
230 3 139 206
240 3 157 206
250 3 176 206
260 3 194 206
270 3 213 206
280 3 233 197
290 3 250 194
300 3 266 192
310 3 284 190
320 3 302 189
330 3 320 187
340 3 338 185
350 3 355 182
360 3 368 183
370 3 386 180
380 3 403 177
390 3 419 175
400 3 436 172
410 3 452 170
420 3 468 168
430 3 483 166
440 3 498 165
450 3 513 163
460 3 528 161
470 3 543 161
480 3 559 158
490 3 574 154
500 3 588 152
510 3 603 151
520 3 617 149
530 3 632 147
540 3 647 145
550 3 661 143
560 3 676 141
570 3 691 140
580 3 705 137
590 3 719 135
600 3 733 134
610 3 746 134
620 3 762 131
630 3 775 127
640 3 789 127
650 3 802 126
660 3 814 124
670 3 826 123
680 3 838 122
690 3 850 120
700 3 863 119
710 3 875 117
720 3 887 116
730 3 898 115
740 3 910 113
750 3 920 111
760 3 930 110
770 3 940 109
780 3 949 108
790 3 959 108
800 3 969 108
810 3 979 107
820 3 989 107
830 3 998 106
840 3 1007 106
850 3 1016 105
860 3 1024 104
870 3 1034 103
880 3 1044 102
890 3 1054 102
900 3 1062 101
910 3 1070 99
920 3 1081 99
930 3 1089 98
940 3 1099 97
950 3 1109 96
960 3 1118 95
970 3 1128 94
980 3 1137 93
990 3 1147 92
1000 3 1156 91
1010 3 1165 91
1020 3 1175 90
1030 3 1184 89
1040 3 1194 88
1050 3 1203 87
1060 3 1213 86
1070 3 1222 85
1080 3 1230 83
1090 3 1239 81
1100 3 1248 81
1110 3 1256 83
1120 3 1264 80
1130 3 1274 78
1140 3 1282 76
1150 3 1291 75
1160 0 917 1047
1160 3 1298 74
1170 0 914 1025
1170 3 1306 73
1180 0 918 1003
1180 3 1312 72
1190 0 935 982
1190 3 1319 72
1200 0 962 949
1200 3 1325 71
1210 0 998 912
1210 3 1333 72
1220 0 1032 893
1220 3 1341 69
1230 0 1081 874
1230 3 1348 67
1240 0 1121 849
1240 3 1354 64
1250 0 1158 825
1250 3 1362 67
1260 0 1198 811
1260 3 1372 65
1270 0 1227 797
1270 3 1377 64
1280 0 1257 781
1280 3 1382 64
1290 0 1286 765
1300 0 1309 743
1310 0 1334 725
1320 0 1353 706
1330 0 1361 688
1340 0 1366 668
1350 0 1355 657
1360 0 1338 642
1370 0 1314 607
1380 0 1301 594
1390 0 1271 583
1400 0 1255 578
1410 0 1245 575
1420 0 1242 575
1430 0 1240 578
1440 0 1238 581
1450 0 1234 585
1460 0 1237 587
1470 0 1232 593
1480 0 1226 605
1490 0 1226 605
1500 0 1226 605
