0 23 1103 433
0 30 935 330
0 32 1026 375
0 33 1042 382
0 34 1053 384
0 35 1026 374
10 23 1099 434
10 30 929 330
10 32 1026 375
10 33 1042 381
10 34 1053 384
10 35 1026 374
20 23 1096 435
20 30 924 330
20 32 1026 375
20 33 1042 381
20 34 1053 384
20 35 1026 374
30 23 1092 436
30 30 919 330
30 32 1026 375
30 33 1042 381
30 34 1053 384
30 35 1026 374
40 23 1089 437
40 30 914 330
40 32 1026 375
40 33 1042 381
40 34 1053 384
40 35 1026 374
50 23 1085 439
50 30 909 330
50 32 1026 375
50 33 1042 381
50 34 1053 384
50 35 1026 374
60 23 1082 440
60 30 903 331
60 32 1026 375
60 33 1042 381
60 34 1053 384
60 35 1026 374
70 23 1078 441
70 30 898 331
70 32 1026 375
70 33 1042 381
70 34 1053 384
70 35 1026 374
80 23 1075 443
80 30 892 331
80 32 1026 375
80 33 1042 381
80 34 1053 384
80 35 1026 374
90 23 1071 444
90 30 887 331
90 32 1026 375
90 33 1042 381
90 34 1053 384
90 35 1026 374
100 23 1068 445
100 30 881 331
100 32 1026 375
100 33 1042 381
100 34 1053 384
100 35 1026 374
110 23 1064 447
110 30 875 331
110 32 1026 375
110 33 1042 381
110 34 1053 384
110 35 1026 374
120 23 1061 448
120 30 870 331
120 32 1027 375
120 33 1042 381
120 34 1053 384
120 35 1026 374
130 23 1057 449
130 30 864 331
130 32 1027 375
130 33 1042 381
130 34 1053 384
130 35 1026 374
140 23 1053 450
140 30 858 331
140 32 1027 375
140 33 1042 381
140 34 1053 384
140 35 1026 374
150 23 1049 451
150 30 852 331
150 32 1027 375
150 33 1042 381
150 34 1053 384
150 35 1026 374
160 23 1046 452
160 30 847 331
160 32 1027 375
160 33 1042 381
160 34 1053 384
160 35 1026 374
170 23 1042 453
170 30 841 331
170 32 1027 375
170 33 1042 381
170 34 1053 384
170 35 1026 374
180 23 1039 455
180 30 835 331
180 32 1027 375
180 33 1042 381
180 34 1053 384
180 35 1026 374
190 23 1035 457
190 30 829 331
190 32 1027 375
190 33 1042 381
190 34 1053 384
190 35 1026 374
200 23 1032 459
200 30 822 331
200 32 1027 376
200 33 1042 381
200 34 1053 384
200 35 1026 374
210 23 1029 461
210 30 815 331
210 32 1027 376
210 33 1042 381
210 34 1053 384
210 35 1026 374
220 23 1026 463
220 30 808 331
220 32 1027 376
220 33 1042 381
220 34 1053 384
220 35 1026 374
230 23 1023 465
230 30 801 331
230 32 1027 376
230 33 1042 381
230 34 1053 384
230 35 1026 374
240 23 1019 467
240 30 795 331
240 32 1027 376
240 33 1042 381
240 34 1053 384
240 35 1026 374
250 23 1016 469
250 30 788 331
250 32 1027 376
250 33 1042 381
250 34 1053 384
250 35 1026 374
260 23 1012 470
260 30 781 331
260 32 1027 376
260 33 1042 381
260 34 1053 384
260 35 1026 374
270 23 1008 472
270 30 774 331
270 32 1027 376
270 33 1042 381
270 34 1053 384
270 35 1026 374
280 23 1004 474
280 30 767 331
280 32 1027 376
280 33 1042 381
280 34 1053 384
280 35 1026 374
290 23 1000 475
290 30 760 331
290 32 1027 376
290 33 1042 381
290 34 1053 384
290 35 1026 374
300 23 996 477
300 30 753 331
300 32 1027 376
300 33 1042 381
300 34 1053 384
300 35 1026 374
310 23 993 478
310 30 746 331
310 32 1027 376
310 33 1042 381
310 34 1053 384
310 35 1026 374
320 23 989 480
320 30 738 331
320 32 1027 376
320 33 1042 381
320 34 1053 384
320 35 1026 374
330 23 985 481
330 30 731 331
330 32 1027 376
330 33 1042 381
330 34 1053 384
330 35 1025 374
340 23 981 483
340 30 724 331
340 32 1027 376
340 33 1042 381
340 34 1053 384
340 35 1025 374
350 23 977 485
350 30 717 331
350 32 1027 376
350 33 1042 381
350 34 1053 384
350 35 1025 374
360 23 974 488
360 30 710 331
360 32 1027 376
360 33 1042 381
360 34 1053 384
360 35 1025 374
370 23 969 489
370 30 702 331
370 32 1027 376
370 33 1042 381
370 34 1053 384
370 35 1025 374
380 23 964 490
380 30 695 331
380 32 1027 376
380 33 1042 381
380 34 1053 384
380 35 1025 374
390 23 959 492
390 30 687 331
390 32 1027 376
390 33 1042 381
390 34 1053 384
390 35 1025 374
400 23 955 493
400 30 680 331
400 32 1027 376
400 33 1042 381
400 34 1053 384
400 35 1024 373
410 23 950 494
410 30 672 331
410 32 1027 376
410 33 1042 381
410 34 1053 384
410 35 1024 373
420 23 946 497
420 30 665 331
420 32 1027 376
420 33 1042 381
420 34 1053 384
420 35 1026 373
430 23 941 499
430 30 657 331
430 32 1027 376
430 33 1042 381
430 34 1053 384
430 35 1027 374
440 23 937 501
440 30 649 331
440 31 1094 710
440 32 1027 376
440 33 1042 381
440 34 1053 384
440 35 1029 374
450 1 169 389
450 23 932 504
450 30 642 331
450 31 1102 709
450 32 1027 376
450 33 1042 381
450 34 1053 384
450 35 1030 375
460 1 169 390
460 23 928 506
460 30 634 331
460 31 1108 706
460 32 1027 376
460 33 1042 381
460 34 1053 384
460 35 1031 375
470 1 170 391
470 23 923 508
470 30 627 331
470 31 1114 704
470 32 1027 376
470 33 1042 381
470 34 1053 384
470 35 1031 375
480 1 170 392
480 23 919 510
480 30 619 331
480 31 1120 701
480 32 1027 376
480 33 1042 381
480 34 1053 384
480 35 1032 375
490 1 171 393
490 23 914 512
490 30 612 331
490 31 1126 699
490 32 1027 376
490 33 1042 381
490 34 1053 384
490 35 1033 375
500 1 171 394
500 23 910 514
500 30 604 331
500 31 1131 697
500 32 1027 376
500 33 1042 381
500 34 1053 384
500 35 1033 376
510 1 171 393
510 23 905 516
510 30 597 331
510 31 1136 694
510 32 1027 376
510 33 1042 381
510 34 1053 384
510 35 1032 376
520 1 171 393
520 23 900 518
520 30 589 331
520 31 1141 692
520 32 1027 376
520 33 1042 381
520 34 1053 384
520 35 1031 376
530 1 171 394
530 23 896 521
530 30 582 331
530 31 1146 689
530 32 1027 376
530 33 1042 381
530 34 1053 384
530 35 1030 376
540 1 171 394
540 23 891 523
540 30 575 331
540 31 1151 687
540 32 1027 376
540 33 1042 381
540 34 1053 384
540 35 1029 375
550 1 171 394
550 23 887 526
550 30 567 331
550 31 1156 684
550 32 1027 376
550 33 1042 381
550 34 1053 384
550 35 1029 375
560 1 171 393
560 23 882 528
560 30 560 331
560 31 1160 681
560 32 1027 376
560 33 1042 381
560 34 1053 384
560 35 1029 375
570 1 170 394
570 23 878 530
570 30 553 331
570 31 1163 676
570 32 1027 376
570 33 1042 381
570 34 1053 384
570 35 1029 375
580 1 170 394
580 23 873 532
580 30 546 331
580 31 1167 672
580 32 1028 376
580 33 1042 381
580 34 1053 384
580 35 1029 375
590 1 170 394
590 23 869 534
590 30 539 331
590 31 1171 668
590 32 1028 376
590 33 1042 381
590 34 1053 384
590 35 1029 375
600 1 170 394
600 23 865 536
600 30 532 331
600 31 1174 664
600 32 1028 376
600 33 1042 381
600 34 1053 384
600 35 1029 375
610 1 170 394
610 23 861 538
610 30 525 332
610 31 1178 659
610 32 1028 377
610 33 1042 381
610 34 1053 384
610 35 1029 375
620 1 170 394
620 23 856 541
620 30 518 332
620 31 1181 655
620 32 1028 377
620 33 1042 381
620 34 1053 384
620 35 1029 375
630 1 170 394
630 23 851 544
630 30 511 332
630 31 1185 651
630 32 1029 377
630 33 1042 381
630 34 1053 384
630 35 1029 375
640 1 170 394
640 23 847 547
640 30 504 333
640 31 1188 647
640 32 1030 377
640 33 1042 381
640 34 1053 384
640 35 1029 375
650 1 171 394
650 23 842 549
650 30 497 333
650 31 1190 643
650 32 1031 377
650 33 1042 381
650 34 1053 384
650 35 1029 375
660 1 171 394
660 23 836 552
660 30 490 333
660 31 1192 639
660 32 1032 377
660 33 1042 381
660 34 1053 384
660 35 1029 375
670 1 172 394
670 23 830 554
670 30 484 333
670 31 1194 635
670 32 1032 377
670 33 1042 381
670 34 1053 384
670 35 1029 375
680 1 173 393
680 23 824 557
680 30 477 333
680 31 1196 630
680 32 1032 377
680 33 1042 381
680 34 1053 384
680 35 1029 375
690 1 173 393
690 23 819 559
690 30 470 334
690 31 1198 626
690 32 1032 377
690 33 1042 381
690 34 1053 384
690 35 1029 375
700 1 174 393
700 23 813 561
700 30 464 334
700 31 1200 622
700 32 1032 377
700 33 1042 381
700 34 1053 384
700 35 1029 375
710 1 175 393
710 23 807 564
710 30 457 334
710 31 1204 619
710 32 1032 377
710 33 1042 381
710 34 1053 384
710 35 1029 375
720 1 179 393
720 23 800 567
720 30 450 334
720 31 1210 617
720 32 1032 377
720 33 1042 381
720 34 1053 384
720 35 1029 375
730 1 183 393
730 23 793 570
730 30 442 334
730 31 1217 615
730 32 1032 377
730 33 1042 381
730 34 1053 384
730 35 1029 375
740 1 187 394
740 23 785 573
740 30 435 334
740 31 1223 612
740 32 1032 377
740 33 1042 381
740 34 1053 384
740 35 1029 375
750 1 191 394
750 23 779 576
750 30 428 335
750 31 1235 611
750 32 1033 377
750 33 1042 381
750 34 1053 384
750 35 1029 375
760 1 193 396
760 23 771 579
760 30 421 335
760 31 1249 610
760 32 1033 377
760 33 1042 381
760 34 1053 384
760 35 1029 375
770 1 196 397
770 23 763 582
770 30 414 335
770 31 1262 610
770 32 1033 377
770 33 1042 381
770 34 1053 384
770 35 1029 375
780 1 196 397
780 23 754 585
780 30 407 336
780 31 1271 614
780 32 1033 377
780 33 1042 381
780 34 1053 384
780 35 1029 375
790 1 195 397
790 23 745 588
790 30 399 336
790 32 1033 377
790 33 1042 381
790 34 1053 384
790 35 1028 375
800 1 195 397
800 23 737 591
800 30 392 336
800 32 1033 377
800 33 1042 381
800 34 1053 384
800 35 1028 375
810 1 195 397
810 23 728 593
810 30 384 336
810 32 1033 377
810 33 1042 381
810 34 1053 384
810 35 1027 375
820 1 195 397
820 23 719 596
820 30 377 336
820 32 1033 377
820 33 1042 381
820 34 1053 384
820 35 1026 375
830 1 194 397
830 23 711 599
830 30 369 336
830 32 1033 377
830 33 1042 381
830 34 1053 384
830 35 1026 375
840 1 195 398
840 23 702 602
840 30 362 336
840 32 1033 377
840 33 1042 381
840 34 1053 384
840 35 1025 375
850 1 198 398
850 23 694 605
850 30 354 336
850 32 1033 377
850 33 1042 381
850 34 1053 384
850 35 1025 375
860 1 200 398
860 23 685 608
860 30 346 336
860 32 1033 377
860 33 1042 381
860 34 1053 384
860 35 1025 375
870 1 202 398
870 23 675 612
870 30 338 336
870 32 1033 377
870 33 1042 381
870 34 1053 384
870 35 1025 375
880 1 202 397
880 23 666 616
880 30 330 336
880 32 1033 377
880 33 1042 381
880 34 1053 384
880 35 1025 375
890 1 202 397
890 23 656 620
890 30 322 336
890 32 1033 377
890 33 1042 381
890 34 1053 384
890 35 1025 375
900 1 202 397
900 23 646 623
900 30 314 335
900 32 1033 377
900 33 1042 381
900 34 1053 384
900 35 1025 375
910 1 203 397
910 23 635 627
910 30 307 335
910 32 1033 377
910 33 1042 381
910 34 1053 384
910 35 1025 375
920 1 203 397
920 23 624 631
920 30 299 335
920 32 1033 377
920 33 1042 381
920 34 1053 384
920 35 1025 375
930 1 203 397
930 23 613 634
930 30 291 335
930 32 1033 377
930 33 1042 381
930 34 1053 384
930 35 1025 375
940 1 203 397
940 23 601 638
940 30 284 335
940 32 1033 377
940 33 1042 381
940 34 1053 384
940 35 1025 375
950 1 203 397
950 23 586 642
950 30 278 335
950 32 1033 377
950 33 1042 381
950 34 1053 384
950 35 1025 375
960 1 203 397
960 23 572 646
960 30 272 335
960 32 1033 377
960 33 1042 381
960 34 1053 384
960 35 1025 375
970 1 203 397
970 23 557 651
970 30 269 335
970 32 1033 377
970 33 1042 381
970 34 1053 384
970 35 1025 375
980 1 203 397
980 23 542 654
980 30 268 335
980 32 1033 377
980 33 1042 381
980 34 1053 384
980 35 1025 375
990 1 203 397
990 23 524 657
990 30 268 335
990 32 1033 377
990 33 1042 381
990 34 1053 384
990 35 1025 375
1000 1 203 397
1000 23 506 660
1000 30 268 335
1000 32 1033 377
1000 33 1042 381
1000 34 1053 384
1000 35 1025 375
1010 1 203 397
1010 23 489 662
1010 30 268 335
1010 32 1033 377
1010 33 1042 381
1010 34 1053 384
1010 35 1025 375
1020 1 203 397
1020 23 471 665
1020 30 268 335
1020 32 1033 377
1020 33 1042 381
1020 34 1053 384
1020 35 1025 375
1030 1 203 397
1030 23 451 667
1030 30 268 335
1030 32 1033 377
1030 33 1042 381
1030 34 1053 384
1030 35 1025 375
1040 1 203 397
1040 23 431 669
1040 30 268 335
1040 32 1033 377
1040 33 1042 381
1040 34 1053 384
1040 35 1025 375
1050 1 203 397
1050 23 411 671
1050 30 268 335
1050 32 1033 377
1050 33 1042 381
1050 34 1053 384
1050 35 1025 375
1060 1 203 397
1060 23 391 672
1060 30 268 335
1060 32 1033 377
1060 33 1042 381
1060 34 1053 384
1060 35 1025 375
1070 1 203 397
1070 23 371 674
1070 30 268 335
1070 32 1033 377
1070 33 1042 381
1070 34 1053 384
1070 35 1025 375
1080 1 203 397
1080 23 351 675
1080 30 268 335
1080 32 1033 377
1080 33 1042 381
1080 34 1053 384
1080 35 1025 375
1090 1 203 397
1090 23 332 676
1090 30 268 335
1090 32 1033 377
1090 33 1042 381
1090 34 1053 384
1090 35 1025 375
1100 1 203 397
1100 23 312 677
1100 30 268 335
1100 32 1033 377
1100 33 1042 381
1100 34 1053 384
1100 35 1025 375
1110 1 203 397
1110 23 293 679
1110 30 268 335
1110 32 1033 377
1110 33 1042 381
1110 34 1053 384
1110 35 1025 375
1120 1 203 397
1120 23 271 680
1120 30 268 336
1120 32 1033 377
1120 33 1042 381
1120 34 1053 384
1120 35 1025 375
1130 1 203 397
1130 23 249 682
1130 30 268 335
1130 32 1033 377
1130 33 1042 381
1130 34 1053 384
1130 35 1025 375
1140 1 203 397
1140 23 228 683
1140 30 271 335
1140 32 1033 377
1140 33 1042 381
1140 34 1053 384
1140 35 1025 375
1150 1 203 397
1150 23 206 685
1150 30 275 335
1150 32 1033 377
1150 33 1042 381
1150 34 1053 384
1150 35 1025 375
1160 1 203 397
1160 23 185 685
1160 30 278 335
1160 32 1033 377
1160 33 1042 381
1160 34 1053 384
1160 35 1025 375
1170 1 203 397
1170 23 164 685
1170 30 284 334
1170 32 1033 377
1170 33 1042 381
1170 34 1053 384
1170 35 1025 375
1180 1 203 397
1180 23 144 685
1180 30 290 333
1180 32 1033 377
1180 33 1042 381
1180 34 1053 384
1180 35 1025 375
1190 1 203 397
1190 30 297 332
1190 32 1033 377
1190 33 1042 381
1190 34 1053 384
1190 35 1025 375
1200 1 203 397
1200 30 304 332
1200 32 1033 377
1200 33 1042 381
1200 34 1053 384
1200 35 1025 375
1210 1 203 397
1210 30 313 332
1210 32 1033 377
1210 33 1042 381
1210 34 1053 384
1210 35 1025 375
1220 1 203 397
1220 30 322 332
1220 32 1033 377
1220 33 1042 381
1220 34 1053 384
1220 35 1025 375
1230 1 203 397
1230 30 331 332
1230 32 1033 377
1230 33 1042 381
1230 34 1053 384
1230 35 1025 375
1240 1 203 397
1240 30 340 333
1240 32 1033 377
1240 33 1042 381
1240 34 1053 384
1240 35 1024 375
1250 1 200 397
1250 30 349 333
1250 32 1033 377
1250 33 1042 381
1250 34 1053 384
1250 35 1024 375
1260 1 196 397
1260 30 358 333
1260 32 1033 377
1260 33 1042 381
1260 34 1053 384
1260 35 1023 375
1270 1 193 397
1270 30 367 333
1270 32 1033 377
1270 33 1042 381
1270 34 1053 384
1270 35 1022 375
1280 1 190 397
1280 30 376 333
1280 32 1033 377
1280 33 1042 381
1280 34 1053 384
1280 35 1022 375
