0 12 1109 328
0 32 1820 859
0 33 1160 376
0 35 1525 751
0 96 1479 764
0 121 1298 590
10 12 1110 321
10 32 1807 864
10 33 1152 368
10 35 1517 743
10 96 1483 772
10 121 1304 596
20 12 1106 314
20 32 1798 868
20 33 1144 362
20 35 1509 738
20 96 1488 778
20 121 1311 603
30 12 1102 308
30 32 1789 875
30 33 1138 357
30 35 1501 732
30 96 1494 786
30 121 1317 610
40 12 1099 301
40 32 1780 880
40 33 1130 352
40 35 1494 726
40 96 1499 794
40 121 1321 615
50 12 1096 296
50 32 1772 887
50 33 1125 344
50 35 1486 718
50 96 1503 802
50 121 1324 621
60 12 1092 292
60 32 1763 895
60 33 1117 338
60 35 1479 713
60 96 1508 812
60 121 1327 626
70 12 1089 288
70 32 1754 903
70 33 1112 333
70 35 1471 708
70 96 1513 822
70 121 1331 631
80 12 1087 282
80 32 1745 911
80 33 1104 328
80 35 1465 701
80 96 1519 832
80 121 1339 640
90 12 1084 276
90 32 1741 916
90 33 1096 320
90 35 1457 694
90 96 1525 840
90 121 1348 645
100 12 1082 271
100 32 1741 920
100 33 1090 314
100 35 1449 687
100 96 1532 848
100 121 1357 650
110 12 1079 265
110 32 1741 924
110 33 1082 309
110 35 1441 682
110 96 1538 857
110 121 1367 657
120 12 1076 259
120 32 1741 928
120 33 1077 304
120 35 1436 677
120 96 1545 865
120 121 1379 672
130 12 1074 254
130 32 1741 932
130 33 1069 296
130 35 1428 669
130 96 1551 873
130 121 1392 686
140 12 1071 248
140 32 1741 935
140 33 1064 290
140 35 1421 661
140 96 1558 882
140 121 1403 698
150 12 1068 242
150 32 1741 939
150 33 1056 285
150 35 1414 654
150 96 1566 887
150 121 1412 708
160 12 1065 236
160 32 1741 942
160 33 1048 280
160 35 1407 646
160 96 1573 893
160 121 1422 718
170 12 1062 229
170 32 1741 946
170 33 1042 272
170 35 1399 638
170 96 1579 898
170 121 1431 726
180 12 1058 222
180 32 1738 948
180 33 1034 266
180 35 1394 633
180 96 1585 903
180 121 1440 733
190 12 1055 215
190 32 1735 950
190 33 1029 261
190 35 1386 626
190 96 1588 908
190 121 1448 741
200 12 1051 209
200 32 1732 952
200 33 1021 256
200 35 1379 621
200 96 1596 914
200 121 1457 748
210 12 1046 205
210 32 1729 954
210 33 1016 250
210 35 1373 616
210 96 1598 920
210 121 1466 755
220 12 1041 200
220 32 1725 955
220 33 1010 245
220 35 1366 610
220 96 1601 926
220 121 1475 762
220 125 1638 1068
230 12 1037 196
230 32 1720 955
230 33 1006 238
230 35 1358 605
230 96 1605 932
230 121 1484 770
230 125 1544 1068
240 12 1032 191
240 32 1715 955
240 33 1001 233
240 35 1353 600
240 96 1608 937
240 121 1491 780
240 125 1452 1068
250 12 1027 187
250 32 1710 955
250 33 997 228
250 35 1346 592
250 96 1610 943
250 121 1499 790
250 125 1361 1068
260 12 1023 182
260 32 1707 955
260 33 993 223
260 35 1343 587
260 96 1610 943
260 121 1506 799
260 125 1269 1068
270 12 1019 176
270 32 1703 956
270 33 988 218
270 35 1339 581
270 96 1609 944
270 121 1512 807
270 125 1179 1068
280 12 1014 171
280 32 1700 955
280 33 984 213
280 35 1336 575
280 96 1608 944
280 121 1519 815
280 125 1090 1068
290 12 1009 166
290 32 1697 955
290 33 980 208
290 35 1333 570
290 96 1607 945
290 121 1525 822
290 125 1002 1069
300 12 1005 160
300 32 1693 954
300 33 975 204
300 35 1330 564
300 96 1606 946
300 121 1532 830
300 125 910 1070
310 12 1001 155
310 32 1690 954
310 33 971 199
310 35 1326 559
310 96 1605 946
310 121 1538 838
310 125 818 1072
320 12 996 150
320 32 1687 955
320 33 967 194
320 35 1323 554
320 96 1605 947
320 121 1545 846
320 125 725 1073
330 12 992 144
330 32 1684 956
330 33 963 190
330 35 1320 548
330 96 1604 947
330 121 1552 853
330 125 633 1074
340 12 987 139
340 32 1680 957
340 33 959 185
340 35 1316 542
340 96 1603 948
340 121 1558 861
350 12 983 134
350 32 1677 958
350 33 956 180
350 35 1313 537
350 96 1602 949
350 121 1565 869
360 12 979 129
360 32 1675 959
360 33 952 175
360 35 1310 531
360 96 1602 949
360 121 1571 877
370 12 974 124
370 32 1675 959
370 33 949 170
370 35 1306 526
370 96 1601 949
370 121 1581 884
380 12 969 118
380 32 1675 960
380 33 946 166
380 35 1303 520
380 96 1601 949
380 121 1592 891
390 12 965 113
390 32 1675 961
390 33 942 161
390 35 1300 515
390 96 1601 949
390 121 1604 898
400 12 961 108
400 32 1674 962
400 33 939 156
400 35 1297 509
400 96 1600 949
400 121 1615 905
410 12 956 104
410 32 1674 963
410 33 936 151
410 35 1293 504
410 96 1600 949
410 121 1626 912
420 12 952 100
420 32 1674 963
420 33 933 146
420 35 1290 498
420 96 1600 949
420 121 1637 919
430 12 948 96
430 32 1674 964
430 33 929 141
430 35 1286 492
430 96 1599 949
430 121 1648 925
440 12 943 92
440 32 1674 965
440 33 926 136
440 35 1283 487
440 96 1599 949
440 121 1659 932
450 12 939 88
450 32 1674 965
450 33 923 131
450 35 1279 481
450 96 1598 949
450 121 1670 939
460 12 935 85
460 32 1674 966
460 33 920 127
460 35 1274 476
460 96 1598 949
460 121 1681 946
470 12 930 81
470 32 1674 967
470 33 917 122
470 35 1270 470
470 96 1598 950
470 121 1692 953
480 12 926 77
480 32 1674 968
480 33 913 117
480 35 1265 465
480 96 1598 950
480 121 1699 955
490 12 921 74
490 32 1674 969
490 33 910 112
490 35 1261 459
490 96 1597 950
490 121 1704 958
500 12 917 70
500 32 1674 969
500 33 907 108
500 35 1256 454
500 96 1597 950
500 121 1710 960
510 12 913 66
510 32 1674 970
510 33 903 103
510 35 1252 448
510 96 1596 950
510 121 1716 962
520 12 908 63
520 32 1673 971
520 33 901 99
520 35 1247 442
520 96 1596 950
520 121 1721 964
530 12 904 59
530 32 1673 972
530 33 899 95
530 35 1243 437
530 96 1596 950
530 121 1722 965
540 12 900 55
540 32 1673 973
540 33 898 91
540 35 1238 431
540 96 1595 950
540 121 1722 965
550 12 895 51
550 32 1673 974
550 33 896 87
550 35 1234 426
550 96 1595 950
550 121 1722 966
560 12 891 48
560 32 1673 974
560 33 894 83
560 35 1229 420
560 96 1595 950
560 121 1722 966
570 12 887 44
570 32 1673 974
570 33 893 79
570 35 1225 415
570 96 1595 950
570 121 1722 967
580 12 885 41
580 32 1673 974
580 33 891 75
580 35 1220 409
580 96 1594 951
580 121 1722 967
590 12 883 39
590 32 1673 974
590 33 890 71
590 35 1216 404
590 96 1594 951
590 121 1722 968
600 12 881 37
600 32 1673 974
600 33 888 67
600 35 1211 398
600 96 1593 951
600 121 1722 969
610 12 879 35
610 32 1673 974
610 33 887 63
610 35 1207 392
610 96 1593 951
610 121 1721 969
620 12 877 32
620 32 1673 974
620 33 885 59
620 35 1202 387
620 96 1593 951
620 121 1721 969
630 12 875 30
630 32 1672 974
630 33 883 56
630 35 1198 381
630 96 1592 951
630 121 1720 970
640 12 874 27
640 32 1672 974
640 33 882 52
640 35 1193 376
640 96 1592 951
640 121 1720 970
650 12 872 25
650 32 1672 974
650 33 880 48
650 35 1188 371
650 96 1592 952
650 121 1719 971
660 12 870 23
660 32 1672 974
660 33 875 46
660 35 1182 366
660 96 1591 952
660 121 1719 971
670 12 869 21
670 32 1672 974
670 33 871 43
670 35 1176 362
670 96 1591 952
670 121 1719 972
680 12 867 18
680 32 1672 974
680 33 866 40
680 35 1169 358
680 96 1590 952
680 121 1718 972
690 12 865 16
690 32 1672 974
690 33 862 37
690 35 1163 354
690 96 1590 952
690 121 1718 973
700 12 863 13
700 32 1672 975
700 33 858 35
700 35 1156 350
700 96 1590 952
700 121 1717 973
710 12 862 11
710 32 1672 975
710 33 853 32
710 35 1150 346
710 96 1590 952
710 121 1717 974
720 12 860 9
720 32 1672 975
720 33 849 29
720 35 1144 341
720 96 1589 952
720 121 1717 974
730 32 1672 975
730 33 844 27
730 35 1138 337
730 96 1589 952
730 121 1716 974
740 32 1672 975
740 33 839 24
740 35 1131 331
740 96 1588 952
740 121 1716 974
750 32 1672 975
750 33 835 21
750 35 1125 324
750 96 1588 952
750 121 1716 974
760 32 1672 975
760 33 830 18
760 35 1118 317
760 96 1588 952
760 121 1716 974
770 32 1672 975
770 33 826 16
770 35 1112 310
770 96 1587 953
770 121 1716 974
780 32 1671 975
780 33 822 13
780 35 1106 304
780 96 1587 953
780 121 1716 973
790 32 1671 975
790 33 817 10
790 35 1101 298
790 96 1587 953
790 121 1716 973
800 32 1671 975
800 33 813 8
800 35 1098 294
800 96 1586 953
800 121 1716 973
810 32 1671 975
810 33 813 8
810 35 1096 290
810 96 1586 953
810 121 1716 973
820 32 1671 975
820 35 1094 285
820 96 1585 953
820 121 1716 973
830 32 1671 975
830 35 1092 281
830 96 1585 954
830 121 1716 973
840 32 1671 975
840 35 1090 277
840 96 1585 954
840 117 1900 1036
840 121 1715 972
850 32 1671 976
850 35 1088 273
850 96 1585 954
850 117 1889 1027
850 121 1715 972
860 32 1671 976
860 35 1085 268
860 96 1584 954
860 117 1872 1023
860 121 1715 972
870 32 1671 976
870 35 1083 264
870 96 1584 954
870 117 1851 1022
870 121 1715 972
880 32 1671 976
880 35 1081 260
880 96 1583 954
880 117 1824 1021
880 121 1715 972
890 32 1671 976
890 35 1079 256
890 96 1583 954
890 117 1805 1019
890 121 1715 971
900 32 1671 976
900 35 1077 251
900 96 1583 954
900 117 1785 1017
900 121 1715 971
910 32 1671 976
910 35 1074 247
910 96 1582 954
910 117 1765 1016
910 121 1715 971
920 32 1671 976
920 35 1072 243
920 96 1582 954
920 117 1742 1014
920 121 1715 971
930 32 1670 977
930 35 1070 239
930 96 1582 954
930 117 1725 1012
930 121 1715 971
940 32 1670 977
940 35 1068 234
940 96 1581 955
940 117 1710 1010
940 121 1715 971
950 32 1670 977
950 35 1066 230
950 96 1581 955
950 117 1693 1009
950 121 1715 970
960 32 1670 977
960 35 1064 226
960 96 1580 955
960 117 1678 1007
960 121 1715 970
970 32 1670 977
970 35 1061 222
970 96 1580 955
970 117 1665 1006
970 121 1715 970
980 32 1670 977
980 35 1059 217
980 96 1580 955
980 117 1655 1004
980 121 1715 970
990 32 1670 977
990 35 1057 213
990 96 1580 955
990 117 1645 1002
990 121 1715 969
1000 32 1670 977
1000 35 1054 209
1000 96 1579 955
1000 117 1639 1000
1000 121 1715 969
1010 32 1670 977
1010 35 1050 205
1010 96 1579 955
1010 98 1897 1021
1010 117 1636 999
1010 121 1715 969
1020 32 1670 977
1020 35 1046 200
1020 96 1578 956
1020 98 1879 1013
1020 117 1632 997
1020 121 1715 969
1030 32 1670 977
1030 35 1042 196
1030 96 1578 956
1030 98 1860 1010
1030 117 1628 995
1030 121 1715 969
1040 32 1670 977
1040 35 1038 193
1040 96 1578 956
1040 98 1840 1009
1040 117 1624 993
1040 121 1716 968
1050 32 1670 977
1050 35 1035 189
1050 96 1577 956
1050 98 1818 1009
1050 117 1623 993
1050 121 1716 968
1060 32 1670 977
1060 35 1031 185
1060 96 1577 956
1060 98 1796 1011
1060 117 1623 993
1060 121 1716 968
1070 32 1670 977
1070 35 1026 180
1070 96 1577 956
1070 98 1777 1011
1070 117 1623 993
1070 121 1716 968
1080 32 1669 978
1080 35 1023 176
1080 96 1576 956
1080 98 1758 1011
1080 117 1623 993
1080 121 1716 967
1090 32 1669 978
1090 35 1019 172
1090 96 1576 956
1090 98 1743 1010
1090 117 1623 994
1090 121 1716 967
1100 32 1669 978
1100 35 1015 169
1100 96 1575 956
1100 98 1729 1010
1100 117 1623 994
1100 121 1716 967
1110 32 1669 978
1110 35 1011 165
1110 96 1575 956
1110 98 1715 1010
1110 117 1623 994
1110 121 1716 967
1120 32 1669 978
1120 35 1007 161
1120 96 1575 957
1120 98 1706 1009
1120 117 1623 994
1120 121 1716 966
1130 32 1669 978
1130 35 1003 156
1130 96 1575 957
1130 98 1705 1009
1130 117 1623 995
1130 121 1716 966
1140 32 1669 978
1140 35 999 152
1140 96 1574 957
1140 98 1703 1009
1140 117 1623 995
1140 121 1716 966
1150 32 1668 978
1150 35 995 148
1150 96 1574 957
1150 98 1702 1009
1150 117 1623 995
1150 121 1715 966
1160 32 1668 978
1160 35 992 145
1160 96 1573 957
1160 98 1701 1008
1160 117 1623 995
1160 121 1715 965
1170 32 1668 978
1170 35 988 141
1170 96 1573 957
1170 98 1700 1008
1170 117 1623 996
1170 121 1715 965
1180 32 1668 978
1180 35 984 137
1180 96 1573 957
1180 98 1698 1008
1180 117 1623 995
1180 121 1714 965
1190 32 1668 978
1190 35 981 133
1190 96 1572 957
1190 98 1697 1008
1190 117 1623 995
1190 121 1714 965
1200 32 1668 978
1200 35 977 129
1200 96 1572 957
1200 98 1696 1008
1200 117 1623 995
1200 121 1714 964
1210 32 1668 978
1210 35 973 125
1210 96 1572 957
1210 98 1696 1008
1210 117 1623 994
1210 121 1713 964
1220 32 1668 978
1220 35 970 121
1220 96 1571 957
1220 98 1695 1008
1220 117 1623 994
1220 121 1713 964
1230 32 1668 978
1230 35 966 117
1230 96 1571 957
1230 98 1694 1008
1230 117 1623 994
1230 121 1712 964
1240 32 1668 978
1240 35 962 113
1240 52 1898 1016
1240 96 1571 957
1240 98 1693 1008
1240 117 1623 994
1240 121 1712 963
1250 32 1668 978
1250 35 959 109
1250 52 1884 1013
1250 96 1571 957
1250 98 1693 1008
1250 117 1623 993
1250 121 1712 963
1260 32 1668 978
1260 35 955 105
1260 52 1860 1008
1260 96 1571 957
1260 98 1692 1008
1260 117 1623 993
1260 121 1711 963
1270 32 1668 978
1270 35 951 101
1270 52 1838 1002
1270 96 1571 957
1270 98 1692 1008
1270 117 1623 993
1270 121 1711 963
1280 32 1668 978
1280 35 948 97
1280 52 1815 994
1280 96 1571 956
1280 98 1691 1008
1280 117 1623 993
1280 121 1711 962
1290 32 1668 978
1290 35 944 93
1290 52 1792 986
1290 96 1571 956
1290 98 1690 1008
1290 117 1623 992
1290 121 1710 962
1300 32 1668 978
1300 35 940 89
1300 52 1770 979
1300 96 1572 955
1300 98 1689 1008
1300 117 1623 992
1300 121 1710 962
1310 32 1668 978
1310 35 937 85
1310 52 1754 970
1310 96 1572 955
1310 98 1689 1008
1310 117 1623 992
1310 121 1710 961
1320 32 1667 977
1320 35 933 81
1320 52 1741 961
1320 96 1572 955
1320 98 1688 1008
1320 117 1623 992
1320 121 1709 961
1330 32 1667 977
1330 35 929 77
1330 52 1728 952
1330 96 1572 954
1330 98 1687 1007
1330 117 1623 991
1330 121 1709 961
1340 32 1667 977
1340 35 926 73
1340 52 1715 943
1340 96 1572 954
1340 98 1687 1007
1340 117 1623 991
1340 121 1708 961
1350 32 1667 977
1350 35 922 69
1350 52 1702 934
1350 96 1572 953
1350 98 1686 1006
1350 117 1623 991
1350 121 1708 960
1360 32 1667 977
1360 35 918 65
1360 52 1689 926
1360 96 1573 953
1360 98 1686 1005
1360 117 1623 991
1360 121 1708 960
1370 32 1667 977
1370 35 915 61
1370 52 1677 917
1370 96 1572 953
1370 98 1685 1005
1370 117 1622 991
1370 121 1707 960
1380 32 1667 977
1380 35 911 57
1380 52 1666 909
1380 96 1573 952
1380 98 1685 1004
1380 117 1622 991
1380 121 1707 960
1390 32 1667 977
1390 35 908 55
1390 52 1654 901
1390 96 1573 952
1390 98 1684 1004
1390 117 1622 991
1390 121 1707 959
1400 32 1667 977
1400 35 904 53
1400 52 1643 892
1400 96 1573 952
1400 98 1684 1004
1400 117 1622 991
1400 121 1706 959
1410 32 1667 977
1410 35 901 51
1410 52 1632 884
1410 96 1573 951
1410 98 1684 1005
1410 117 1622 991
1410 121 1706 959
1420 32 1667 977
1420 35 898 50
1420 52 1620 876
1420 96 1573 951
1420 98 1684 1005
1420 117 1622 991
1420 120 1889 1021
1420 121 1706 959
1430 32 1667 977
1430 35 895 48
1430 52 1609 868
1430 96 1573 950
1430 98 1683 1006
1430 117 1622 991
1430 120 1886 1018
1430 121 1705 959
1440 32 1667 977
1440 35 892 46
1440 52 1597 860
1440 96 1574 950
1440 98 1683 1006
1440 117 1622 991
1440 120 1874 1016
1440 121 1705 959
1450 32 1667 977
1450 35 888 44
1450 52 1586 852
1450 96 1573 950
1450 98 1683 1007
1450 117 1622 991
1450 120 1863 1013
1450 121 1705 959
1460 32 1667 977
1460 35 885 42
1460 52 1576 843
1460 96 1574 949
1460 98 1683 1007
1460 117 1622 991
1460 120 1850 1011
1460 121 1705 959
1470 32 1667 977
1470 35 882 41
1470 52 1567 835
1470 96 1574 949
1470 98 1682 1008
1470 117 1622 991
1470 120 1835 1011
1470 121 1705 959
1480 32 1667 977
1480 35 879 39
1480 52 1558 827
1480 96 1574 948
1480 98 1682 1008
1480 117 1622 991
1480 120 1819 1010
1480 121 1705 960
1490 32 1666 976
1490 35 875 38
1490 52 1549 819
1490 96 1574 948
1490 98 1682 1008
1490 117 1622 991
1490 120 1804 1010
1490 121 1705 960
1500 32 1666 976
1500 35 872 36
1500 52 1540 810
1500 96 1574 948
1500 98 1682 1009
1500 117 1622 991
1500 120 1788 1010
1500 121 1705 960
1510 32 1666 976
1510 35 869 35
1510 52 1531 802
1510 96 1574 948
1510 98 1682 1009
1510 117 1622 992
1510 120 1779 1009
1510 121 1705 960
1520 32 1666 976
1520 35 865 34
1520 52 1522 794
1520 96 1575 947
1520 98 1681 1009
1520 117 1622 992
1520 120 1770 1009
1520 121 1705 960
1530 32 1666 976
1530 35 862 32
1530 52 1513 786
1530 96 1574 947
1530 98 1681 1010
1530 117 1622 992
1530 120 1766 1008
1530 121 1705 961
1540 32 1666 976
1540 35 858 31
1540 52 1504 778
1540 96 1575 946
1540 98 1681 1010
1540 117 1622 992
1540 120 1766 1007
1540 121 1705 961
1550 32 1666 976
1550 35 855 29
1550 52 1496 770
1550 96 1575 946
1550 98 1681 1011
1550 117 1622 992
1550 120 1766 1007
1550 121 1705 961
1560 32 1666 976
1560 35 852 28
1560 52 1487 762
1560 96 1575 946
1560 98 1680 1011
1560 117 1622 992
1560 120 1765 1006
1560 121 1705 961
1570 32 1666 976
1570 35 848 27
1570 52 1479 754
1570 96 1575 946
1570 98 1680 1011
1570 117 1622 992
1570 120 1765 1006
1570 121 1705 961
1580 32 1666 976
1580 35 845 25
1580 52 1471 746
1580 96 1575 946
1580 98 1680 1012
1580 117 1622 993
1580 120 1765 1006
1580 121 1705 962
1590 32 1666 976
1590 35 841 24
1590 52 1463 738
1590 96 1575 946
1590 98 1680 1012
1590 117 1622 993
1590 120 1765 1005
1590 121 1705 962
1600 32 1666 976
1600 35 838 22
1600 52 1455 730
1600 96 1575 946
1600 98 1679 1013
1600 117 1622 993
1600 120 1764 1004
1600 121 1705 962
1610 32 1666 976
1610 35 834 21
1610 52 1446 722
1610 96 1575 946
1610 98 1679 1013
1610 117 1622 994
1610 120 1764 1004
1610 121 1705 962
1620 32 1666 976
1620 35 831 20
1620 52 1438 715
1620 96 1575 946
1620 98 1680 1013
1620 117 1622 994
1620 120 1764 1003
1620 121 1705 962
1630 32 1666 976
1630 35 828 18
1630 52 1429 707
1630 96 1575 947
1630 98 1680 1013
1630 117 1622 994
1630 120 1763 1003
1630 121 1705 963
1640 32 1666 976
1640 52 1421 699
1640 96 1575 947
1640 98 1680 1013
1640 117 1622 995
1640 120 1763 1003
1640 121 1705 963
1650 32 1666 976
1650 52 1413 691
1650 96 1575 947
1650 98 1680 1013
1650 116 1900 1033
1650 117 1622 995
1650 120 1762 1002
1650 121 1705 963
1660 32 1665 975
1660 52 1404 683
1660 96 1575 947
1660 98 1680 1013
1660 116 1899 1033
1660 117 1622 995
1660 120 1762 1002
1660 121 1705 963
1670 32 1665 975
1670 52 1396 675
1670 96 1575 947
1670 98 1680 1013
1670 116 1897 1033
1670 117 1622 996
1670 120 1762 1001
1670 121 1705 964
1680 32 1665 975
1680 52 1388 667
1680 96 1575 948
1680 98 1680 1013
1680 116 1894 1033
1680 117 1622 996
1680 120 1761 1000
1680 121 1704 963
1690 32 1665 975
1690 52 1379 659
1690 96 1575 948
1690 98 1680 1012
1690 116 1892 1033
1690 117 1622 996
1690 120 1761 1000
1690 121 1704 963
1700 32 1665 975
1700 52 1371 651
1700 96 1575 948
1700 98 1680 1012
1700 116 1892 1033
1700 117 1622 996
1700 120 1760 1000
1700 121 1704 962
1710 32 1665 975
1710 52 1362 644
1710 96 1575 948
1710 98 1680 1012
1710 116 1892 1033
1710 117 1622 994
1710 120 1760 999
1710 121 1704 962
1720 32 1665 975
1720 52 1354 636
1720 96 1575 948
1720 98 1680 1012
1720 116 1892 1033
1720 117 1622 993
1720 120 1760 999
1720 121 1704 961
1730 32 1665 975
1730 52 1345 628
1730 96 1575 949
1730 98 1680 1012
1730 116 1892 1033
1730 117 1622 993
1730 120 1760 998
1730 121 1704 961
1740 32 1665 975
1740 52 1337 620
1740 96 1575 949
1740 98 1680 1012
1740 116 1892 1033
1740 117 1622 993
1740 120 1759 997
1740 121 1704 960
1750 32 1665 975
1750 52 1329 612
1750 96 1575 949
1750 98 1680 1012
1750 116 1892 1033
1750 117 1622 993
1750 120 1759 997
1750 121 1704 960
1760 32 1665 975
1760 52 1321 604
1760 96 1575 949
1760 98 1680 1012
1760 116 1892 1033
1760 117 1622 993
1760 120 1759 997
1760 121 1704 960
1770 32 1665 975
1770 52 1312 596
1770 96 1575 949
1770 98 1680 1011
1770 116 1891 1033
1770 117 1622 993
1770 120 1758 996
1770 121 1704 959
1780 32 1665 975
1780 52 1304 588
1780 96 1575 950
1780 98 1680 1011
1780 116 1891 1033
1780 117 1622 993
1780 120 1758 996
1780 121 1704 959
1790 32 1665 975
1790 52 1295 580
1790 96 1575 950
1790 98 1680 1011
1790 116 1891 1033
1790 117 1622 993
1790 120 1758 995
1790 121 1703 958
1800 32 1665 975
1800 52 1287 573
1800 96 1575 950
1800 98 1680 1011
1800 116 1891 1033
1800 117 1622 993
1800 120 1758 995
1800 121 1703 958
1810 32 1665 975
1810 52 1282 565
1810 96 1575 950
1810 98 1680 1011
1810 116 1891 1033
1810 117 1622 993
1810 120 1758 995
1810 121 1703 958
1820 32 1665 975
1820 52 1277 558
1820 96 1575 950
1820 98 1680 1011
1820 116 1891 1033
1820 117 1622 993
1820 120 1758 995
1820 121 1702 958
1830 32 1664 974
1830 52 1271 552
1830 71 1903 1017
1830 96 1575 950
1830 98 1680 1011
1830 116 1891 1033
1830 117 1622 993
1830 120 1758 995
1830 121 1702 958
1840 32 1664 974
1840 52 1269 545
1840 71 1894 1011
1840 96 1575 950
1840 98 1680 1011
1840 116 1891 1033
1840 117 1622 993
1840 120 1758 995
1840 121 1702 958
1850 32 1664 974
1850 52 1263 539
1850 71 1881 1011
1850 96 1575 950
1850 98 1680 1010
1850 116 1891 1033
1850 117 1622 993
1850 120 1758 995
1850 121 1702 958
1860 32 1664 974
1860 52 1258 531
1860 71 1865 1003
1860 96 1575 950
1860 98 1680 1010
1860 116 1890 1033
1860 117 1622 993
1860 120 1758 995
1860 121 1702 957
1870 32 1664 974
1870 52 1255 526
1870 71 1852 998
1870 96 1575 950
1870 98 1680 1010
1870 116 1890 1033
1870 117 1622 993
1870 120 1758 995
1870 121 1702 957
1880 32 1664 974
1880 52 1250 519
1880 71 1849 995
1880 96 1575 950
1880 98 1680 1010
1880 116 1890 1033
1880 117 1623 994
1880 120 1758 995
1880 121 1702 957
1890 32 1664 974
1890 52 1245 513
1890 71 1841 987
1890 96 1575 950
1890 98 1680 1010
1890 116 1890 1033
1890 117 1623 994
1890 120 1758 995
1890 121 1701 957
1900 32 1664 974
1900 52 1239 506
1900 71 1826 987
1900 96 1575 950
1900 98 1680 1010
1900 116 1890 1033
1900 117 1623 994
1900 120 1758 995
1900 121 1701 957
1910 32 1664 974
1910 52 1237 499
1910 71 1821 985
1910 96 1575 950
1910 98 1680 1010
1910 116 1890 1033
1910 117 1623 994
1910 120 1758 995
1910 121 1701 957
1920 32 1664 974
1920 52 1231 493
1920 71 1818 982
1920 96 1575 950
1920 98 1680 1010
1920 116 1890 1033
1920 117 1623 994
1920 120 1758 995
1920 121 1701 957
1930 32 1664 974
1930 52 1226 487
1930 71 1818 982
1930 96 1575 950
1930 98 1679 1010
1930 116 1890 1033
1930 117 1623 994
1930 120 1758 995
1930 121 1701 957
1940 32 1664 974
1940 52 1223 479
1940 71 1818 982
1940 96 1575 950
1940 98 1679 1010
1940 116 1889 1033
1940 117 1623 993
1940 120 1758 995
1940 121 1700 957
1950 32 1664 974
1950 52 1218 474
1950 71 1818 982
1950 96 1575 950
1950 98 1679 1010
1950 116 1889 1033
1950 117 1623 993
1950 120 1758 995
1950 121 1700 957
1960 32 1664 974
1960 52 1213 468
1960 71 1818 982
1960 96 1575 950
1960 98 1679 1010
1960 116 1889 1033
1960 117 1623 993
1960 120 1758 995
1960 121 1700 957
1970 32 1664 974
1970 52 1207 461
1970 71 1818 982
1970 96 1575 950
1970 98 1679 1010
1970 116 1889 1033
1970 117 1623 993
1970 120 1758 995
1970 121 1700 957
1980 32 1664 974
1980 52 1205 454
1980 71 1818 982
1980 96 1575 950
1980 98 1679 1010
1980 116 1889 1033
1980 117 1623 993
1980 120 1758 995
1980 121 1700 957
1990 32 1664 974
1990 52 1199 449
1990 71 1818 982
1990 96 1575 950
1990 98 1680 1010
1990 116 1889 1033
1990 117 1623 993
1990 120 1758 995
1990 121 1699 957
2000 32 1663 973
2000 52 1194 441
2000 71 1818 982
2000 96 1575 950
2000 98 1680 1010
2000 116 1889 1033
2000 117 1623 993
2000 120 1758 995
2000 121 1699 957
2010 32 1663 973
2010 52 1191 436
2010 71 1818 982
2010 96 1575 950
2010 98 1680 1010
2010 116 1889 1033
2010 117 1623 993
2010 120 1758 995
2010 121 1699 956
2020 32 1663 973
2020 52 1186 428
2020 71 1818 982
2020 96 1575 950
2020 98 1680 1010
2020 116 1888 1033
2020 117 1623 993
2020 120 1758 995
2020 121 1699 956
2030 32 1663 973
2030 52 1181 421
2030 71 1818 982
2030 96 1575 950
2030 98 1680 1010
2030 116 1888 1033
2030 117 1623 993
2030 120 1758 995
2030 121 1699 956
2040 32 1663 973
2040 52 1175 415
2040 71 1818 982
2040 96 1575 950
2040 98 1680 1010
2040 116 1888 1033
2040 117 1623 993
2040 120 1758 995
2040 121 1699 956
2050 32 1663 973
2050 52 1173 407
2050 71 1818 982
2050 96 1575 950
2050 98 1680 1011
2050 116 1888 1033
2050 117 1624 994
2050 120 1758 995
2050 121 1698 956
2060 32 1663 973
2060 52 1167 402
2060 71 1818 982
2060 96 1575 950
2060 98 1680 1011
2060 116 1888 1033
2060 117 1624 994
2060 120 1758 995
2060 121 1698 956
2070 32 1663 973
2070 52 1162 395
2070 71 1818 982
2070 96 1575 951
2070 98 1680 1011
2070 116 1888 1033
2070 117 1624 994
2070 120 1758 995
2070 121 1698 956
2080 32 1663 973
2080 52 1159 389
2080 71 1818 982
2080 96 1575 951
2080 98 1680 1011
2080 116 1888 1033
2080 117 1624 994
2080 120 1758 995
2080 121 1698 956
2090 32 1663 973
2090 52 1154 382
2090 71 1818 982
2090 96 1575 951
2090 98 1680 1011
2090 116 1888 1033
2090 117 1624 994
2090 120 1758 995
2090 121 1698 956
2100 32 1663 973
2100 52 1149 375
2100 71 1818 982
2100 96 1575 951
2100 98 1680 1011
2100 116 1888 1033
2100 117 1624 994
2100 120 1758 995
2100 121 1698 956
2110 32 1663 973
2110 52 1143 369
2110 71 1817 981
2110 96 1575 951
2110 98 1681 1011
2110 116 1887 1033
2110 117 1624 994
2110 120 1757 994
2110 121 1698 956
2120 32 1663 973
2120 52 1141 363
2120 71 1817 981
2120 96 1575 951
2120 98 1681 1011
2120 116 1887 1033
2120 117 1624 994
2120 120 1757 994
2120 121 1698 956
2130 32 1663 973
2130 52 1136 358
2130 71 1817 981
2130 96 1575 951
2130 98 1681 1011
2130 116 1887 1033
2130 117 1624 994
2130 120 1757 994
2130 121 1698 957
2140 32 1663 973
2140 52 1131 352
2140 71 1817 981
2140 96 1575 951
2140 98 1681 1011
2140 116 1887 1033
2140 117 1624 994
2140 120 1757 994
2140 121 1698 957
2150 32 1663 973
2150 52 1126 347
2150 71 1817 981
2150 96 1575 951
2150 98 1681 1011
2150 116 1887 1033
2150 117 1624 994
2150 120 1757 994
2150 121 1698 957
2160 32 1663 973
2160 52 1120 342
2160 71 1817 981
2160 96 1575 951
2160 98 1681 1011
2160 116 1887 1033
2160 117 1624 993
2160 120 1757 994
2160 121 1698 957
2170 32 1663 973
2170 52 1115 336
2170 71 1817 981
2170 96 1575 951
2170 98 1681 1012
2170 116 1887 1033
2170 117 1624 993
2170 120 1757 994
2170 121 1698 958
2180 32 1663 973
2180 52 1110 331
2180 71 1817 981
2180 96 1575 951
2180 98 1681 1012
2180 116 1888 1033
2180 117 1624 993
2180 120 1755 994
2180 121 1698 958
2190 32 1663 973
2190 52 1105 325
2190 71 1817 981
2190 96 1575 951
2190 98 1681 1012
2190 116 1888 1033
2190 117 1624 993
2190 120 1755 994
2190 121 1698 958
2200 32 1663 973
2200 52 1100 320
2200 71 1817 981
2200 96 1575 951
2200 98 1681 1012
2200 116 1888 1033
2200 117 1624 993
2200 120 1755 996
2200 121 1698 958
2210 32 1663 973
2210 52 1095 315
2210 71 1815 981
2210 96 1575 951
2210 98 1681 1012
2210 116 1888 1033
2210 117 1625 994
2210 120 1755 994
2210 121 1698 959
2220 32 1663 973
2220 52 1091 310
2220 71 1815 981
2220 96 1575 951
2220 98 1681 1012
2220 116 1888 1033
2220 117 1625 994
2220 120 1755 994
2220 121 1698 959
2230 32 1663 973
2230 52 1085 304
2230 71 1815 981
2230 96 1575 951
2230 98 1682 1012
2230 116 1888 1033
2230 117 1625 994
2230 120 1755 994
2230 121 1698 959
2240 32 1663 973
2240 52 1080 299
2240 71 1815 981
2240 96 1575 951
2240 98 1682 1012
2240 116 1888 1033
2240 117 1625 994
2240 120 1755 994
2240 121 1699 959
2250 32 1663 973
2250 52 1075 294
2250 71 1815 982
2250 96 1575 951
2250 98 1682 1012
2250 116 1888 1033
2250 117 1625 994
2250 120 1757 994
2250 121 1699 960
2260 32 1663 973
2260 52 1070 288
2260 71 1815 982
2260 96 1575 951
2260 98 1682 1012
2260 116 1888 1033
2260 117 1625 994
2260 120 1755 994
2260 121 1699 960
2270 32 1663 973
2270 52 1065 283
2270 71 1815 982
2270 96 1575 951
2270 98 1682 1012
2270 116 1888 1033
2270 117 1625 994
2270 120 1755 994
2270 121 1699 960
2280 32 1663 973
2280 52 1060 277
2280 71 1815 982
2280 96 1575 951
2280 98 1682 1012
2280 116 1888 1033
2280 117 1625 994
2280 120 1755 994
2280 121 1699 960
2290 32 1663 973
2290 52 1055 272
2290 71 1815 982
2290 96 1575 951
2290 98 1682 1013
2290 116 1888 1033
2290 117 1625 994
2290 120 1755 994
2290 121 1699 961
2300 32 1663 973
2300 52 1050 267
2300 71 1815 982
2300 96 1575 951
2300 98 1682 1013
2300 116 1888 1033
2300 117 1625 994
2300 120 1755 995
2300 121 1699 961
2310 32 1663 973
2310 52 1045 261
2310 71 1814 982
2310 96 1575 951
2310 98 1682 1013
2310 116 1888 1033
2310 117 1625 994
2310 120 1755 994
2310 121 1699 961
2320 32 1663 973
2320 52 1040 256
2320 71 1814 982
2320 96 1575 951
2320 98 1682 1013
2320 116 1888 1033
2320 117 1625 994
2320 120 1755 994
2320 121 1699 961
2330 32 1663 973
2330 52 1034 251
2330 71 1814 982
2330 96 1575 951
2330 98 1682 1013
2330 116 1888 1033
2330 117 1625 994
2330 120 1754 994
2330 121 1699 962
2340 32 1663 973
2340 52 1029 246
2340 71 1814 982
2340 96 1575 951
2340 98 1682 1013
2340 116 1889 1033
2340 117 1625 994
2340 120 1754 994
2340 121 1699 962
2350 32 1663 973
2350 52 1023 241
2350 71 1814 982
2350 96 1575 951
2350 98 1682 1013
2350 116 1889 1033
2350 117 1625 994
2350 120 1754 994
2350 121 1699 962
2360 32 1663 973
2360 52 1018 236
2360 71 1814 982
2360 96 1576 952
2360 98 1682 1013
2360 116 1889 1033
2360 117 1625 994
2360 120 1754 994
2360 121 1699 962
2370 32 1663 973
2370 52 1012 231
2370 71 1814 982
2370 96 1577 952
2370 98 1682 1013
2370 116 1889 1033
2370 117 1625 994
2370 120 1754 994
2370 121 1699 963
2380 32 1663 973
2380 52 1007 226
2380 71 1814 982
2380 96 1578 953
2380 98 1682 1013
2380 116 1889 1033
2380 117 1625 994
2380 120 1754 994
2380 121 1699 963
2390 32 1663 973
2390 52 1001 221
2390 71 1814 982
2390 96 1579 953
2390 98 1682 1013
2390 116 1889 1033
2390 117 1625 994
2390 120 1754 994
2390 121 1699 963
2400 32 1663 974
2400 52 996 216
2400 71 1816 983
2400 96 1580 954
2400 98 1682 1013
2400 116 1889 1033
2400 117 1625 994
2400 120 1756 995
2400 121 1700 963
2410 32 1663 974
2410 52 990 211
2410 71 1814 982
2410 96 1580 954
2410 98 1682 1013
2410 116 1889 1033
2410 117 1624 994
2410 120 1753 994
2410 121 1700 963
2420 32 1663 974
2420 52 987 206
2420 71 1814 982
2420 96 1581 955
2420 98 1683 1014
2420 116 1889 1033
2420 117 1624 995
2420 118 1895 1040
2420 120 1753 994
2420 121 1700 964
2430 32 1663 974
2430 52 983 201
2430 71 1814 982
2430 96 1582 955
2430 98 1683 1014
2430 116 1889 1033
2430 117 1624 995
2430 118 1892 1040
2430 120 1753 994
2430 121 1700 964
2440 32 1663 974
2440 52 981 196
2440 71 1814 982
2440 96 1583 956
2440 98 1683 1014
2440 116 1889 1033
2440 117 1624 995
2440 118 1884 1040
2440 120 1753 994
2440 121 1700 964
2450 32 1663 974
2450 52 977 191
2450 71 1814 982
2450 96 1584 956
2450 98 1683 1014
2450 116 1889 1033
2450 117 1623 995
2450 118 1877 1040
2450 120 1753 994
2450 121 1700 964
2460 32 1663 974
2460 52 974 185
2460 71 1814 982
2460 96 1585 957
2460 98 1683 1014
2460 116 1889 1033
2460 117 1623 995
2460 118 1869 1040
2460 120 1753 996
2460 121 1700 965
2470 32 1663 974
2470 52 971 180
2470 71 1814 982
2470 96 1586 957
2470 98 1683 1014
2470 116 1889 1033
2470 117 1622 996
2470 118 1864 1040
2470 120 1750 994
2470 121 1700 965
2480 32 1663 974
2480 52 968 175
2480 71 1814 982
2480 96 1587 958
2480 98 1683 1014
2480 116 1889 1033
2480 117 1622 996
2480 118 1861 1040
2480 120 1750 994
2480 121 1700 965
2490 32 1663 974
2490 52 964 170
2490 71 1814 982
2490 96 1588 959
2490 98 1683 1014
2490 116 1889 1033
2490 117 1621 996
2490 118 1858 1040
2490 120 1750 994
2490 121 1700 965
2500 32 1663 974
2500 52 961 165
2500 71 1814 983
2500 96 1587 959
2500 98 1683 1014
2500 116 1889 1033
2500 117 1621 996
2500 118 1857 1039
2500 120 1750 994
2500 121 1700 966
2510 32 1663 974
2510 52 958 160
2510 71 1814 983
2510 96 1586 959
2510 98 1683 1014
2510 116 1889 1033
2510 117 1621 997
2510 118 1857 1039
2510 120 1750 995
2510 121 1700 966
2520 32 1663 974
2520 52 955 155
2520 71 1814 983
2520 96 1585 959
2520 98 1683 1014
2520 116 1889 1033
2520 117 1620 996
2520 118 1856 1039
2520 120 1749 995
2520 121 1700 966
2530 32 1663 974
2530 52 951 150
2530 71 1814 983
2530 96 1584 959
2530 98 1683 1014
2530 116 1889 1033
2530 117 1620 996
2530 118 1857 1038
2530 120 1749 996
2530 121 1700 966
2540 32 1663 974
2540 52 948 145
2540 71 1814 983
2540 96 1583 959
2540 98 1684 1015
2540 116 1889 1033
2540 117 1620 997
2540 118 1857 1038
2540 120 1749 996
2540 121 1700 967
2550 32 1663 974
2550 52 945 139
2550 71 1814 983
2550 96 1582 959
2550 98 1684 1015
2550 116 1889 1033
2550 117 1619 997
2550 118 1857 1038
2550 120 1749 997
2550 121 1701 967
2560 32 1663 974
2560 52 942 134
2560 71 1813 983
2560 96 1581 959
2560 98 1684 1015
2560 116 1890 1033
2560 117 1619 997
2560 118 1857 1037
2560 120 1748 997
2560 121 1701 967
2570 32 1663 974
2570 52 939 129
2570 71 1813 983
2570 96 1580 959
2570 98 1684 1015
2570 116 1890 1033
2570 117 1619 997
2570 118 1856 1037
2570 120 1748 998
2570 121 1701 967
2580 32 1663 974
2580 52 935 124
2580 71 1813 983
2580 96 1579 959
2580 98 1684 1015
2580 116 1890 1033
2580 117 1618 998
2580 118 1857 1037
2580 120 1748 998
2580 121 1701 968
2590 32 1663 974
2590 52 932 119
2590 71 1813 983
2590 96 1578 959
2590 98 1684 1015
2590 116 1890 1033
2590 117 1618 998
2590 118 1856 1036
2590 120 1748 999
2590 121 1701 968
2600 32 1663 974
2600 52 928 115
2600 71 1813 985
2600 96 1578 959
2600 98 1684 1015
2600 116 1890 1033
2600 117 1618 998
2600 118 1857 1036
2600 120 1745 999
2600 121 1701 968
2610 32 1663 974
2610 52 925 110
2610 71 1813 985
2610 96 1577 959
2610 98 1684 1015
2610 116 1890 1033
2610 117 1617 998
2610 118 1856 1036
2610 120 1741 999
2610 121 1701 968
2620 32 1663 974
2620 52 922 106
2620 71 1813 985
2620 96 1576 959
2620 98 1684 1015
2620 116 1890 1033
2620 117 1617 998
2620 118 1856 1035
2620 120 1737 998
2620 121 1701 969
2630 32 1663 974
2630 52 918 101
2630 71 1813 985
2630 96 1575 959
2630 98 1684 1015
2630 116 1890 1033
2630 117 1616 999
2630 118 1857 1035
2630 120 1733 998
2630 121 1701 969
2640 32 1664 974
2640 52 915 97
2640 71 1813 985
2640 96 1575 959
2640 98 1684 1015
2640 116 1890 1033
2640 117 1616 999
2640 118 1856 1035
2640 120 1729 997
2640 121 1701 969
2650 32 1665 973
2650 52 912 93
2650 71 1813 984
2650 96 1575 959
2650 98 1684 1015
2650 116 1890 1033
2650 117 1615 999
2650 118 1857 1034
2650 120 1724 997
2650 121 1701 969
2660 32 1665 973
2660 52 908 88
2660 71 1813 984
2660 96 1574 959
2660 98 1683 1016
2660 116 1890 1033
2660 117 1613 1000
2660 118 1856 1034
2660 120 1720 997
2660 121 1701 970
2670 32 1666 972
2670 52 905 84
2670 71 1814 984
2670 96 1574 959
2670 98 1680 1016
2670 116 1890 1033
2670 117 1611 1001
2670 118 1856 1034
2670 120 1716 996
2670 121 1701 970
2680 32 1667 972
2680 52 901 79
2680 71 1814 984
2680 96 1574 959
2680 98 1673 1016
2680 116 1890 1033
2680 117 1608 1002
2680 118 1856 1033
2680 120 1712 996
2680 121 1701 970
2690 32 1667 972
2690 52 898 75
2690 71 1815 984
2690 96 1573 962
2690 98 1661 1016
2690 116 1890 1033
2690 117 1605 1003
2690 118 1856 1033
2690 120 1701 996
2690 121 1701 970
2700 32 1656 973
2700 52 895 70
2700 71 1815 984
2700 96 1572 965
2700 98 1636 1017
2700 116 1889 1033
2700 117 1603 1005
2700 118 1857 1033
2700 120 1688 997
2700 121 1702 971
2710 32 1637 975
2710 52 891 66
2710 71 1816 984
2710 96 1562 966
2710 98 1608 1017
2710 116 1886 1033
2710 117 1574 1005
2710 118 1836 1030
2710 120 1675 998
2710 121 1703 966
2720 32 1618 977
2720 52 888 61
2720 71 1816 984
2720 96 1544 967
2720 98 1574 1018
2720 116 1884 1033
2720 117 1545 1007
2720 118 1819 1028
2720 120 1662 999
2720 121 1694 972
2730 32 1602 980
2730 52 885 57
2730 71 1817 984
2730 96 1518 968
2730 98 1539 1018
2730 116 1867 1031
2730 117 1517 1010
2730 118 1805 1027
2730 120 1648 1002
2730 121 1682 969
2740 32 1586 983
2740 52 881 52
2740 71 1817 984
2740 96 1493 969
2740 98 1505 1019
2740 116 1849 1029
2740 117 1488 1013
2740 118 1792 1025
2740 120 1634 1005
2740 121 1663 966
2750 32 1570 987
2750 52 878 48
2750 71 1812 988
2750 96 1467 970
2750 98 1471 1019
2750 116 1831 1027
2750 117 1458 1015
2750 118 1768 1023
2750 120 1614 1008
2750 121 1627 973
2760 32 1523 994
2760 52 873 45
2760 71 1807 991
2760 74 536 1009
2760 96 1441 971
2760 98 1436 1019
2760 116 1813 1026
2760 117 1430 1015
2760 118 1746 1019
2760 120 1587 1010
2760 121 1606 973
2770 32 1498 994
2770 52 869 43
2770 71 1796 990
2770 74 562 1012
2770 96 1416 972
2770 98 1402 1020
2770 116 1795 1025
2770 117 1397 1018
2770 118 1725 1016
2770 120 1559 1011
2770 121 1590 973
2780 32 1474 994
2780 52 864 41
2780 71 1784 989
2780 74 589 1014
2780 96 1390 973
2780 98 1368 1020
2780 116 1774 1025
2780 117 1362 1018
2780 118 1703 1012
2780 120 1532 1013
2780 121 1566 974
2790 32 1449 994
2790 52 859 40
2790 71 1770 989
2790 74 615 1017
2790 96 1367 974
2790 98 1333 1021
2790 116 1753 1025
2790 117 1328 1021
2790 118 1681 1009
2790 120 1505 1015
2790 121 1537 974
2800 32 1424 994
2800 52 854 38
2800 71 1753 991
2800 74 641 1015
2800 96 1346 976
2800 98 1299 1022
2800 116 1729 1025
2800 117 1293 1021
2800 118 1662 1007
2800 120 1478 1016
2800 121 1510 977
2810 32 1399 994
2810 52 849 36
2810 71 1736 993
2810 74 665 1015
2810 96 1321 977
2810 98 1265 1027
2810 116 1707 1025
2810 117 1261 1023
2810 118 1646 1008
2810 120 1452 1020
2810 121 1481 977
2820 32 1374 994
2820 52 844 34
2820 71 1718 995
2820 74 692 1015
2820 96 1296 977
2820 98 1231 1033
2820 116 1686 1025
2820 117 1229 1023
2820 118 1630 1009
2820 120 1425 1020
2820 121 1451 977
2830 32 1349 994
2830 52 839 32
2830 71 1701 997
2830 74 716 1015
2830 96 1271 977
2830 98 1199 1033
2830 116 1659 1025
2830 117 1198 1023
2830 118 1604 1011
2830 120 1398 1020
2830 121 1425 979
2840 32 1324 996
2840 52 834 30
2840 71 1685 998
2840 74 742 1013
2840 96 1246 977
2840 98 1168 1033
2840 116 1635 1026
2840 117 1168 1023
2840 118 1579 1013
2840 120 1372 1020
2840 121 1395 979
2850 32 1299 998
2850 52 830 28
2850 71 1666 1001
2850 74 769 1012
2850 96 1221 977
2850 98 1137 1034
2850 116 1609 1027
2850 117 1136 1025
2850 118 1553 1015
2850 120 1348 1020
2850 121 1366 982
2860 32 1273 1000
2860 52 825 26
2860 71 1650 1001
2860 74 796 1009
2860 96 1196 979
2860 98 1106 1034
2860 116 1585 1027
2860 117 1103 1026
2860 118 1528 1016
2860 120 1321 1021
2860 121 1339 982
2870 32 1248 1002
2870 52 820 24
2870 71 1631 1003
2870 74 822 1007
2870 96 1171 981
2870 98 1075 1034
2870 116 1558 1029
2870 117 1069 1029
2870 118 1502 1016
2870 120 1294 1022
2870 121 1310 982
2880 32 1223 1004
2880 52 815 22
2880 71 1615 1003
2880 74 846 1005
2880 96 1146 984
2880 98 1044 1035
2880 116 1534 1030
2880 117 1035 1030
2880 118 1476 1015
2880 120 1268 1025
2880 121 1281 982
2890 32 1197 1006
2890 52 810 20
2890 71 1594 1006
2890 74 870 1005
2890 96 1121 986
2890 98 1010 1038
2890 116 1507 1030
2890 117 1002 1031
2890 118 1451 1014
2890 120 1241 1026
2890 121 1251 985
2900 32 1172 1008
2900 52 805 18
2900 71 1572 1009
2900 74 894 1005
2900 96 1096 988
2900 98 976 1041
2900 116 1481 1030
2900 117 970 1031
2900 118 1425 1014
2900 120 1217 1029
2900 121 1222 985
2910 32 1146 1010
2910 52 800 16
2910 71 1550 1011
2910 74 918 1005
2910 96 1071 990
2910 98 942 1045
2910 116 1454 1031
2910 117 938 1033
2910 118 1400 1013
2910 120 1190 1029
2910 121 1195 985
2920 32 1121 1012
2920 52 796 15
2920 71 1529 1011
2920 74 942 1005
2920 96 1047 991
2920 98 910 1044
2920 116 1427 1031
2920 117 903 1034
2920 118 1375 1013
2920 120 1164 1029
2920 121 1166 987
2930 32 1096 1014
2930 52 791 13
2930 71 1507 1014
2930 74 969 1005
2930 96 1024 992
2930 98 879 1043
2930 116 1401 1031
2930 117 871 1034
2930 118 1348 1013
2930 120 1140 1029
2930 121 1137 987
2940 32 1069 1015
2940 71 1485 1017
2940 74 996 1002
2940 96 1000 993
2940 98 848 1043
2940 116 1374 1033
2940 117 839 1035
2940 118 1323 1013
2940 120 1113 1029
2940 121 1110 987
2950 32 1041 1015
2950 71 1464 1017
2950 74 1022 1002
2950 96 976 994
2950 98 813 1044
2950 116 1353 1033
2950 117 805 1037
2950 118 1297 1012
2950 120 1089 1030
2950 121 1081 987
2960 32 1013 1015
2960 71 1440 1017
2960 74 1049 1002
2960 96 952 995
2960 98 779 1046
2960 116 1329 1033
2960 117 773 1038
2960 118 1272 1012
2960 120 1062 1030
2960 121 1051 987
2970 32 984 1015
2970 71 1417 1017
2970 74 1076 1002
2970 96 926 996
2970 98 744 1048
2970 116 1305 1033
2970 117 739 1038
2970 118 1246 1012
2970 120 1036 1030
2970 121 1025 990
2980 32 956 1015
2980 71 1393 1014
2980 74 1102 999
2980 96 900 997
2980 98 709 1050
2980 116 1278 1033
2980 117 707 1038
2980 118 1220 1013
2980 120 1009 1030
2980 121 995 990
2990 32 928 1015
2990 71 1370 1014
2990 74 1124 995
2990 96 874 998
2990 98 674 1052
2990 116 1253 1033
2990 117 674 1038
2990 118 1192 1015
2990 120 982 1030
2990 121 966 993
3000 32 900 1015
3000 71 1348 1014
3000 74 1148 993
3000 96 848 999
3000 98 641 1052
3000 116 1228 1034
3000 117 640 1039
3000 118 1167 1015
3000 120 955 1031
3000 121 937 995
3010 32 872 1015
3010 71 1321 1013
3010 72 1899 842
3010 74 1169 990
3010 96 820 1000
3010 98 609 1052
3010 116 1203 1035
3010 117 603 1038
3010 118 1142 1015
3010 120 928 1032
3010 121 907 996
3020 32 844 1015
3020 71 1297 1013
3020 72 1877 854
3020 74 1190 987
3020 96 793 1001
3020 98 577 1052
3020 116 1178 1035
3020 117 570 1038
3020 118 1117 1015
3020 120 901 1034
3020 121 880 999
3030 32 816 1015
3030 71 1273 1013
3030 72 1845 863
3030 74 1212 985
3030 96 768 1002
3030 98 547 1052
3030 116 1154 1037
3030 117 543 1039
3030 118 1091 1014
3030 120 874 1035
3030 121 854 1001
3040 32 788 1015
3040 71 1249 1013
3040 72 1814 871
3040 74 1234 982
3040 96 741 1003
3040 116 1128 1037
3040 118 1065 1013
3040 120 847 1037
3040 121 827 1004
3050 32 761 1015
3050 71 1225 1013
3050 72 1781 881
3050 74 1255 981
3050 96 715 1004
3050 116 1103 1037
3050 118 1039 1012
3050 120 819 1038
3050 121 801 1008
3060 32 734 1015
3060 71 1201 1013
3060 72 1750 890
3060 74 1277 978
3060 96 688 1004
3060 116 1078 1037
3060 118 1014 1011
3060 120 791 1039
3060 121 774 1010
3070 32 706 1015
3070 71 1177 1013
3070 72 1721 897
3070 74 1300 975
3070 96 663 1005
3070 116 1053 1037
3070 118 988 1010
3070 120 762 1040
3070 121 746 1012
3080 32 679 1016
3080 71 1151 1013
3080 72 1693 905
3080 74 1322 973
3080 96 637 1005
3080 116 1028 1037
3080 118 962 1009
3080 120 735 1041
3080 121 717 1012
3090 32 652 1016
3090 71 1127 1013
3090 72 1665 913
3090 74 1343 972
3090 96 612 1005
3090 116 1002 1035
3090 118 936 1008
3090 120 709 1042
3090 121 688 1013
3100 32 624 1016
3100 71 1103 1013
3100 72 1637 918
3100 74 1365 969
3100 96 586 1005
3100 116 976 1034
3100 118 910 1007
3100 120 682 1043
3100 121 660 1013
3110 32 597 1016
3110 71 1079 1013
3110 72 1607 926
3110 74 1386 966
3110 96 560 1005
3110 116 950 1034
3110 118 884 1007
3110 120 655 1044
3110 121 631 1014
3120 32 571 1017
3120 71 1055 1013
3120 72 1575 929
3120 74 1409 964
3120 96 534 1006
3120 116 924 1035
3120 118 857 1008
3120 120 628 1045
3120 121 602 1014
3130 32 553 1017
3130 71 1031 1013
3130 72 1542 931
3130 74 1431 964
3130 116 898 1035
3130 118 830 1008
3130 120 602 1046
3130 121 576 1013
3140 71 1007 1013
3140 72 1510 937
3140 74 1453 961
3140 116 872 1036
3140 118 803 1009
3140 120 576 1046
3140 121 556 1011
3150 71 983 1013
3150 72 1478 939
3150 74 1475 958
3150 116 846 1037
3150 118 776 1010
3150 120 552 1046
3150 121 535 1009
3160 71 958 1013
3160 72 1445 942
3160 74 1497 956
3160 116 820 1037
3160 118 749 1011
3170 71 934 1013
3170 72 1413 947
3170 74 1518 954
3170 116 794 1038
3170 118 721 1011
3180 71 910 1013
3180 72 1379 950
3180 74 1539 951
3180 116 768 1039
3180 118 694 1012
3180 126 500 875
3190 71 890 1013
3190 72 1347 953
3190 74 1561 949
3190 116 742 1040
3190 118 668 1013
3190 126 513 891
3200 71 862 1013
3200 72 1313 955
3200 74 1577 943
3200 116 716 1040
3200 118 640 1013
3200 126 528 907
3210 71 838 1013
3210 72 1277 961
3210 74 1595 938
3210 116 690 1041
3210 118 613 1013
3210 126 547 923
3220 71 814 1013
3220 72 1242 963
3220 74 1614 933
3220 116 664 1042
3220 118 583 1012
3220 126 567 939
3230 71 789 1013
3230 72 1206 966
3230 74 1630 927
3230 116 638 1043
3230 118 563 1014
3230 126 597 950
3240 71 765 1013
3240 72 1170 969
3240 74 1649 922
3240 116 612 1043
3240 118 545 1015
3240 126 627 962
3250 71 741 1013
3250 72 1135 971
3250 74 1667 917
3250 116 586 1044
3250 126 658 974
3260 71 717 1013
3260 72 1100 974
3260 74 1683 911
3260 116 560 1045
3260 126 689 985
3270 71 693 1013
3270 72 1065 977
3270 74 1702 906
3270 116 537 1044
3270 126 723 996
3280 71 669 1013
3280 72 1029 979
3280 74 1721 901
3280 126 756 1007
3290 71 645 1013
3290 72 994 982
3290 74 1739 897
3290 126 791 1021
3300 71 621 1014
3300 72 959 987
3300 74 1758 892
3300 126 827 1035
3310 71 598 1018
3310 72 926 987
3310 74 1777 880
3310 126 862 1049
3320 71 574 1021
3320 72 892 990
3320 74 1797 869
3320 126 904 1060
3330 71 546 1021
3330 72 854 993
3330 74 1821 862
3330 126 947 1072
3340 71 540 1021
3340 72 822 995
3340 74 1845 858
3350 72 790 1001
3350 74 1870 855
