0 1 637 160
0 10 1800 1017
0 28 1461 921
0 43 1715 990
10 1 621 138
10 10 1780 1014
10 28 1437 923
10 43 1703 988
20 1 606 117
20 10 1760 1011
20 28 1414 926
20 43 1693 987
30 1 594 97
30 10 1744 1008
30 28 1390 928
30 43 1682 986
40 1 581 78
40 10 1729 1005
40 28 1367 931
40 43 1672 984
50 1 570 61
50 10 1718 1003
50 28 1343 934
50 43 1661 983
60 1 559 49
60 10 1708 1003
60 28 1319 936
60 43 1650 982
70 1 548 39
70 10 1699 1003
70 28 1296 939
70 43 1647 982
80 1 539 33
80 10 1693 1002
80 28 1272 941
80 43 1646 982
90 1 523 23
90 10 1690 1002
90 28 1250 944
90 43 1645 983
100 10 1688 1002
100 28 1231 946
100 43 1644 984
110 10 1685 1002
110 28 1212 948
110 43 1643 985
110 52 1906 1007
120 10 1683 1002
120 28 1193 951
120 43 1643 985
120 52 1898 1007
130 10 1681 1001
130 28 1174 953
130 43 1644 985
130 52 1890 1006
140 10 1679 1001
140 28 1158 954
140 43 1644 984
140 52 1882 1006
150 10 1677 1001
150 28 1139 959
150 43 1645 984
150 52 1868 1005
160 10 1674 1001
160 28 1121 962
160 43 1645 984
160 52 1855 1003
170 10 1672 1000
170 28 1099 965
170 43 1646 984
170 52 1843 999
180 10 1670 1000
180 28 1083 970
180 43 1645 983
180 52 1829 995
190 10 1667 1000
190 28 1065 973
190 43 1645 982
190 52 1815 990
200 10 1665 1000
200 28 1046 975
200 43 1644 982
200 52 1801 989
210 10 1663 999
210 28 1030 978
210 43 1643 982
210 52 1791 982
220 10 1660 999
220 28 1011 978
220 43 1643 982
220 52 1782 976
230 10 1658 999
230 28 998 978
230 43 1643 981
230 52 1776 971
240 10 1656 999
240 28 982 978
240 43 1642 981
240 52 1774 971
250 10 1654 999
250 28 966 978
250 43 1641 980
250 52 1772 970
260 10 1653 999
260 28 947 978
260 43 1641 980
260 52 1771 970
270 10 1653 999
270 28 931 978
270 43 1640 980
270 52 1771 970
280 10 1653 999
280 28 918 981
280 43 1640 979
280 52 1771 970
290 10 1653 999
290 28 905 983
290 43 1639 979
290 52 1771 970
300 10 1653 999
300 28 891 986
300 43 1639 979
300 52 1771 970
310 10 1653 999
310 28 878 985
310 43 1639 978
310 52 1771 970
320 10 1653 999
320 28 866 986
320 43 1639 978
320 52 1771 970
330 10 1653 999
330 28 856 987
330 43 1639 978
330 52 1771 970
340 10 1653 1000
340 28 850 987
340 43 1639 978
340 52 1771 970
350 10 1654 1000
350 28 848 987
350 43 1639 978
350 52 1771 970
360 10 1654 1000
360 28 845 987
360 43 1639 978
360 52 1771 970
370 10 1654 1000
370 28 842 987
370 43 1639 978
370 52 1771 970
380 10 1653 1000
380 28 838 987
380 43 1639 978
380 52 1771 970
390 10 1653 1000
390 28 835 987
390 43 1639 978
390 52 1771 970
400 10 1653 1000
400 28 833 987
400 43 1639 978
400 52 1771 970
410 10 1653 1000
410 28 830 987
410 43 1639 978
410 52 1771 970
420 10 1653 1000
420 28 810 987
420 43 1639 978
420 52 1771 970
430 10 1654 1000
430 28 791 987
430 43 1639 978
430 52 1771 970
440 10 1654 1000
440 28 774 987
440 43 1639 978
440 52 1771 970
450 10 1654 1001
450 28 751 990
450 43 1639 978
450 52 1771 969
460 10 1654 1001
460 28 730 993
460 43 1639 978
460 52 1771 969
470 10 1654 1001
470 28 710 995
470 43 1639 978
470 52 1771 969
480 10 1654 1001
480 28 689 998
480 43 1639 978
480 52 1771 969
490 10 1653 1001
490 28 666 1003
490 43 1639 978
490 52 1771 969
500 10 1653 1001
500 28 646 1006
500 43 1639 978
500 52 1771 969
510 10 1653 1001
510 28 625 1009
510 43 1639 978
510 52 1771 969
520 10 1654 1001
520 28 603 1011
520 43 1639 978
520 52 1771 969
530 10 1654 1001
530 28 584 1017
530 43 1639 978
530 52 1772 969
540 10 1654 1001
540 28 568 1017
540 43 1639 978
540 52 1772 969
550 10 1654 1001
550 28 552 1019
550 43 1639 978
550 52 1772 969
560 10 1654 1001
560 28 536 1021
560 43 1639 978
560 52 1772 969
570 10 1654 1002
570 43 1639 978
570 52 1772 969
580 10 1654 1002
580 43 1639 978
580 52 1772 969
590 10 1654 1002
590 43 1639 978
590 52 1772 969
600 10 1654 1002
600 43 1639 978
600 52 1773 969
610 10 1654 1002
610 43 1639 977
610 52 1773 969
620 10 1654 1002
620 43 1639 977
620 52 1773 969
630 10 1654 1002
630 43 1639 977
630 52 1773 969
640 10 1654 1002
640 43 1639 977
640 52 1773 969
650 10 1654 1002
650 43 1639 977
650 52 1773 969
660 10 1654 1002
660 43 1639 977
660 52 1773 969
670 10 1654 1002
670 43 1639 977
670 52 1773 969
680 10 1654 1002
680 43 1639 977
680 52 1774 969
690 10 1654 1002
690 43 1639 977
690 52 1774 969
700 10 1654 1002
700 43 1639 977
700 52 1774 969
710 10 1654 1002
710 43 1639 977
710 52 1774 969
720 10 1654 1002
720 43 1639 977
720 52 1774 969
730 10 1654 1002
730 43 1639 977
730 52 1774 969
740 10 1654 1002
740 43 1639 977
740 52 1774 969
750 10 1654 1002
750 43 1641 977
750 52 1774 969
760 10 1654 1001
760 43 1641 977
760 52 1774 969
770 10 1654 1001
770 43 1641 977
770 52 1774 969
780 10 1654 1001
780 43 1641 977
780 52 1774 969
790 10 1654 1001
790 43 1641 977
790 52 1774 969
800 10 1654 1001
800 43 1641 977
800 52 1774 969
810 10 1654 1001
810 41 1901 1028
810 43 1641 977
810 52 1774 969
820 10 1654 1001
820 41 1892 1025
820 43 1641 977
820 52 1774 969
830 10 1654 1001
830 41 1880 1024
830 43 1641 977
830 52 1774 969
840 10 1654 1001
840 41 1867 1023
840 43 1641 977
840 52 1774 969
850 10 1654 1001
850 41 1853 1021
850 43 1641 977
850 52 1773 969
860 10 1654 1001
860 41 1840 1020
860 43 1641 977
860 52 1773 969
870 10 1654 1001
870 41 1827 1018
870 43 1641 977
870 52 1774 969
880 10 1654 1001
880 41 1816 1017
880 43 1641 977
880 52 1773 969
890 10 1654 1001
890 41 1807 1016
890 43 1641 977
890 52 1773 969
900 10 1654 1002
900 41 1797 1015
900 43 1642 978
900 52 1774 970
910 10 1653 1001
910 41 1787 1014
910 43 1641 977
910 52 1774 970
920 10 1653 1001
920 41 1783 1013
920 43 1641 977
920 52 1774 970
930 10 1653 1001
930 41 1783 1013
930 43 1641 977
930 52 1774 970
940 10 1653 1001
940 41 1782 1012
940 43 1641 977
940 52 1774 970
950 10 1653 1001
950 41 1782 1012
950 43 1641 977
950 52 1774 970
960 10 1653 999
960 41 1782 1012
960 43 1641 977
960 52 1774 970
970 10 1653 999
970 41 1782 1012
970 43 1641 977
970 52 1774 970
980 10 1653 999
980 41 1781 1012
980 43 1641 977
980 52 1774 970
990 10 1654 1001
990 41 1781 1012
990 43 1641 977
990 52 1774 970
1000 10 1654 1001
1000 41 1781 1011
1000 43 1641 978
1000 52 1774 970
1010 10 1654 1000
1010 41 1781 1011
1010 43 1641 977
1010 52 1774 970
1020 10 1654 1000
1020 41 1781 1011
1020 43 1641 977
1020 52 1774 970
1030 10 1654 1000
1030 41 1781 1011
1030 43 1641 977
1030 52 1774 970
1040 10 1654 1000
1040 41 1781 1011
1040 43 1641 977
1040 52 1774 970
1050 10 1654 1000
1050 41 1781 1011
1050 43 1642 977
1050 52 1774 970
1060 10 1654 1000
1060 41 1780 1011
1060 43 1642 977
1060 52 1774 970
1070 10 1655 999
1070 41 1780 1010
1070 43 1642 977
1070 52 1774 970
1080 10 1655 999
1080 41 1780 1010
1080 43 1642 977
1080 52 1774 970
1090 10 1655 999
1090 41 1780 1010
1090 43 1642 977
1090 52 1774 970
1100 10 1655 999
1100 41 1780 1010
1100 43 1642 978
1100 52 1774 970
1110 10 1655 999
1110 41 1780 1010
1110 43 1642 977
1110 52 1774 970
1120 10 1655 998
1120 41 1780 1010
1120 43 1642 977
1120 52 1774 970
1130 10 1655 998
1130 41 1780 1010
1130 43 1642 977
1130 52 1774 970
1140 10 1655 998
1140 41 1778 1009
1140 43 1642 977
1140 52 1774 970
1150 10 1657 999
1150 41 1776 1009
1150 43 1642 977
1150 52 1774 970
1160 10 1657 999
1160 41 1774 1009
1160 43 1642 977
1160 52 1774 970
1170 10 1657 998
1170 41 1772 1009
1170 43 1642 977
1170 52 1774 970
1180 10 1657 998
1180 41 1770 1009
1180 43 1642 977
1180 52 1774 970
1190 10 1657 998
1190 41 1768 1009
1190 43 1642 977
1190 52 1774 970
1200 10 1657 998
1200 41 1766 1008
1200 43 1643 978
1200 52 1774 970
1210 10 1657 998
1210 41 1764 1008
1210 43 1642 978
1210 52 1774 970
1220 10 1657 998
1220 41 1762 1008
1220 43 1642 978
1220 52 1774 970
1230 10 1657 999
1230 41 1759 1008
1230 43 1642 978
1230 52 1773 970
1240 10 1657 999
1240 41 1757 1008
1240 43 1642 978
1240 52 1773 969
1250 10 1657 999
1250 41 1756 1008
1250 43 1642 978
1250 52 1773 970
1260 10 1656 1000
1260 41 1754 1008
1260 43 1642 978
1260 52 1773 970
1270 10 1656 1000
1270 41 1754 1007
1270 43 1642 978
1270 52 1773 970
1280 10 1656 1000
1280 41 1754 1007
1280 43 1641 979
1280 52 1773 970
1290 10 1656 1000
1290 41 1754 1007
1290 43 1641 979
1290 52 1773 969
1300 10 1656 1000
1300 41 1754 1007
1300 43 1641 979
1300 52 1773 970
1310 10 1656 1000
1310 41 1754 1007
1310 43 1641 979
1310 52 1773 969
1320 10 1656 1000
1320 41 1754 1007
1320 43 1641 979
1320 52 1773 970
1330 10 1655 1000
1330 41 1754 1007
1330 43 1641 979
1330 52 1773 969
1340 10 1655 1001
1340 41 1754 1007
1340 43 1641 979
1340 52 1773 969
1350 10 1655 1001
1350 41 1754 1007
1350 43 1641 981
1350 52 1773 969
1360 10 1654 1000
1360 41 1754 1007
1360 43 1641 981
1360 52 1773 969
1370 10 1654 1000
1370 41 1754 1007
1370 43 1641 981
1370 52 1773 969
1380 10 1654 1001
1380 41 1755 1007
1380 43 1641 981
1380 52 1773 969
1390 10 1654 1001
1390 41 1755 1007
1390 43 1641 981
1390 52 1773 969
1400 10 1654 1001
1400 41 1755 1007
1400 43 1641 981
1400 52 1773 969
1410 10 1654 1001
1410 41 1755 1007
1410 43 1641 981
1410 52 1772 969
1420 10 1654 1001
1420 41 1755 1007
1420 43 1639 982
1420 52 1772 969
1430 10 1653 1001
1430 41 1755 1007
1430 43 1635 982
1430 52 1773 969
1440 10 1653 1001
1440 41 1755 1007
1440 43 1633 982
1440 52 1773 969
1450 10 1653 1001
1450 41 1755 1007
1450 43 1634 981
1450 52 1772 969
1460 10 1653 1002
1460 41 1755 1007
1460 43 1634 980
1460 52 1772 969
1470 10 1653 1002
1470 41 1755 1007
1470 43 1634 980
1470 52 1772 969
1480 10 1653 1002
1480 41 1755 1007
1480 43 1634 979
1480 52 1772 969
1490 10 1653 1002
1490 41 1755 1007
1490 43 1634 978
1490 52 1772 969
