0 1 759 592
10 1 758 591
10 16 1213 373
20 1 758 591
20 16 1207 380
30 1 758 591
30 16 1201 381
40 1 758 591
40 16 1195 384
50 1 757 591
50 16 1189 386
60 1 757 591
60 16 1182 390
70 1 757 591
70 16 1175 393
80 1 758 592
80 16 1170 396
90 1 759 592
90 16 1163 399
100 1 760 592
100 16 1156 401
110 1 761 592
110 16 1149 404
120 1 762 591
120 16 1142 406
130 1 763 590
130 16 1135 409
140 1 764 590
140 16 1130 411
150 1 765 589
150 16 1125 414
160 1 767 589
160 16 1120 416
170 1 769 589
170 16 1116 419
180 1 774 593
180 16 1111 421
190 1 776 594
190 16 1106 423
200 1 780 593
200 16 1099 426
210 1 784 592
210 16 1057 442
220 1 784 592
220 16 1051 445
230 1 784 592
230 16 1045 448
240 1 784 592
240 16 1038 452
250 1 784 592
250 16 1032 456
260 1 784 592
260 16 1026 460
270 1 784 592
270 16 1021 464
280 1 784 592
280 16 1015 469
290 1 784 592
290 16 1007 473
300 1 784 592
300 16 999 476
310 1 785 592
310 16 990 479
320 1 785 592
320 16 981 482
330 1 786 592
330 16 972 485
340 1 787 592
340 16 964 489
350 1 788 592
350 16 955 493
360 1 791 592
360 16 946 497
370 1 795 592
370 16 937 501
380 1 797 593
380 16 927 505
390 1 799 592
390 16 918 509
400 1 803 591
400 16 908 514
410 1 806 590
410 16 898 518
420 1 808 590
420 16 888 523
430 1 811 589
430 16 875 528
440 1 814 587
440 16 863 534
450 1 816 585
450 16 850 539
460 1 818 584
460 16 839 545
470 1 821 583
470 16 821 550
480 1 825 580
480 16 803 556
490 1 830 578
490 16 787 562
500 1 837 577
500 16 772 569
510 1 844 577
510 16 758 575
520 1 852 577
520 16 743 582
530 1 861 575
530 16 728 589
540 1 871 571
540 16 715 597
550 1 882 571
550 16 703 605
560 1 895 571
560 16 690 613
570 1 908 569
570 16 677 622
580 1 920 573
580 16 664 634
590 1 928 572
590 16 650 646
600 1 933 567
600 16 637 658
610 1 936 562
610 16 620 668
620 1 936 560
620 16 601 677
630 1 936 560
630 16 583 686
640 1 938 564
640 16 562 695
650 1 942 566
650 16 537 702
660 16 513 707
670 16 487 714
