0 4 1053 373
10 4 1052 373
20 4 1052 373
30 4 1052 373
40 4 1050 373
50 4 1048 373
60 4 1047 373
70 4 1047 373
80 4 1049 374
90 4 1050 375
100 4 1051 376
110 4 1051 375
120 4 1051 375
130 4 1051 375
140 4 1052 375
150 4 1048 374
160 4 1044 373
170 4 1042 373
180 4 1040 373
190 4 1040 373
200 4 1040 373
210 4 1040 374
220 4 1040 373
230 4 1040 373
240 4 1040 373
250 4 1040 373
260 4 1040 373
270 4 1040 373
280 4 1040 373
290 4 1040 373
300 4 1040 373
310 4 1040 373
320 4 1041 373
330 4 1042 374
340 4 1045 374
350 4 1049 374
360 4 1055 376
370 4 1057 376
380 4 1060 376
390 4 1059 376
400 4 1055 374
410 4 1051 374
420 4 1049 374
430 4 1052 375
440 4 1056 376
450 4 1061 376
460 4 1067 377
470 4 1072 378
480 4 1078 380
490 4 1085 383
500 4 1090 383
500 5 326 710
500 6 387 706
510 4 1095 383
510 5 321 706
510 6 380 703
520 4 1102 391
520 5 316 702
520 6 371 700
530 4 1106 394
530 5 311 698
530 6 364 697
540 4 1108 395
540 5 309 694
540 6 364 694
550 4 1111 396
550 5 306 691
550 6 363 690
560 4 1114 397
560 5 303 687
560 6 362 687
570 4 1114 398
570 5 300 684
570 6 363 684
580 4 1114 399
580 5 297 681
580 6 364 681
590 4 1114 400
590 5 297 677
590 6 365 678
600 4 1116 404
600 5 299 672
600 6 364 671
610 4 1119 403
610 5 302 667
610 6 364 665
620 4 1124 405
620 5 304 661
620 6 364 659
630 4 1129 405
630 5 307 656
630 6 363 652
640 4 1133 405
640 5 310 651
640 6 363 646
650 4 1140 403
650 5 313 645
650 6 363 640
660 4 1145 403
660 5 316 640
660 6 363 634
670 4 1152 403
670 5 316 634
670 6 361 629
680 4 1158 403
680 5 316 628
680 6 359 625
690 4 1164 403
690 5 316 621
690 6 358 620
700 4 1167 402
700 5 317 616
700 6 356 616
710 4 1173 402
710 5 317 610
710 6 355 611
720 4 1178 401
720 5 317 606
720 6 354 607
730 4 1184 401
730 5 317 601
730 6 354 602
740 4 1190 401
740 5 317 596
740 6 353 598
750 4 1195 396
750 5 317 591
750 6 353 593
760 4 1201 392
760 5 318 587
760 6 354 589
770 5 318 582
770 6 355 584
780 5 319 578
780 6 356 580
790 5 322 573
790 6 357 575
790 7 1213 708
800 5 326 568
800 6 356 569
800 7 1202 703
810 5 330 564
810 6 361 566
810 7 1183 699
820 5 334 559
820 6 366 564
820 7 1174 695
830 5 338 555
830 6 373 557
830 7 1167 690
840 5 345 551
840 6 379 554
840 7 1163 687
850 5 352 548
850 6 385 552
850 7 1163 683
860 5 359 545
860 6 391 549
860 7 1163 677
870 5 367 542
870 6 397 546
870 7 1165 670
880 5 374 539
880 6 403 544
880 7 1169 663
890 5 380 536
890 6 409 541
890 7 1173 657
900 5 387 534
900 6 416 538
900 7 1177 650
910 5 394 531
910 6 422 535
910 7 1182 646
920 5 401 528
920 6 429 532
920 7 1187 641
930 5 408 526
930 6 436 530
930 7 1192 636
940 5 415 523
940 6 442 527
940 7 1197 632
950 5 422 521
950 6 449 525
950 7 1202 627
960 5 429 518
960 6 457 522
960 7 1207 623
970 5 435 515
970 6 464 520
970 7 1212 618
980 5 442 513
980 6 471 518
980 7 1217 613
990 5 449 510
990 6 479 516
990 7 1222 609
