0 46 1228 325
0 47 9 386
0 48 1199 632
10 46 1224 324
10 47 16 384
10 48 1205 622
20 46 1220 323
20 47 24 383
20 48 1212 615
30 46 1216 323
30 47 34 383
30 48 1218 608
40 46 1211 324
40 47 44 382
40 48 1225 599
50 46 1206 325
50 47 54 381
50 48 1232 593
60 46 1202 325
60 47 64 380
60 48 1240 587
70 46 1198 325
70 47 74 380
70 48 1248 581
80 46 1193 325
80 47 84 381
80 48 1255 576
90 46 1188 325
90 47 92 382
90 48 1260 570
100 46 1184 324
100 47 102 383
100 48 1264 563
110 46 1179 324
110 47 112 382
110 48 1267 558
120 46 1174 324
120 47 122 381
120 48 1269 554
130 46 1170 324
130 47 131 380
130 48 1272 552
140 46 1166 325
140 47 141 378
150 46 1161 325
150 47 151 376
160 46 1157 325
160 47 160 374
170 46 1153 325
170 47 169 373
180 46 1148 325
180 47 178 373
190 46 1144 325
190 47 185 373
200 46 1139 325
200 47 193 373
210 46 1135 325
210 47 199 374
220 46 1130 326
220 47 206 375
230 46 1125 326
230 47 212 377
240 46 1120 326
240 47 212 377
250 46 1115 326
250 47 212 377
260 46 1110 325
260 47 212 377
270 46 1104 325
270 47 214 377
280 46 1087 325
280 47 220 382
290 46 1082 325
290 47 219 381
300 46 1077 325
300 47 218 380
310 46 1072 325
310 47 219 380
320 46 1066 324
320 47 220 381
330 46 1061 324
330 47 221 381
340 46 1055 324
340 47 221 382
350 46 1050 324
350 47 219 382
360 46 1044 324
360 47 218 382
370 46 1039 324
370 47 217 382
380 46 1033 325
380 47 218 382
390 46 1027 325
390 47 221 382
400 46 1021 326
400 47 224 382
410 46 1016 326
410 47 226 381
420 46 1011 325
420 47 224 381
430 46 1006 325
430 47 222 381
440 46 1001 325
440 47 220 381
450 46 996 325
450 47 219 380
460 46 991 325
460 47 218 380
470 46 986 325
470 47 217 380
480 46 981 325
480 47 217 380
490 46 976 325
490 47 220 381
500 46 971 326
500 47 223 382
510 46 966 326
510 47 226 384
520 46 961 326
520 47 231 388
530 46 957 326
530 47 236 392
540 46 952 326
540 47 246 392
550 46 947 326
550 47 254 393
550 54 1271 517
560 46 942 326
560 47 261 393
560 54 1271 520
570 46 937 326
570 47 267 392
570 54 1271 522
580 46 931 326
580 47 272 391
580 54 1269 525
590 46 926 326
590 47 274 391
590 54 1268 527
600 46 921 327
600 47 274 391
600 54 1267 529
610 46 916 327
610 47 275 391
610 54 1265 531
620 46 911 328
620 47 275 391
620 54 1261 533
630 46 907 328
630 47 276 391
630 54 1258 535
640 46 902 328
640 47 276 391
640 54 1254 538
650 46 897 329
650 47 276 391
650 54 1252 540
650 55 1273 539
660 46 892 329
660 47 276 391
660 54 1251 542
660 55 1272 543
670 46 887 329
670 47 273 390
670 54 1249 544
670 55 1271 547
680 46 883 330
680 47 269 390
680 54 1247 547
680 55 1270 551
690 46 877 329
690 47 270 390
690 54 1246 550
690 55 1268 553
700 46 871 329
700 47 271 390
700 54 1244 552
700 55 1266 555
710 46 866 329
710 47 271 390
710 54 1242 554
710 55 1263 558
720 46 861 329
720 47 271 390
720 54 1239 557
720 55 1261 560
730 46 855 329
730 47 270 390
730 54 1236 559
730 55 1257 563
740 46 850 329
740 47 270 390
740 54 1232 561
740 55 1254 566
750 46 844 329
750 47 273 390
750 54 1229 563
750 55 1250 569
760 46 838 329
760 47 275 390
760 54 1226 566
760 55 1248 572
770 46 833 329
770 47 277 390
770 54 1223 568
770 55 1245 575
780 46 827 329
780 47 277 390
780 54 1221 571
780 55 1242 577
790 46 821 329
790 47 277 391
790 54 1219 575
790 55 1239 580
800 46 815 329
800 47 275 392
800 54 1217 579
800 55 1237 583
810 46 808 329
810 47 271 393
810 54 1215 582
810 55 1234 586
810 56 1273 538
820 46 802 329
820 47 267 394
820 54 1213 586
820 55 1232 589
820 56 1271 540
830 46 795 330
830 47 263 394
830 54 1210 589
830 55 1230 592
830 56 1269 542
840 46 789 330
840 47 259 395
840 54 1208 592
840 55 1227 595
840 56 1267 543
850 46 782 330
850 47 254 396
850 54 1205 595
850 55 1225 597
850 56 1265 545
860 46 775 330
860 47 250 397
860 54 1203 598
860 55 1222 600
860 56 1262 546
870 46 769 330
870 47 244 397
870 54 1200 602
870 55 1220 603
870 56 1259 548
880 46 762 330
880 47 238 398
880 54 1197 605
880 55 1217 607
880 56 1255 552
890 46 756 330
890 47 232 398
890 54 1194 609
890 55 1213 611
890 56 1252 555
900 46 749 330
900 47 224 400
900 54 1192 612
900 55 1210 615
900 56 1249 557
900 58 1212 376
910 46 743 330
910 47 215 401
910 54 1189 615
910 55 1207 619
910 56 1245 558
910 58 1208 378
920 46 737 330
920 47 207 403
920 54 1186 618
920 55 1204 622
920 56 1241 562
920 58 1205 381
930 46 731 330
930 47 198 404
930 54 1183 621
930 55 1201 625
930 56 1238 565
930 58 1201 382
940 46 725 331
940 47 188 404
940 54 1180 625
940 55 1197 629
940 56 1234 568
940 58 1197 384
950 46 718 331
950 47 179 404
950 54 1176 627
950 55 1194 632
950 56 1231 571
950 58 1194 386
960 46 712 331
960 47 169 404
960 54 1172 629
960 55 1192 636
960 56 1227 574
960 58 1190 387
970 46 706 331
970 47 159 404
970 54 1168 631
970 55 1189 639
970 56 1222 577
970 58 1186 388
980 46 699 331
980 47 149 404
980 54 1164 634
980 55 1187 642
980 56 1218 580
980 58 1183 389
990 46 692 331
990 47 138 405
990 54 1160 637
990 55 1185 646
990 56 1213 584
990 58 1180 391
1000 46 685 331
1000 47 128 405
1000 54 1155 641
1000 55 1181 650
1000 56 1210 587
1000 58 1176 393
1010 46 678 331
1010 47 118 401
1010 54 1151 645
1010 55 1177 654
1010 56 1206 591
1010 58 1173 395
1020 46 671 331
1020 47 108 396
1020 54 1147 650
1020 55 1172 658
1020 56 1203 594
1020 58 1169 397
1030 46 664 331
1030 47 96 393
1030 54 1142 654
1030 55 1168 663
1030 56 1200 597
1030 58 1164 399
1040 46 657 331
1040 47 85 391
1040 54 1138 659
1040 55 1164 668
1040 56 1197 601
1040 58 1160 401
1050 46 650 331
1050 47 75 391
1050 54 1134 664
1050 55 1160 673
1050 56 1194 605
1050 58 1156 403
1060 46 642 331
1060 47 65 391
1060 54 1130 669
1060 55 1156 678
1060 56 1192 608
1060 58 1153 405
1070 46 634 331
1070 47 55 391
1070 54 1127 675
1070 55 1151 682
1070 56 1189 611
1070 58 1150 407
1080 46 627 332
1080 47 45 392
1080 54 1122 680
1080 55 1146 685
1080 56 1184 616
1080 58 1148 408
1090 46 619 331
1090 47 35 393
1090 54 1118 685
1090 55 1141 688
1090 56 1179 620
1090 58 1145 411
1100 46 612 330
1100 47 25 395
1100 54 1114 687
1100 55 1135 690
1100 56 1174 624
1100 58 1142 413
1110 46 604 330
1110 47 16 396
1110 54 1110 688
1110 55 1130 692
1110 56 1169 626
1110 58 1138 416
1120 46 597 330
1120 47 6 396
1120 54 1105 690
1120 55 1124 694
1120 56 1164 629
1120 58 1135 419
1130 46 590 330
1130 54 1099 692
1130 55 1119 696
1130 56 1159 632
1130 58 1132 421
1140 46 582 330
1140 54 1094 695
1140 55 1116 698
1140 56 1154 636
1140 58 1130 424
1150 46 575 330
1150 54 1088 697
1150 55 1112 700
1150 56 1149 640
1150 58 1127 426
1160 46 568 330
1160 54 1082 699
1160 55 1108 702
1160 56 1144 644
1160 58 1123 428
1170 46 560 330
1170 54 1077 702
1170 55 1103 705
1170 56 1139 649
1170 58 1120 429
1180 46 553 330
1180 54 1072 704
1180 55 1098 708
1180 56 1134 654
1180 58 1116 431
1190 46 546 330
1190 54 1067 706
1190 55 1092 710
1190 56 1130 660
1190 58 1111 433
1200 46 538 330
1200 54 1062 708
1200 55 1086 712
1200 56 1126 665
1200 58 1106 435
1210 46 531 330
1210 54 1054 712
1210 56 1122 671
1210 58 1101 438
1220 46 523 330
1220 56 1118 678
1220 58 1096 441
1230 46 517 330
1230 56 1112 681
1230 58 1090 444
