0 0 677 636
0 10 706 269
0 11 1086 289
0 12 803 313
0 13 1157 661
0 14 1190 665
10 0 673 641
10 10 705 268
10 11 1084 289
10 12 797 311
10 13 1157 661
10 14 1190 665
20 0 673 645
20 10 703 271
20 11 1083 289
20 12 792 309
20 13 1157 661
20 14 1190 665
30 0 674 649
30 10 699 269
30 11 1081 289
30 12 787 309
30 13 1157 661
30 14 1190 665
40 0 681 655
40 10 699 269
40 11 1079 289
40 12 780 309
40 13 1157 661
40 14 1190 665
50 0 683 658
50 10 696 268
50 11 1079 289
50 12 773 311
50 13 1157 661
50 14 1190 665
60 0 691 664
60 10 694 269
60 11 1077 289
60 12 766 310
60 13 1157 661
60 14 1190 665
70 0 700 668
70 10 692 269
70 11 1076 289
70 12 761 309
70 13 1157 661
70 14 1190 665
80 0 707 672
80 10 690 270
80 11 1074 289
80 12 756 310
80 13 1157 661
80 14 1190 665
90 0 708 676
90 10 687 271
90 11 1074 289
90 12 748 310
90 13 1157 661
90 14 1190 665
100 0 708 680
100 10 683 269
100 11 1072 289
100 12 743 310
100 13 1157 661
100 14 1190 665
110 0 709 682
110 10 682 269
110 11 1070 289
110 12 736 310
110 13 1157 661
110 14 1190 665
120 0 706 684
120 10 679 269
120 11 1070 289
120 12 731 310
120 13 1157 661
120 14 1190 665
130 0 699 685
130 10 677 271
130 11 1074 291
130 12 724 310
130 13 1157 661
130 14 1190 665
140 0 693 688
140 10 673 270
140 11 1074 291
140 12 718 311
140 13 1157 661
140 14 1190 665
150 0 675 692
150 10 668 272
150 11 1074 291
150 12 706 310
150 13 1157 661
150 14 1190 665
160 0 669 694
160 10 667 271
160 11 1072 290
160 12 701 310
160 13 1157 661
160 14 1190 665
170 0 663 695
170 10 662 273
170 11 1067 290
170 12 693 310
170 13 1157 661
170 14 1190 665
180 0 654 700
180 10 661 271
180 11 1061 289
180 12 686 310
180 13 1157 661
180 14 1190 665
190 0 650 703
190 10 659 272
190 11 1061 289
190 12 678 310
190 13 1157 661
190 14 1190 665
200 0 649 706
200 10 655 272
200 11 1058 289
200 12 673 307
200 13 1157 661
200 14 1190 665
210 0 647 709
210 10 651 272
210 11 1054 289
210 12 668 305
210 13 1157 661
210 14 1190 665
220 10 648 273
220 11 1051 289
220 12 660 310
220 13 1157 661
220 14 1190 665
230 10 646 273
230 11 1049 291
230 12 653 305
230 13 1157 661
230 14 1190 665
240 10 644 273
240 11 1045 291
240 12 649 303
240 13 1157 661
240 14 1190 665
250 10 642 274
250 11 1042 291
250 12 638 303
250 13 1157 661
250 14 1190 665
260 10 640 274
260 11 1040 291
260 12 635 301
260 13 1157 661
260 14 1190 665
270 10 637 274
270 11 1036 291
270 12 627 299
270 13 1157 661
270 14 1190 665
280 10 634 275
280 11 1035 291
280 12 623 299
280 13 1157 661
280 14 1190 665
290 10 634 275
290 11 1031 291
290 12 617 298
290 13 1157 661
290 14 1190 665
300 10 628 276
300 11 1029 293
300 12 610 297
300 13 1157 661
300 14 1190 665
310 10 627 275
310 11 1026 293
310 12 602 300
310 13 1157 661
310 14 1190 665
320 10 624 276
320 11 1022 293
320 12 599 301
320 13 1157 661
320 14 1190 665
330 10 621 276
330 11 1020 293
330 12 593 300
330 13 1157 661
330 14 1190 665
340 10 621 276
340 11 1017 293
340 12 586 300
340 13 1157 661
340 14 1190 665
350 10 615 275
350 11 1015 293
350 12 581 301
350 13 1157 661
350 14 1190 665
360 10 612 276
360 11 1012 293
360 12 574 307
360 13 1157 661
360 14 1190 665
370 10 610 277
370 11 1010 295
370 12 568 309
370 13 1157 661
370 14 1190 665
380 10 606 277
380 11 1006 293
380 12 564 307
380 13 1157 661
380 14 1190 665
390 10 601 277
390 11 1003 293
390 12 558 307
390 13 1157 661
390 14 1190 665
400 10 597 276
400 11 999 293
400 12 553 307
400 13 1157 661
400 14 1190 665
410 10 595 277
410 11 996 293
410 12 546 307
410 13 1157 661
410 14 1190 665
420 10 592 277
420 11 994 293
420 12 540 308
420 13 1157 661
420 14 1190 665
430 10 587 277
430 11 990 291
430 12 535 308
430 13 1157 661
430 14 1190 665
440 10 584 278
440 11 987 291
440 12 528 308
440 13 1157 661
440 14 1190 665
450 10 582 279
450 11 983 291
450 12 523 308
450 13 1157 661
450 14 1190 665
460 10 579 279
460 11 980 291
460 12 517 308
460 13 1157 661
460 14 1190 665
470 10 576 278
470 11 978 291
470 12 510 309
470 13 1157 661
470 14 1190 665
480 10 574 277
480 11 974 289
480 12 505 309
480 13 1157 661
480 14 1190 665
490 10 571 277
490 11 971 289
490 12 500 309
490 13 1157 661
490 14 1190 665
500 10 564 275
500 11 967 289
500 12 492 309
500 13 1157 661
500 14 1190 665
510 10 563 275
510 11 964 289
510 12 487 309
510 13 1157 661
510 14 1190 665
520 10 562 275
520 11 962 289
520 12 482 310
520 13 1157 661
520 14 1190 665
530 10 557 275
530 11 958 288
530 12 475 309
530 13 1157 661
530 14 1190 665
540 10 557 275
540 11 956 288
540 12 469 309
540 13 1157 661
540 14 1190 665
550 10 556 273
550 11 953 288
550 12 462 309
550 13 1157 661
550 14 1190 665
560 10 551 274
560 11 951 288
560 12 457 310
560 13 1157 661
560 14 1190 665
570 10 547 274
570 11 948 288
570 12 450 310
570 13 1157 661
570 14 1190 665
580 10 547 274
580 11 946 288
580 12 443 310
580 13 1157 661
580 14 1190 665
590 10 546 276
590 11 944 288
590 12 437 310
590 13 1157 661
590 14 1190 665
600 10 540 275
600 11 942 288
600 12 430 310
600 13 1157 661
600 14 1190 665
610 10 536 278
610 11 942 288
610 12 423 310
610 13 1157 661
610 14 1190 665
620 10 530 283
620 11 940 288
620 12 418 310
620 13 1157 661
620 14 1190 665
630 10 528 283
630 11 940 288
630 12 410 310
630 13 1157 661
630 14 1190 665
640 10 525 283
640 11 939 288
640 12 403 310
640 13 1157 661
640 14 1190 665
650 10 521 284
650 11 939 288
650 12 396 310
650 13 1157 661
650 14 1190 665
660 10 516 284
660 11 937 288
660 12 388 310
660 13 1157 661
660 14 1190 665
670 10 516 284
670 11 937 288
670 12 381 310
670 13 1157 661
670 14 1190 665
680 10 512 284
680 11 935 288
680 12 374 310
680 13 1157 661
680 14 1190 665
690 10 508 286
690 11 935 288
690 12 366 310
690 13 1157 661
690 14 1190 665
700 10 505 286
700 11 933 288
700 12 359 310
700 13 1157 661
700 14 1190 665
710 10 501 286
710 11 933 288
710 12 352 310
710 13 1157 661
710 14 1190 665
720 10 495 288
720 11 932 288
720 12 345 310
720 13 1157 661
720 14 1190 665
730 10 495 288
730 11 932 289
730 12 338 310
730 13 1157 661
730 14 1190 665
740 10 487 288
740 11 932 288
740 12 331 312
740 13 1157 661
740 14 1190 665
750 10 485 287
750 11 932 288
750 12 324 312
750 13 1157 661
750 14 1190 665
760 10 483 287
760 11 931 288
760 12 317 312
760 13 1157 661
760 14 1190 665
770 10 479 287
770 11 929 288
770 12 309 312
770 13 1157 661
770 14 1190 665
780 10 474 287
780 11 928 288
780 12 302 314
780 13 1157 661
780 14 1190 665
790 10 470 288
790 11 927 288
790 12 295 314
790 13 1157 661
790 14 1190 665
800 10 465 288
800 11 925 288
800 12 288 314
800 13 1157 661
800 14 1190 665
810 10 462 288
810 11 924 288
810 12 281 314
810 13 1157 661
810 14 1190 665
820 10 458 288
820 11 922 288
820 12 274 316
820 13 1157 661
820 14 1190 665
830 10 454 288
830 11 927 288
830 12 267 316
830 13 1157 661
830 14 1190 665
840 10 448 285
840 11 929 287
840 12 260 316
840 13 1157 661
840 14 1190 665
850 10 444 285
850 11 931 287
850 12 254 317
850 13 1147 661
850 14 1190 665
860 10 439 288
860 11 933 287
860 12 247 319
860 13 1147 661
860 14 1190 665
870 10 436 293
870 11 935 286
870 12 242 323
870 13 1147 661
870 14 1190 665
880 4 1268 519
880 10 432 293
880 11 937 286
880 12 233 321
880 13 1144 658
880 14 1190 665
890 4 1265 522
890 10 428 293
890 11 940 286
890 12 226 319
890 13 1149 657
890 14 1190 665
900 4 1263 525
900 10 425 293
900 11 942 286
900 12 219 317
900 13 1149 657
900 14 1190 665
910 4 1262 527
910 10 421 293
910 11 942 286
910 12 210 316
910 13 1149 657
910 14 1190 665
920 4 1262 529
920 10 418 293
920 11 942 286
920 12 203 314
920 13 1149 657
920 14 1190 665
930 4 1258 531
930 10 414 293
930 11 942 287
930 12 196 312
930 13 1149 657
930 14 1190 665
940 4 1257 536
940 10 412 295
940 11 939 288
940 12 189 312
940 13 1149 657
940 14 1190 665
950 4 1253 538
950 10 407 295
950 11 939 288
950 12 180 312
950 13 1149 657
950 14 1190 665
960 4 1244 540
960 10 404 295
960 11 939 288
960 12 171 312
960 13 1149 657
960 14 1190 665
970 4 1246 543
970 10 398 295
970 11 938 285
970 12 164 312
970 13 1152 661
970 14 1190 665
980 4 1242 546
980 10 395 295
980 11 936 285
980 12 155 314
980 13 1152 661
980 14 1190 665
990 4 1242 546
990 10 391 297
990 11 936 285
990 12 148 314
990 13 1153 660
990 14 1190 665
1000 4 1237 549
1000 10 386 297
1000 11 936 285
1000 12 139 314
1000 13 1153 660
1000 14 1190 665
1010 4 1234 554
1010 10 382 297
1010 11 942 285
1010 12 132 316
1010 13 1153 660
1010 14 1190 665
1020 4 1229 557
1020 10 377 297
1020 11 945 288
1020 12 123 316
1020 13 1153 660
1020 14 1190 665
1030 4 1229 562
1030 10 373 299
1030 11 945 288
1030 12 116 316
1030 13 1153 660
1030 14 1190 665
1040 4 1226 565
1040 10 370 299
1040 11 945 288
1040 12 107 317
1040 13 1153 660
1040 14 1190 665
1050 4 1220 566
1050 10 364 299
1050 11 951 284
1050 12 100 317
1050 13 1153 660
1050 14 1190 665
1060 4 1221 570
1060 10 361 299
1060 11 951 284
1060 12 91 317
1060 13 1153 661
1060 14 1190 665
1070 4 1215 574
1070 10 357 301
1070 11 953 284
1070 12 84 319
1070 13 1153 661
1070 14 1187 665
