0 38 952 56
0 40 970 58
0 41 961 63
10 38 954 57
10 40 973 58
10 41 964 63
20 38 957 58
20 40 977 59
20 41 967 63
30 38 961 59
30 40 981 60
30 41 970 63
40 38 964 59
40 40 984 60
40 41 973 63
50 38 968 60
50 40 988 61
50 41 976 64
60 38 972 61
60 40 992 62
60 41 979 64
70 38 976 61
70 40 995 62
70 41 982 64
80 38 980 62
80 40 999 63
80 41 985 64
90 38 984 62
90 40 1003 64
90 41 988 65
100 38 988 63
100 40 1006 64
100 41 991 65
110 38 992 64
110 40 1010 65
110 41 994 65
120 38 997 64
120 40 1014 66
120 41 997 65
130 38 1002 64
130 40 1017 66
130 41 1001 66
140 38 1008 65
140 40 1021 67
140 41 1004 66
150 38 1013 66
150 40 1025 68
150 41 1007 66
160 38 1018 67
160 40 1028 68
160 41 1010 66
170 38 1024 67
170 40 1032 69
170 41 1013 67
180 38 1029 68
180 40 1036 70
180 41 1017 67
190 38 1034 69
190 40 1041 71
190 41 1022 68
200 38 1038 70
200 40 1045 72
200 41 1026 68
210 38 1042 70
210 40 1049 72
210 41 1031 69
220 38 1047 71
220 40 1054 73
220 41 1035 70
230 38 1051 72
230 40 1058 74
230 41 1040 70
240 38 1056 73
240 40 1063 75
240 41 1044 71
250 38 1061 73
250 40 1067 76
250 41 1049 72
260 38 1066 74
260 40 1071 77
260 41 1053 72
270 38 1071 75
270 40 1076 78
270 41 1058 73
280 38 1076 76
280 40 1081 78
280 41 1064 74
290 38 1081 77
290 40 1086 79
290 41 1069 75
300 38 1086 78
300 40 1091 80
300 41 1074 76
310 38 1091 78
310 40 1096 80
310 41 1078 77
320 38 1096 79
320 40 1101 81
320 41 1081 78
330 38 1101 80
330 40 1106 81
330 41 1085 79
340 38 1106 81
340 40 1111 82
340 41 1089 80
350 38 1112 82
350 40 1116 82
350 41 1093 80
360 38 1117 82
360 40 1121 83
360 41 1097 81
370 38 1122 83
370 40 1126 83
370 41 1101 82
380 38 1127 84
380 40 1131 84
380 41 1105 83
390 38 1132 85
390 40 1136 84
390 41 1108 84
400 38 1137 85
400 40 1141 85
400 41 1112 84
410 38 1143 86
410 40 1146 85
410 41 1116 85
420 38 1149 86
420 40 1151 86
420 41 1120 86
430 38 1157 87
430 40 1156 87
430 41 1124 87
440 38 1165 87
440 40 1161 87
440 41 1128 87
450 38 1173 87
450 40 1166 88
450 41 1131 88
460 38 1181 87
460 40 1171 88
460 41 1135 89
470 38 1189 87
470 40 1176 89
470 41 1139 90
480 35 1576 428
480 38 1196 87
480 40 1181 89
480 41 1143 91
490 35 1579 432
490 38 1204 87
490 40 1187 89
490 41 1147 92
500 35 1581 434
500 38 1211 87
500 40 1192 89
500 41 1151 92
510 35 1582 436
510 38 1216 86
510 40 1198 88
510 41 1155 93
520 35 1583 438
520 38 1221 85
520 40 1204 87
520 41 1158 94
530 35 1591 443
530 38 1226 84
530 40 1210 87
530 41 1163 94
540 35 1599 449
540 38 1231 83
540 40 1215 86
540 41 1168 94
550 35 1605 451
550 38 1236 82
550 40 1221 85
550 41 1174 93
560 35 1613 457
560 38 1240 81
560 40 1226 84
560 41 1179 93
570 35 1610 457
570 38 1245 80
570 40 1231 83
570 41 1184 92
580 35 1607 457
580 38 1250 79
580 40 1236 83
580 41 1190 92
590 35 1605 457
590 38 1256 78
590 40 1241 82
590 41 1195 92
600 35 1602 459
600 38 1263 78
600 40 1245 81
600 41 1200 91
610 35 1605 459
610 38 1269 78
610 40 1250 80
610 41 1205 91
620 35 1610 459
620 38 1277 78
620 40 1255 79
620 41 1212 89
630 35 1618 460
630 38 1283 78
630 40 1260 78
630 41 1218 88
640 35 1627 461
640 38 1289 77
640 40 1265 77
640 41 1224 87
650 35 1635 462
650 38 1294 76
650 40 1270 76
650 41 1230 86
660 35 1644 463
660 38 1299 76
660 40 1275 75
660 41 1235 85
670 35 1653 465
670 38 1304 74
670 40 1280 74
670 41 1241 84
680 35 1661 466
680 38 1309 73
680 40 1285 73
680 41 1246 83
690 35 1678 475
690 38 1314 72
690 40 1291 72
690 41 1252 82
700 35 1698 507
700 38 1319 71
700 40 1297 72
700 41 1257 82
710 35 1718 522
710 38 1324 70
710 40 1303 71
710 41 1263 81
720 35 1729 538
720 38 1330 69
720 40 1310 70
720 41 1268 80
730 35 1734 549
730 38 1335 68
730 40 1316 69
730 41 1272 79
740 35 1742 557
740 38 1341 67
740 40 1322 69
740 41 1276 79
750 35 1750 565
750 38 1347 66
750 40 1328 68
750 41 1281 78
760 35 1745 576
760 38 1353 66
760 40 1334 67
760 41 1285 78
770 35 1734 587
770 38 1358 64
770 40 1341 67
770 41 1290 77
780 35 1725 598
780 38 1362 63
780 40 1345 66
780 41 1294 76
790 35 1714 609
790 38 1367 62
790 40 1350 66
790 41 1299 76
800 35 1703 619
800 41 1303 75
810 35 1694 633
810 41 1308 75
820 35 1691 633
820 41 1312 74
830 35 1691 633
830 41 1317 74
840 35 1689 633
840 41 1322 73
850 35 1689 633
850 41 1327 72
860 35 1686 635
860 41 1332 72
870 35 1686 635
870 41 1337 71
880 35 1683 635
880 41 1342 71
890 35 1683 635
890 41 1351 71
900 35 1683 638
910 35 1665 638
920 35 1646 641
930 35 1627 646
940 35 1606 650
950 35 1585 660
960 35 1564 673
970 35 1541 685
980 35 1511 696
990 35 1482 708
1000 35 1452 719
1010 35 1420 731
1020 35 1389 743
1030 35 1357 756
1040 35 1327 772
1050 35 1296 787
1060 35 1258 804
1070 35 1217 821
1080 35 1175 839
1090 35 1133 855
1100 35 1091 867
1110 35 1044 889
1120 35 994 911
1130 35 940 932
1140 35 887 953
1150 35 832 975
1160 35 772 989
1170 35 708 999
1180 35 636 1007
1190 35 565 1017
1200 34 19 303
1200 35 496 1028
1210 34 45 304
1210 35 424 1039
1220 34 69 304
1220 35 348 1051
1230 34 93 304
1230 35 271 1062
1240 34 117 304
1250 34 143 301
1260 34 173 301
1270 34 202 298
1280 34 231 296
1290 34 261 293
1300 34 290 290
1310 34 317 288
1320 34 343 282
1330 34 373 280
1340 34 399 274
1350 34 426 272
1360 34 453 269
1370 34 477 266
1380 34 501 264
1390 34 525 261
1400 34 549 258
1410 34 570 256
1420 34 589 253
1430 34 607 250
1440 34 629 248
1450 34 645 243
1460 34 663 241
1470 34 681 239
1480 34 699 237
1490 34 718 235
1500 34 736 233
1510 34 754 231
1520 34 772 229
1530 34 790 227
1540 34 808 226
1550 34 823 224
1560 34 839 221
1570 34 855 218
1580 34 871 216
1590 34 887 213
1600 34 903 210
1610 34 919 210
1620 34 935 208
1630 34 951 205
1640 34 967 202
1650 34 983 202
1660 34 997 202
1670 34 1010 202
1680 34 1023 202
1690 34 1037 202
1700 34 1050 202
1710 34 1061 202
1720 34 1071 202
1730 34 1079 202
1740 34 1093 205
1750 34 1106 205
1760 34 1119 208
1770 34 1135 208
1780 34 1146 210
1790 34 1157 210
1800 34 1167 213
1810 34 1175 213
1820 34 1185 216
1830 34 1193 217
1840 34 1204 218
1850 34 1213 219
1860 34 1221 222
1870 21 1069 12
1870 34 1226 222
1880 21 1064 14
1880 22 1073 15
1880 34 1231 225
1890 21 1059 16
1890 22 1067 18
1890 34 1237 225
1900 21 1054 17
1900 22 1061 20
1900 34 1242 225
1910 13 16 629
1910 21 1049 19
1910 22 1054 22
1910 34 1247 227
1920 13 73 629
1920 20 1072 16
1920 21 1044 21
1920 22 1049 23
1920 34 1253 230
1930 13 165 629
1930 20 1067 18
1930 21 1039 21
1930 22 1044 24
1930 34 1255 233
1940 13 262 622
1940 20 1061 19
1940 21 1034 22
1940 22 1039 24
1940 34 1261 233
1950 13 365 613
1950 20 1056 21
1950 21 1030 22
1950 22 1035 25
1950 34 1263 235
1960 13 456 602
1960 20 1050 23
1960 21 1025 23
1960 22 1030 25
1960 34 1269 238
1970 13 547 591
1970 20 1045 25
1970 21 1020 24
1970 22 1025 26
1970 34 1269 238
1980 13 627 572
1980 20 1040 25
1980 21 1015 24
1980 22 1020 26
1980 34 1269 238
1990 13 706 552
1990 20 1036 26
1990 21 1010 25
1990 22 1015 26
1990 34 1269 238
2000 13 782 535
2000 20 1031 26
2000 21 1005 25
2000 22 1009 27
2000 34 1269 238
2010 13 851 522
2010 20 1026 27
2010 21 1001 26
2010 22 1004 27
2010 34 1269 238
2020 13 919 509
2020 20 1021 27
2020 21 996 26
2020 22 999 27
2020 34 1269 238
2030 13 985 497
2030 20 1016 27
2030 21 991 26
2030 22 993 28
2030 34 1269 238
2040 13 1045 488
2040 20 1011 27
2040 21 986 26
2040 22 988 28
2040 34 1269 238
2050 13 1105 480
2050 20 1006 27
2050 21 981 26
2050 22 982 28
2050 34 1269 238
2060 13 1157 471
2060 20 1001 28
2060 21 976 26
2060 22 977 29
2060 34 1269 238
2070 13 1197 463
2070 20 996 28
2070 21 971 26
2070 22 972 29
2070 34 1269 238
2080 13 1237 455
2080 20 991 28
2080 21 966 27
2080 22 966 29
2080 34 1269 238
2090 13 1277 449
2090 20 986 28
2090 21 961 27
2090 22 961 29
2090 34 1269 238
2100 10 731 18
2100 13 1319 446
2100 20 981 28
2100 21 956 27
2100 22 956 30
2100 34 1269 238
2110 10 731 17
2110 13 1363 451
2110 20 977 29
2110 21 951 27
2110 22 951 30
2110 34 1270 237
2120 10 734 17
2120 13 1411 445
2120 20 972 29
2120 21 946 27
2120 22 947 31
2120 34 1271 236
2130 10 734 17
2130 13 1467 455
2130 20 967 29
2130 21 941 27
2130 22 942 31
2130 34 1273 236
2140 10 737 17
2140 13 1519 477
2140 20 962 30
2140 21 936 27
2140 22 937 31
2140 34 1275 234
2150 10 737 17
2150 13 1567 493
2150 20 957 30
2150 21 931 28
2150 22 932 32
2150 34 1277 234
2160 10 739 16
2160 13 1615 511
2160 20 952 30
2160 21 926 29
2160 22 928 32
2160 34 1278 233
2170 10 742 16
2170 13 1666 543
2170 20 947 31
2170 21 921 29
2170 22 923 33
2170 34 1282 233
2180 10 742 16
2180 13 1701 570
2180 20 942 31
2180 21 916 30
2180 22 918 33
2180 34 1282 227
2190 10 745 16
2190 13 1738 602
2190 20 937 31
2190 21 911 31
2190 22 913 33
2190 34 1282 222
2200 10 745 16
2200 13 1765 639
2200 20 932 32
2200 21 906 32
2200 22 909 34
2200 34 1290 230
2210 10 747 14
2210 13 1795 686
2210 20 927 32
2210 21 901 33
2210 22 904 35
2210 34 1293 244
2220 10 750 14
2220 13 1827 729
2220 20 922 32
2220 21 896 34
2220 22 899 35
2220 34 1303 246
2230 10 750 14
2230 13 1849 777
2230 20 917 33
2230 21 891 34
2230 22 895 36
2230 34 1298 246
2240 10 753 14
2240 13 1873 838
2240 20 912 33
2240 21 886 35
2240 22 891 36
2240 34 1295 246
2250 10 753 14
2250 13 1890 916
2250 20 906 34
2250 21 880 36
2250 22 887 37
2250 34 1293 246
2260 10 758 14
2260 20 901 34
2260 21 875 36
2260 22 883 37
2260 34 1290 246
2270 10 763 14
2270 20 896 34
2270 21 870 37
2270 22 877 38
2270 34 1287 246
2280 10 771 14
2280 20 890 35
2280 21 866 37
2280 22 871 38
2280 34 1287 249
2290 10 779 14
2290 20 885 35
2290 21 861 38
2290 22 865 39
2290 34 1282 244
2300 10 785 14
2300 20 880 36
2300 21 856 38
2300 22 859 39
2300 34 1289 246
2310 10 793 14
2310 20 875 36
2310 21 851 39
2310 22 853 40
2310 34 1294 246
2320 10 798 14
2320 20 869 37
2320 21 846 39
2320 22 847 40
2320 34 1286 246
2330 10 806 14
2330 20 864 38
2330 21 841 40
2330 22 841 41
2330 34 1281 246
2340 20 859 38
2340 21 836 40
2340 22 835 41
2340 34 1278 243
2350 10 817 17
2350 20 854 38
2350 21 831 41
2350 22 829 42
2350 34 1270 246
2360 20 849 39
2360 21 826 41
2360 22 823 42
2360 34 1267 241
2370 20 843 39
2370 21 822 42
2370 22 816 42
2370 34 1267 238
2380 20 838 40
2380 21 817 42
2380 22 810 43
2380 34 1262 238
2390 20 833 40
2390 21 812 43
2390 22 804 43
2390 34 1249 226
2400 20 827 41
2400 21 806 43
2400 22 798 44
2400 34 1244 226
2410 20 822 41
2410 21 801 44
2410 22 792 44
2420 20 817 42
2420 21 796 44
2420 22 786 44
2430 20 812 43
2430 21 791 45
2430 22 780 45
2440 20 806 43
2440 21 785 44
2440 22 774 45
2450 20 800 43
2450 21 780 44
2450 22 768 45
2460 20 794 43
2460 21 775 44
2460 22 762 46
2470 20 789 43
2470 21 769 44
2470 22 756 46
2480 20 783 43
2480 21 764 44
2480 22 750 46
2490 20 778 43
2490 21 759 44
2490 22 744 47
2500 20 772 43
2500 21 753 44
2500 22 738 47
2510 20 766 43
2510 21 748 44
2510 22 732 47
2520 20 760 43
2520 21 743 44
2520 22 726 47
2530 20 755 44
2530 21 737 44
2530 22 720 48
2540 20 749 44
2540 21 732 44
2540 22 714 48
2550 20 743 44
2550 21 727 44
2550 22 708 48
2560 20 737 44
2560 21 721 44
2560 22 702 49
2570 20 732 45
2570 21 716 44
2570 22 696 49
2580 20 726 45
2580 21 711 44
2580 22 690 49
2590 20 720 45
2590 21 705 44
2590 22 683 50
2600 20 714 45
2600 21 700 44
2600 22 676 51
2610 20 709 46
2610 21 693 45
2610 22 668 51
2620 20 703 46
2620 21 686 45
2620 22 660 52
2630 20 697 46
2630 21 680 46
2630 22 653 52
2640 20 691 46
2640 21 673 47
2640 22 645 53
2650 11 216 1064
2650 20 686 47
2650 21 667 48
2650 22 638 54
2660 11 247 1046
2660 20 679 47
2660 21 660 48
2660 22 630 54
2670 11 273 1043
2670 20 673 48
2670 21 654 49
2670 22 622 54
2680 11 302 1039
2680 20 667 49
2680 21 647 49
2680 22 615 55
2690 11 334 1033
2690 20 661 50
2690 21 641 50
2690 22 607 56
2700 11 363 1025
2700 20 655 51
2700 21 634 50
2700 22 600 57
2710 11 365 1024
2710 20 648 51
2710 21 628 51
2710 22 592 57
2720 11 365 1025
2720 20 642 52
2720 21 621 51
2720 22 584 54
2730 11 363 1027
2730 20 635 52
2730 21 614 52
2730 22 575 54
2740 11 361 1030
2740 20 629 52
2740 21 607 52
2740 22 566 54
2750 11 345 1032
2750 20 622 53
2750 21 599 53
2750 22 558 54
2760 11 321 1035
2760 20 616 53
2760 21 592 53
2760 22 549 55
2770 11 295 1039
2770 20 609 54
2770 21 587 51
2770 22 541 55
2780 11 261 1037
2780 20 603 54
2780 21 579 51
2780 22 532 55
2790 11 247 1037
2790 20 596 55
2790 21 574 51
2790 22 524 56
2800 11 223 1045
2800 20 590 55
2800 21 566 51
2800 22 515 56
2810 11 199 1054
2810 20 583 56
2810 21 561 51
2810 22 507 56
2820 11 159 1055
2820 20 577 56
2820 21 553 51
2820 22 498 56
2830 11 117 1059
2830 20 571 57
2830 21 547 51
2830 22 489 55
2840 11 98 1061
2840 20 564 57
2840 21 539 51
2840 22 481 53
2850 20 556 57
2850 21 531 51
2850 22 472 52
2860 20 549 57
2860 21 523 51
2860 22 464 52
2870 20 542 57
2870 21 515 51
2870 22 457 52
2880 20 533 57
2880 21 507 51
2880 22 450 52
2890 20 525 60
2890 21 499 51
2890 22 442 52
2900 20 517 60
2900 21 491 51
2900 22 435 52
2910 20 511 60
2910 21 483 51
2910 22 428 52
2920 20 503 60
2920 21 475 51
2920 22 421 53
2930 20 498 60
2930 21 467 51
2930 22 410 53
2940 20 493 60
2940 21 459 51
2940 22 399 53
2950 20 485 60
2950 21 454 51
2950 22 388 52
2960 20 477 60
2960 21 443 51
2960 22 376 50
2970 20 469 60
2970 21 435 51
2970 22 367 50
2980 20 461 60
2980 21 425 51
2980 22 358 50
2990 20 453 60
2990 21 416 51
2990 22 350 50
3000 20 445 60
3000 21 408 51
3000 22 341 51
3010 20 437 57
3010 21 401 51
3010 22 330 51
3020 20 429 57
3020 21 394 52
3020 22 322 51
3030 20 419 54
3030 21 387 52
3030 22 319 53
3040 20 413 54
3040 21 380 52
3040 22 316 53
3050 20 408 54
3050 21 373 53
3050 22 314 53
3060 20 402 54
3060 21 366 53
3060 22 311 53
3070 20 397 54
3070 21 360 52
3070 22 309 54
3080 20 391 54
3080 21 355 52
3080 22 307 55
3090 20 386 54
3090 21 350 52
3090 22 305 55
3100 20 380 54
3100 21 345 52
3100 22 302 56
3110 20 374 54
3110 21 340 52
3110 22 300 56
3120 20 369 54
3120 21 335 52
3120 22 298 57
3130 20 363 54
3130 21 330 52
3130 22 296 58
3140 20 356 54
3140 21 325 52
3140 22 292 58
3150 20 350 54
3150 21 320 52
3150 22 289 58
3160 20 345 54
3160 21 315 53
3160 22 285 58
3170 20 339 54
3170 21 310 54
3170 22 282 58
3180 20 333 55
3180 21 305 55
3180 22 279 58
3190 20 327 55
3190 21 300 56
3190 22 278 58
3200 20 321 56
3200 21 298 56
3200 22 277 59
3210 20 315 56
3210 21 296 56
3210 22 277 60
3220 20 310 56
3220 21 295 56
3220 22 276 61
3230 20 305 56
3230 21 293 56
3230 22 275 62
3240 20 301 57
3240 21 292 56
3240 22 274 62
3250 20 297 58
3250 21 291 56
3250 22 272 63
3260 20 294 59
3260 21 289 56
3260 22 271 63
3270 20 292 59
3270 21 288 56
3270 22 269 64
3280 20 291 59
3280 21 287 57
3280 22 268 64
3290 20 290 58
3290 21 286 57
3290 22 266 64
3300 20 290 58
3300 21 286 57
3300 22 265 65
3310 20 290 58
3310 21 285 57
3310 22 263 65
3320 20 289 58
3320 21 284 58
3320 22 262 66
3330 20 289 58
3330 21 284 58
3330 22 262 66
3340 2 1375 72
3340 8 1901 378
3340 20 288 58
3340 21 283 58
3340 22 262 66
3350 2 1369 69
3350 8 1889 370
3350 20 288 58
3350 21 282 58
3350 22 262 67
3360 2 1362 65
3360 8 1863 357
3360 20 287 59
3360 21 282 59
3360 22 262 67
3370 2 1356 64
3370 8 1838 346
3370 20 286 60
3370 21 281 59
3370 22 262 67
3380 2 1349 65
3380 8 1817 341
3380 20 285 61
3380 21 280 59
3380 22 261 69
3380 30 1360 65
3390 2 1342 65
3390 8 1794 333
3390 20 284 62
3390 21 280 59
3390 22 257 71
3390 30 1352 66
3400 2 1335 65
3400 8 1773 327
3400 20 283 63
3400 21 277 60
3400 22 253 73
3400 30 1344 67
3410 2 1328 66
3410 8 1751 319
3410 20 279 65
3410 21 274 61
3410 22 249 75
3410 30 1335 68
3420 2 1322 66
3420 8 1730 314
3420 20 276 67
3420 21 272 62
3420 22 244 77
3420 30 1328 69
3430 2 1315 67
3430 8 1708 306
3430 20 272 69
3430 21 269 63
3430 22 239 79
3430 30 1320 69
3440 2 1308 68
3440 8 1687 301
3440 20 268 71
3440 21 265 65
3440 22 235 81
3440 30 1313 70
3450 2 1299 69
3450 8 1666 293
3450 20 265 73
3450 21 262 67
3450 22 230 83
3450 30 1306 71
3460 2 1290 71
3460 8 1645 287
3460 20 261 74
3460 21 258 69
3460 22 224 85
3460 30 1299 72
3470 2 1281 73
3470 8 1629 281
3470 20 256 75
3470 21 253 72
3470 22 219 87
3470 30 1292 73
3480 2 1273 74
3480 8 1610 273
3480 20 253 76
3480 21 248 75
3480 22 214 89
3480 30 1284 74
3490 2 1266 76
3490 8 1591 268
3490 20 248 78
3490 21 244 77
3490 22 208 91
3490 30 1276 75
3500 2 1258 77
3500 8 1575 261
3500 20 244 79
3500 21 241 78
3500 22 200 91
3500 30 1268 76
