0 14 350 355
10 14 350 354
20 14 350 354
30 14 350 354
40 14 350 354
50 14 350 354
60 14 350 354
70 14 350 354
80 14 350 354
90 14 350 354
100 14 350 354
110 14 350 354
120 14 350 354
130 14 350 354
140 14 350 354
150 14 350 354
160 14 350 354
170 14 350 354
180 14 350 354
190 14 350 354
200 14 350 354
210 14 350 354
220 14 350 354
230 14 350 354
240 14 350 354
250 14 350 354
260 14 350 354
270 14 350 354
280 14 350 354
290 14 350 354
300 14 350 354
310 14 350 354
320 14 350 354
330 14 350 354
340 14 350 354
350 14 350 354
360 14 350 354
370 14 350 354
380 14 350 354
390 14 350 354
400 14 350 354
410 14 350 354
420 14 350 354
430 14 350 354
440 14 350 354
450 14 350 354
460 14 350 354
470 14 350 354
480 14 350 354
490 14 350 354
500 14 350 354
510 14 350 354
520 14 350 354
530 14 350 354
540 14 350 354
550 14 350 354
560 14 350 354
570 14 350 354
580 14 350 354
590 14 350 354
600 14 350 354
610 14 350 354
620 0 1074 365
620 14 350 354
630 0 1069 361
630 14 349 355
640 0 1065 359
640 14 349 355
650 0 1062 358
650 14 349 355
660 0 1055 356
660 14 349 355
670 0 1048 356
670 14 349 355
680 0 1040 358
680 14 349 355
690 0 1033 359
690 14 349 355
700 0 1028 361
700 14 349 355
710 0 1024 365
710 14 349 355
720 0 1020 368
720 14 349 355
730 0 1019 368
730 14 349 355
740 0 1019 370
740 14 349 355
750 0 1017 371
750 14 349 355
760 0 1017 373
760 14 349 355
770 0 1019 373
770 14 349 355
780 0 1020 373
780 14 349 355
790 0 1024 373
790 14 349 355
800 0 1026 373
800 14 349 355
810 0 1029 374
810 14 349 355
820 0 1033 374
820 14 349 355
830 0 1036 376
830 14 349 355
840 0 1040 378
840 14 349 355
850 0 1044 380
850 14 349 355
860 0 1049 382
860 14 348 355
870 0 1049 382
870 14 348 355
880 0 1049 382
880 14 348 355
890 0 1049 382
890 14 348 355
900 0 1049 382
900 14 348 355
910 0 1049 382
910 14 348 355
920 0 1049 382
920 14 348 355
930 0 1049 382
930 14 348 355
940 0 1049 382
940 14 348 355
950 0 1049 382
950 14 348 355
960 0 1049 382
960 14 348 355
970 0 1049 382
970 14 348 355
980 0 1049 382
980 14 348 355
990 0 1049 382
990 14 348 355
1000 0 1049 382
1000 14 348 355
1010 0 1049 382
1010 14 348 355
1020 0 1049 382
1020 14 348 355
1030 0 1049 382
1030 14 348 355
1040 0 1049 382
1040 14 348 355
1050 0 1049 382
1050 14 348 355
1060 0 1049 382
1060 14 348 355
1070 0 1049 382
1070 14 348 355
1080 0 1049 382
1080 14 348 355
1090 0 1049 382
1090 14 348 354
1100 0 1049 382
1100 14 348 354
1110 0 1049 382
1110 14 348 354
1120 0 1049 382
1120 14 348 354
1130 0 1049 382
1130 14 348 354
1140 0 1049 382
1140 14 348 354
1150 0 1049 382
1150 14 348 354
1160 0 1049 382
1160 6 1073 710
1160 14 348 354
1170 0 1049 382
1170 6 1080 707
1170 14 349 354
1180 0 1049 382
1180 6 1086 704
1180 14 349 354
1190 0 1049 382
1190 6 1091 702
1190 14 349 354
1200 0 1049 382
1200 6 1097 699
1200 14 349 354
1210 0 1049 382
1210 6 1102 696
1210 14 349 354
1220 0 1049 382
1220 6 1107 694
1220 14 349 354
1230 0 1049 382
1230 6 1112 691
1230 14 349 354
1240 0 1049 382
1240 6 1117 688
1240 14 349 354
1250 0 1049 382
1250 6 1123 685
1250 14 350 354
1260 0 1049 382
1260 6 1129 681
1260 14 350 354
1270 0 1049 382
1270 6 1134 679
1270 14 350 354
1280 0 1049 382
1280 6 1139 674
1280 14 350 354
