0 1 1003 283
0 2 1152 658
0 3 1188 664
10 1 1002 283
10 2 1152 656
10 3 1186 662
20 1 1002 283
20 2 1154 656
20 3 1186 662
30 1 1001 283
30 2 1154 656
30 3 1184 662
40 1 1001 283
40 2 1156 656
40 3 1184 662
50 1 1000 283
50 2 1156 656
50 3 1182 662
60 1 1000 283
60 2 1157 656
60 3 1182 662
70 1 1000 283
70 2 1159 655
70 3 1180 662
80 1 998 282
80 2 1159 655
80 3 1180 662
90 1 996 282
90 2 1161 655
90 3 1179 662
100 1 993 282
100 2 1161 655
100 3 1179 662
110 1 991 282
110 2 1163 655
110 3 1177 662
110 5 1261 604
120 1 990 282
120 2 1165 655
120 3 1177 662
120 5 1247 603
120 6 1267 612
130 1 988 282
130 2 1165 655
130 3 1177 661
130 5 1233 603
130 6 1257 610
140 1 985 281
140 2 1165 655
140 3 1177 661
140 5 1219 605
140 6 1243 608
150 1 983 281
150 2 1166 655
150 3 1177 661
150 5 1207 605
150 6 1232 609
160 1 980 281
160 2 1166 655
160 3 1177 661
160 5 1195 606
160 6 1220 609
170 1 978 281
170 2 1167 655
170 3 1177 661
170 5 1182 607
170 6 1211 610
180 1 975 280
180 2 1168 655
180 3 1177 661
180 5 1173 608
180 6 1202 612
190 1 973 280
190 2 1168 655
190 3 1177 661
190 5 1167 610
190 6 1194 613
200 1 971 280
200 2 1169 655
200 3 1177 661
200 5 1160 612
200 6 1188 616
210 1 969 280
210 2 1170 655
210 3 1177 661
210 5 1153 613
210 6 1181 620
220 1 966 279
220 2 1170 655
220 3 1177 661
220 5 1147 616
220 6 1175 623
230 1 963 279
230 2 1171 655
230 3 1177 661
230 5 1140 620
230 6 1169 626
240 1 960 279
240 2 1171 656
240 3 1177 661
240 5 1134 625
240 6 1162 630
250 1 957 279
250 2 1172 656
250 3 1177 661
250 5 1129 629
250 6 1156 633
260 1 955 279
260 2 1173 656
260 3 1177 661
260 5 1126 633
260 6 1154 636
270 1 952 278
270 2 1173 656
270 3 1177 661
270 5 1123 636
270 6 1152 639
280 1 950 278
280 2 1174 656
280 3 1177 661
280 5 1120 641
280 6 1149 642
290 1 947 278
290 2 1174 656
290 3 1177 661
290 5 1116 646
290 6 1147 645
300 1 945 277
300 2 1175 656
300 3 1177 661
300 5 1112 650
300 6 1144 648
310 1 942 277
310 2 1175 656
310 3 1177 661
310 5 1108 654
310 6 1142 652
320 1 939 277
320 2 1175 656
320 3 1177 661
320 5 1105 659
320 6 1140 657
330 1 936 277
330 2 1175 656
330 3 1177 661
330 5 1103 664
330 6 1139 662
340 1 933 277
340 2 1175 656
340 3 1177 661
340 5 1102 669
340 6 1140 667
350 1 930 277
350 2 1175 656
350 3 1177 661
350 5 1102 676
350 6 1140 672
360 1 927 277
360 2 1176 656
360 3 1177 661
360 5 1101 679
360 6 1136 679
370 1 925 277
370 2 1176 656
370 3 1177 661
370 5 1101 682
370 6 1133 682
380 1 923 277
380 2 1176 656
380 3 1177 661
380 5 1100 685
380 6 1129 686
390 1 923 277
390 2 1176 656
390 3 1177 661
390 5 1097 687
390 6 1126 689
400 1 923 277
400 2 1176 656
400 3 1177 661
400 5 1092 689
400 6 1124 691
410 1 923 277
410 2 1176 656
410 3 1177 661
410 5 1087 691
410 6 1121 692
420 1 924 277
420 2 1176 657
420 3 1177 661
420 5 1082 693
420 6 1118 694
430 1 922 277
430 2 1176 657
430 3 1177 661
430 5 1078 695
430 6 1115 696
440 1 920 277
440 2 1176 657
440 3 1177 661
440 5 1073 698
440 6 1112 698
440 10 5 667
450 1 919 277
450 2 1176 657
450 3 1177 661
450 5 1070 701
450 6 1108 701
450 10 18 672
460 1 917 277
460 2 1176 657
460 3 1177 661
460 5 1066 704
460 6 1104 704
460 10 32 668
470 1 916 277
470 2 1176 657
470 3 1177 661
470 5 1063 708
470 6 1100 707
470 10 45 663
480 1 914 277
480 2 1177 656
480 3 1177 661
480 5 1061 710
480 6 1096 710
480 10 58 657
490 1 913 277
490 2 1177 656
490 3 1177 661
490 5 1058 713
490 6 1091 712
490 10 70 650
500 1 913 277
500 2 1177 656
500 3 1177 661
500 5 1055 715
500 6 1086 714
500 10 84 644
510 1 913 277
510 2 1177 655
510 3 1177 661
510 10 99 637
520 1 913 277
520 2 1176 654
520 3 1177 661
520 10 113 631
530 1 913 277
530 2 1176 654
530 3 1177 661
530 10 122 625
540 1 913 277
540 2 1176 654
540 3 1177 661
540 10 130 618
550 1 913 277
550 2 1176 653
550 3 1177 661
550 10 154 612
560 1 912 277
560 2 1176 653
560 3 1177 660
560 10 166 607
570 1 912 277
570 2 1176 653
570 3 1177 660
570 10 178 602
580 1 912 277
580 2 1176 653
580 3 1177 660
580 10 190 598
590 1 912 277
590 2 1176 653
590 3 1177 660
590 10 200 593
600 1 912 277
600 2 1176 653
600 3 1177 660
600 10 212 589
610 1 912 277
610 2 1176 653
610 3 1177 660
610 10 225 585
620 1 912 277
620 2 1176 653
620 3 1177 660
620 10 239 582
630 1 912 278
630 2 1176 653
630 3 1177 660
630 10 252 579
640 1 913 278
640 2 1176 653
640 3 1177 660
640 10 266 576
650 1 913 279
650 2 1176 653
650 3 1177 660
650 10 280 574
650 13 1214 375
660 1 913 279
660 2 1176 653
660 3 1177 660
660 10 295 572
660 13 1212 376
670 1 913 279
670 2 1176 653
670 3 1177 660
670 10 309 569
670 13 1210 378
680 1 913 279
680 2 1176 653
680 3 1177 660
680 10 323 567
680 13 1208 377
690 1 914 280
690 2 1177 653
690 3 1177 660
690 10 337 564
690 13 1206 381
700 1 915 280
700 2 1177 653
700 3 1177 660
700 10 349 561
700 13 1204 381
710 1 918 280
710 2 1177 653
710 3 1177 660
710 10 359 557
710 13 1203 382
720 1 920 280
720 2 1177 653
720 3 1177 660
720 10 369 554
720 13 1201 383
730 1 922 280
730 2 1177 653
730 3 1177 660
730 10 379 550
730 13 1198 384
740 1 925 281
740 2 1177 653
740 3 1177 660
740 10 390 546
740 13 1196 385
750 1 928 281
750 2 1177 653
750 3 1177 660
750 10 402 544
750 13 1195 386
760 1 930 281
760 2 1177 653
760 3 1177 660
760 10 414 541
760 13 1192 387
770 1 933 282
770 2 1177 653
770 3 1177 660
770 10 426 539
770 13 1190 388
780 1 935 282
780 2 1177 653
780 3 1177 660
780 10 439 538
780 13 1188 389
790 1 938 282
790 2 1177 653
790 3 1177 660
790 10 454 537
790 13 1187 391
800 1 941 282
800 2 1177 653
800 3 1177 660
800 10 469 535
800 13 1184 391
810 1 943 282
810 2 1177 653
810 3 1177 660
810 10 483 534
810 13 1182 392
820 1 946 283
820 2 1177 653
820 3 1177 660
820 10 497 532
820 13 1180 394
830 1 948 283
830 2 1177 653
830 3 1177 660
830 10 506 530
830 13 1178 396
830 15 1248 308
840 1 950 283
840 2 1177 653
840 3 1177 660
840 10 515 528
840 13 1175 396
840 15 1244 308
850 1 951 283
850 2 1177 653
850 3 1177 660
850 10 524 526
850 13 1171 398
850 15 1240 307
860 1 951 283
860 2 1177 653
860 3 1177 660
860 10 533 524
860 13 1168 399
860 15 1236 307
870 1 951 283
870 2 1177 653
870 3 1177 660
870 10 542 522
870 13 1164 401
870 15 1231 308
880 1 950 283
880 2 1176 653
880 3 1177 660
880 10 551 520
880 13 1160 403
880 15 1227 308
890 1 950 283
890 2 1176 654
890 3 1177 660
890 10 560 517
890 13 1157 405
890 15 1222 309
900 1 950 283
900 2 1176 654
900 3 1177 660
900 10 569 515
900 13 1153 407
900 15 1219 309
910 1 949 283
910 2 1176 654
910 3 1177 660
910 10 599 513
910 13 1150 408
910 15 1204 312
920 1 944 283
920 2 1176 654
920 3 1177 660
920 10 611 512
920 13 1146 410
920 15 1196 312
930 1 940 283
930 2 1175 654
930 3 1177 660
930 10 613 509
930 13 1143 410
930 15 1191 311
940 1 936 283
940 2 1175 654
940 3 1177 660
940 10 616 507
940 13 1139 412
940 15 1186 312
950 1 933 282
950 2 1175 654
950 3 1177 660
950 10 620 504
950 13 1137 414
950 15 1181 312
960 1 931 282
960 2 1174 654
960 3 1177 660
960 10 623 501
960 13 1134 415
960 15 1176 312
970 1 929 281
970 2 1174 654
970 3 1177 660
970 10 626 499
970 13 1130 417
970 15 1170 312
980 1 927 281
980 2 1174 654
980 3 1177 660
980 10 629 496
980 13 1128 417
980 15 1166 313
990 1 925 280
990 2 1174 654
990 3 1175 660
990 10 632 493
990 13 1125 419
990 15 1160 313
1000 1 923 280
1000 2 1174 654
1000 3 1175 660
1000 10 634 490
1000 13 1121 421
1000 15 1155 313
1010 1 921 279
1010 2 1173 655
1010 3 1175 660
1010 10 633 488
1010 13 1120 423
1010 15 1150 313
1020 1 919 279
1020 2 1173 655
1020 3 1175 660
1020 10 632 485
1020 13 1116 424
1020 15 1145 314
1030 1 917 278
1030 2 1173 655
1030 3 1175 660
1030 10 631 482
1030 13 1112 426
1030 15 1140 314
1040 1 915 278
1040 2 1173 655
1040 3 1175 660
1040 10 630 479
1040 13 1111 426
1040 15 1136 314
1050 1 914 277
1050 2 1173 655
1050 3 1175 660
1050 10 630 476
1050 13 1107 428
1050 15 1132 314
1060 1 915 277
1060 2 1172 655
1060 3 1175 660
1060 10 629 473
1060 13 1104 430
1060 15 1129 314
1070 1 916 277
1070 2 1172 655
1070 3 1175 660
1070 10 628 470
1070 13 1102 431
1070 15 1125 314
1080 1 917 277
1080 2 1172 655
1080 3 1175 660
1080 10 628 468
1080 13 1098 433
1080 15 1122 314
1090 1 918 277
1090 2 1171 655
1090 3 1175 660
1090 10 629 465
1090 13 1096 435
1090 15 1118 314
1100 1 919 277
1100 2 1171 655
1100 3 1175 660
1100 10 630 463
1100 13 1093 435
1100 15 1113 311
1110 1 920 277
1110 2 1171 655
1110 3 1175 660
1110 10 631 460
1110 13 1089 437
1110 15 1108 310
1120 1 921 277
1120 2 1171 655
1120 3 1175 660
1120 10 632 458
1120 13 1086 439
1120 15 1102 310
1130 1 921 277
1130 2 1171 656
1130 3 1175 660
1130 10 633 455
1130 13 1082 440
1130 15 1097 309
1140 1 921 277
1140 2 1170 656
1140 3 1175 660
1140 10 634 453
1140 13 1080 442
1140 15 1093 308
1150 1 921 277
1150 2 1170 656
1150 3 1175 660
1150 10 635 450
1150 13 1077 444
1150 15 1088 307
1160 1 921 277
1160 2 1170 656
1160 3 1175 660
1160 10 638 448
1160 13 1073 446
1160 15 1083 306
1170 1 921 277
1170 2 1170 656
1170 3 1176 660
1170 10 640 445
1170 13 1070 447
1170 15 1077 305
1180 1 919 277
1180 2 1170 656
1180 3 1177 660
1180 10 642 443
1180 13 1068 449
1180 15 1074 304
1190 1 917 277
1190 2 1170 656
1190 3 1179 660
1190 10 644 442
1190 13 1064 451
1190 15 1068 305
1200 1 916 277
1200 2 1171 656
1200 3 1180 660
1200 10 648 441
1200 13 1061 453
1200 15 1065 307
1210 1 914 276
1210 2 1174 656
1210 3 1181 660
1210 10 652 439
1210 13 1057 455
1210 15 1060 308
1220 1 914 276
1220 2 1173 657
1220 3 1182 660
1220 10 656 438
1220 13 1054 456
1220 15 1056 310
1230 1 914 276
1230 2 1170 657
1230 3 1183 660
1230 10 660 437
1230 13 1050 458
1230 15 1051 311
1240 1 914 276
1240 2 1166 658
1240 3 1184 660
1240 10 665 435
1240 13 1047 460
1240 15 1047 312
1250 1 913 276
1250 2 1163 659
1250 3 1185 660
1250 10 670 434
1250 13 1045 462
1250 15 1042 314
1260 1 913 276
1260 2 1161 660
1260 3 1187 660
1260 10 674 433
1260 13 1040 462
1260 15 1038 316
1270 1 913 276
1270 2 1161 662
1270 3 1188 660
1270 10 679 431
1270 13 1034 463
1270 15 1033 316
1280 1 913 276
1280 2 1161 663
1280 3 1189 660
1280 10 684 430
1280 13 1029 465
1280 15 1029 316
1290 1 912 276
1290 2 1160 663
1290 3 1190 660
1290 10 688 429
1290 13 1024 467
1290 15 1024 316
1300 1 912 276
1300 2 1160 663
1300 3 1190 661
1300 10 692 427
1300 13 1018 469
1300 15 1020 316
1310 1 911 276
1310 2 1159 664
1310 3 1190 661
1310 10 696 425
1310 13 1015 471
1310 15 1017 316
1320 1 910 276
1320 2 1159 664
1320 3 1190 661
1320 10 700 424
1320 13 1009 472
1320 15 1012 316
1330 1 910 276
1330 2 1159 665
1330 3 1190 661
1330 10 703 422
1330 13 1004 475
1330 15 1008 316
1340 1 909 276
1340 2 1159 664
1340 3 1190 661
1340 10 707 420
1340 13 1000 477
1340 15 1003 318
1350 1 909 276
1350 2 1158 664
1350 3 1190 661
1350 10 710 419
1350 13 995 479
1350 15 999 318
1360 1 908 276
1360 2 1158 664
1360 3 1190 661
1360 10 713 418
1360 13 990 483
1360 15 996 318
1370 1 908 276
1370 2 1158 664
1370 3 1190 661
1370 10 716 418
1370 13 986 485
1370 15 990 318
1380 1 907 276
1380 2 1158 664
1380 3 1190 661
1380 10 719 417
1380 13 981 487
1380 15 987 318
1390 1 907 276
1390 2 1158 663
1390 3 1190 661
1390 10 723 416
1390 13 977 490
1390 15 981 318
1400 1 906 276
1400 2 1158 663
1400 3 1190 661
1400 10 727 414
1400 13 972 493
1400 15 978 318
1410 1 906 276
1410 2 1158 663
1410 3 1190 662
1410 10 732 413
1410 13 967 495
1410 15 974 318
1420 1 905 276
1420 2 1158 662
1420 3 1190 662
1420 10 736 412
1420 13 963 498
1420 15 969 319
1430 1 905 276
1430 2 1158 662
1430 3 1190 662
1430 10 740 411
1430 13 958 501
1430 15 965 319
1430 108 40 272
1440 1 904 277
1440 2 1158 662
1440 3 1190 662
1440 10 745 410
1440 13 954 502
1440 15 960 319
1440 108 36 269
1450 1 902 277
1450 2 1158 661
1450 3 1190 662
1450 10 750 409
1450 13 949 506
1450 15 956 319
1450 108 34 270
1460 1 901 277
1460 2 1158 661
1460 3 1190 662
1460 10 754 408
1460 13 944 509
1460 15 953 319
1460 108 32 271
1470 1 900 277
1470 2 1158 661
1470 3 1190 662
1470 10 758 407
1470 13 940 511
1470 15 948 319
1470 108 29 270
1480 1 899 277
1480 2 1158 660
1480 3 1190 662
1480 10 763 406
1480 13 935 513
1480 15 944 319
1480 108 27 270
1490 1 898 277
1490 2 1158 660
1490 3 1190 662
1490 10 767 405
1490 13 931 517
1490 15 940 321
1490 108 30 269
1500 1 897 277
1500 2 1158 660
1500 3 1190 662
1500 10 772 404
1500 13 924 519
1500 15 935 321
1500 108 33 268
1510 1 896 277
1510 2 1158 659
1510 3 1190 662
1510 10 777 403
1510 13 917 520
1510 15 930 321
1510 108 37 268
1520 1 895 278
1520 2 1158 659
1520 3 1190 662
1520 10 783 403
1520 13 910 522
1520 15 926 321
1520 108 43 269
1530 1 895 278
1530 2 1158 659
1530 3 1190 662
1530 10 787 402
1530 13 904 524
1530 15 921 321
1530 108 50 269
1540 1 896 278
1540 2 1158 658
1540 3 1190 662
1540 10 793 401
1540 13 897 528
1540 15 917 321
1540 108 55 270
1550 1 897 278
1550 2 1158 658
1550 3 1190 662
1550 10 799 400
1550 13 890 529
1550 15 912 321
1550 108 61 271
1560 1 898 278
1560 2 1158 658
1560 3 1190 662
1560 10 806 399
1560 13 885 531
1560 15 908 321
1560 108 65 271
1570 1 898 278
1570 2 1158 657
1570 3 1190 662
1570 10 811 398
1570 13 878 533
1570 15 903 321
1570 108 70 272
1580 1 899 278
1580 2 1158 657
1580 3 1190 662
1580 10 816 397
1580 13 871 535
1580 15 900 321
1580 108 75 272
1590 1 899 278
1590 2 1158 657
1590 3 1190 662
1590 10 820 396
1590 13 865 538
1590 15 894 321
1600 1 900 279
1600 2 1157 657
1600 3 1190 662
1600 10 824 395
1600 13 855 540
1600 15 891 321
1610 1 897 279
1610 2 1157 657
1610 3 1190 662
1610 10 829 394
1610 13 847 544
1610 15 885 321
1620 1 895 279
1620 2 1157 657
1620 3 1190 662
1620 10 833 394
1620 13 838 547
1620 15 882 321
1630 1 893 279
1630 2 1156 657
1630 3 1190 662
1630 10 837 393
1630 13 830 551
1630 15 876 321
1640 1 891 279
1640 2 1156 657
1640 3 1189 662
1640 10 842 392
1640 13 821 553
1640 15 870 321
1650 1 889 280
1650 2 1156 658
1650 3 1189 662
1650 10 846 391
1650 13 812 557
1650 15 865 321
1660 1 888 280
1660 2 1156 658
1660 3 1188 662
1660 10 850 390
1660 13 803 560
1660 15 860 321
1670 1 886 280
1670 2 1155 658
1670 3 1188 662
1670 10 855 389
1670 13 795 564
1670 15 855 321
1680 1 884 280
1680 2 1155 658
1680 3 1187 661
1680 10 858 388
1680 13 786 566
1680 15 850 321
1690 1 882 280
1690 2 1155 658
1690 3 1186 661
1690 10 861 387
1690 13 777 570
1690 15 845 321
1700 1 879 280
1700 2 1155 658
1700 3 1186 661
1700 10 865 386
1700 13 768 574
1700 15 839 321
1710 1 877 280
1710 2 1155 659
1710 3 1186 661
1710 10 867 385
1710 13 760 577
1710 15 835 323
1720 1 875 280
1720 2 1154 659
1720 3 1186 661
1720 10 869 384
1720 13 751 580
1720 15 828 321
1730 1 873 280
1730 2 1154 659
1730 3 1186 661
1730 10 871 383
1730 13 742 584
1730 15 822 321
1740 1 870 280
1740 2 1154 659
1740 3 1186 661
1740 10 872 382
1740 13 733 587
1740 15 815 321
1750 1 869 280
1750 2 1153 659
1750 3 1186 661
1750 10 871 381
1750 13 726 591
1750 15 810 321
1760 1 867 280
1760 2 1153 660
1760 3 1186 661
1760 10 869 380
1760 13 717 595
1760 15 803 321
1770 1 865 280
1770 2 1153 660
1770 3 1186 661
1770 10 865 377
1770 13 708 599
1770 15 798 321
1780 1 862 280
1780 2 1153 660
1780 3 1186 661
1780 10 858 373
1780 13 700 602
1780 15 790 321
1790 1 859 280
1790 2 1153 660
1790 3 1186 661
1790 10 852 369
1790 13 692 606
1790 15 785 321
1800 1 856 280
1800 2 1153 660
1800 3 1186 661
1800 10 845 364
1800 13 682 610
1800 15 778 321
1810 1 854 280
1810 2 1153 661
1810 3 1186 661
1810 10 838 363
1810 13 673 615
1810 15 771 323
1820 1 850 279
1820 2 1153 661
1820 3 1186 661
1820 10 833 361
1820 13 664 621
1820 15 764 323
1830 1 847 279
1830 2 1153 661
1830 3 1186 661
1830 10 829 361
1830 13 653 624
1830 15 758 325
1830 18 1273 552
1830 20 478 707
1840 1 844 279
1840 2 1153 661
1840 3 1186 662
1840 10 824 360
1840 13 644 630
1840 15 751 325
1840 18 1270 555
1840 20 472 705
1840 21 428 708
1850 1 842 279
1850 2 1153 661
1850 3 1186 662
1850 10 821 359
1850 13 639 635
1850 15 744 327
1850 18 1269 557
1850 20 465 702
1850 21 421 705
1860 1 840 279
1860 2 1153 661
1860 3 1186 662
1860 10 819 360
1860 13 629 643
1860 15 739 328
1860 18 1268 559
1860 20 458 699
1860 21 415 701
1870 1 838 279
1870 2 1153 661
1870 3 1186 662
1870 10 820 360
1870 13 619 651
1870 15 732 328
1870 18 1266 561
1870 20 452 696
1870 21 410 698
1880 1 836 279
1880 2 1153 661
1880 3 1186 662
1880 10 821 360
1880 13 605 656
1880 15 725 328
1880 18 1265 563
1880 20 445 692
1880 21 406 695
1890 1 836 278
1890 2 1153 661
1890 3 1186 662
1890 10 824 360
1890 13 592 661
1890 15 719 328
1890 18 1263 567
1890 20 438 689
1890 21 401 691
1900 1 836 278
1900 2 1153 661
1900 3 1186 662
1900 10 827 360
1900 13 578 666
1900 15 712 328
1900 18 1262 570
1900 20 433 686
1900 21 396 688
1910 1 836 278
1910 2 1153 661
1910 3 1186 662
1910 10 827 360
1910 13 564 671
1910 15 705 328
1910 18 1259 572
1910 20 427 683
1910 21 391 686
1910 110 6 394
1920 1 836 278
1920 2 1153 661
1920 3 1186 662
1920 10 828 360
1920 13 550 676
1920 15 700 328
1920 18 1257 574
1920 20 422 680
1920 21 385 683
1920 110 14 392
1930 1 836 278
1930 2 1153 661
1930 3 1186 662
1930 10 829 361
1930 13 533 679
1930 15 693 328
1930 18 1253 577
1930 20 416 677
1930 21 380 680
1930 110 26 392
1940 1 836 278
1940 2 1153 661
1940 3 1186 662
1940 10 829 361
1940 13 514 681
1940 15 686 328
1940 18 1249 580
1940 20 412 674
1940 21 374 678
1940 110 37 391
1950 1 837 277
1950 2 1153 661
1950 3 1186 662
1950 10 830 361
1950 13 491 682
1950 15 680 328
1950 18 1245 584
1950 20 408 669
1950 21 369 674
1950 110 49 391
1960 1 838 277
1960 2 1153 661
1960 3 1186 662
1960 10 831 361
1960 13 466 682
1960 15 673 327
1960 18 1241 587
1960 20 405 664
1960 21 364 669
1970 1 840 277
1970 2 1153 661
1970 3 1186 663
1970 10 832 361
1970 13 443 685
1970 15 666 327
1970 18 1237 590
1970 20 401 659
1970 21 359 664
1980 1 841 277
1980 2 1153 661
1980 3 1186 663
1980 10 832 361
1980 13 419 688
1980 15 659 326
1980 18 1233 594
1980 20 398 654
1980 21 355 659
1990 1 842 276
1990 2 1153 661
1990 3 1186 663
1990 10 832 361
1990 13 395 691
1990 15 652 326
1990 18 1231 597
1990 20 394 649
1990 21 350 654
2000 1 843 276
2000 2 1153 661
2000 3 1186 663
2000 10 832 361
2000 13 369 691
2000 15 645 324
2000 18 1227 600
2000 20 392 645
2000 21 345 649
2000 23 111 412
2010 1 845 276
2010 2 1153 661
2010 3 1186 663
2010 10 833 362
2010 13 344 691
2010 15 638 324
2010 18 1221 603
2010 20 384 639
2010 21 341 644
2010 23 122 415
2020 1 846 276
2020 2 1154 661
2020 3 1186 663
2020 10 835 364
2020 13 318 693
2020 15 631 323
2020 18 1216 606
2020 20 379 635
2020 21 336 638
2020 23 129 416
2020 26 110 327
2030 1 848 276
2030 2 1154 661
2030 3 1186 663
2030 13 293 695
2030 15 624 323
2030 18 1211 609
2030 20 373 630
2030 21 332 633
2030 23 137 417
2030 25 146 322
2030 26 109 328
2040 1 849 276
2040 2 1154 661
2040 3 1186 663
2040 13 267 696
2040 15 618 323
2040 18 1205 610
2040 20 368 626
2040 21 328 627
2040 23 144 419
2040 25 150 321
2040 26 108 329
2050 1 851 277
2050 2 1154 661
2050 3 1186 663
2050 13 241 698
2050 15 610 323
2050 18 1200 612
2050 20 363 621
2050 21 324 622
2050 23 152 420
2050 25 151 324
2050 26 107 330
2060 1 852 277
2060 2 1154 661
2060 3 1186 663
2060 13 214 698
2060 15 603 323
2060 18 1194 613
2060 20 357 617
2060 21 319 617
2060 23 163 421
2060 25 152 328
2060 26 106 329
2070 1 854 276
2070 2 1154 661
2070 3 1186 663
2070 13 188 698
2070 15 596 324
2070 18 1188 616
2070 20 353 612
2070 21 315 611
2070 23 174 423
2070 25 154 329
2070 26 104 328
2080 1 855 276
2080 2 1154 661
2080 3 1186 663
2080 13 167 702
2080 15 588 324
2080 18 1181 620
2080 20 351 608
2080 21 311 606
2080 23 186 425
2080 25 155 330
2080 26 103 327
2090 1 857 275
2090 2 1154 661
2090 3 1186 663
2090 13 144 705
2090 15 581 324
2090 18 1175 623
2090 20 349 604
2090 21 309 602
2090 23 196 426
2090 25 157 331
2090 26 102 327
2100 1 860 276
2100 2 1154 661
2100 3 1186 663
2100 13 120 707
2100 15 574 325
2100 18 1168 627
2100 20 347 599
2100 21 307 599
2100 23 207 428
2100 25 159 331
2100 26 101 327
2110 1 862 276
2110 2 1154 661
2110 3 1186 663
2110 15 566 325
2110 18 1161 630
2110 20 345 595
2110 21 304 595
2110 23 218 429
2110 25 161 331
2110 26 100 327
2120 1 865 276
2120 2 1154 661
2120 3 1186 663
2120 15 559 325
2120 18 1153 633
2120 20 343 590
2120 21 302 592
2120 23 230 431
2120 25 162 331
2120 26 100 327
2130 1 868 276
2130 2 1154 661
2130 3 1186 663
2130 15 552 325
2130 18 1146 637
2130 20 341 586
2130 21 303 588
2130 23 241 432
2130 25 162 332
2130 26 99 327
2140 1 873 276
2140 2 1154 661
2140 3 1186 663
2140 15 545 325
2140 18 1139 640
2140 20 341 582
2140 21 305 583
2140 23 253 434
2140 25 160 332
2140 26 99 327
2150 1 875 276
2150 2 1154 661
2150 3 1186 663
2150 15 538 325
2150 18 1131 643
2150 20 346 578
2150 21 307 579
2150 23 264 435
2150 25 159 333
2150 26 99 327
2160 1 878 276
2160 2 1154 661
2160 3 1186 663
2160 15 531 325
2160 18 1125 647
2160 20 350 576
2160 21 308 575
2160 23 276 437
2160 25 158 334
2160 26 100 327
2170 1 881 276
2170 2 1154 661
2170 3 1186 663
2170 15 524 327
2170 18 1122 651
2170 20 354 572
2170 21 311 571
2170 23 287 438
2170 25 156 334
2170 26 102 328
2180 1 884 276
2180 2 1154 661
2180 3 1186 663
2180 15 517 327
2180 18 1119 655
2180 20 358 569
2180 21 314 566
2180 23 298 440
2180 25 153 335
2180 26 103 329
2190 1 887 276
2190 2 1154 661
2190 3 1186 663
2190 15 510 327
2190 18 1115 659
2190 20 363 566
2190 21 317 562
2190 23 309 441
2190 25 148 335
2190 26 105 330
2200 1 890 276
2200 2 1154 661
2200 3 1186 663
2200 15 502 327
2200 18 1112 664
2200 20 367 562
2200 21 320 557
2200 23 320 443
2200 25 143 334
2200 26 107 331
2200 107 72 273
2210 1 893 276
2210 2 1154 661
2210 3 1186 663
2210 15 495 327
2210 18 1109 670
2210 20 372 559
2210 21 324 554
2210 23 332 444
2210 25 137 334
2210 26 110 331
2210 107 66 273
2220 1 896 276
2220 2 1154 661
2220 3 1186 662
2220 15 488 327
2220 18 1104 675
2220 20 376 556
2220 21 329 552
2220 23 343 445
2220 25 134 335
2220 26 113 332
2220 107 60 274
2230 1 898 275
2230 2 1155 661
2230 3 1186 662
2230 15 481 327
2230 18 1100 678
2230 20 380 552
2230 21 333 549
2230 23 354 447
2230 25 131 335
2230 26 114 332
2230 107 55 273
2240 1 900 275
2240 2 1155 661
2240 3 1186 662
2240 15 474 328
2240 18 1095 681
2240 20 384 550
2240 21 339 546
2240 23 365 448
2240 25 128 336
2240 26 113 333
2240 107 49 272
2250 1 902 275
2250 2 1155 661
2250 3 1186 662
2250 15 465 327
2250 18 1090 683
2250 20 389 546
2250 21 345 543
2250 23 377 450
2250 25 126 336
2250 26 113 333
2250 107 44 271
2260 1 903 275
2260 2 1155 661
2260 3 1186 662
2260 15 458 327
2260 18 1086 686
2260 20 394 543
2260 21 351 539
2260 23 388 451
2260 25 123 337
2260 26 112 333
2260 107 39 270
2270 1 903 275
2270 2 1155 661
2270 3 1186 662
2270 15 449 327
2270 18 1082 688
2270 20 400 540
2270 21 358 536
2270 23 399 453
2270 25 120 338
2270 26 111 334
2270 107 33 270
2280 1 902 275
2280 2 1155 661
2280 3 1186 662
2280 15 442 327
2280 18 1077 691
2280 20 406 536
2280 21 364 533
2280 23 410 454
2280 25 117 338
2280 26 108 335
2280 107 32 271
2290 1 902 275
2290 2 1155 661
2290 3 1186 662
2290 15 433 325
2290 18 1073 693
2290 20 412 533
2290 21 371 530
2290 23 422 455
2290 25 115 339
2290 26 105 336
2290 107 31 271
2300 1 901 274
2300 2 1155 661
2300 3 1186 662
2300 15 426 325
2300 18 1069 695
2300 20 418 530
2300 21 378 527
2300 23 433 457
2300 25 111 339
2300 26 101 337
2300 107 31 271
2310 1 899 274
2310 2 1155 661
2310 3 1186 662
2310 15 419 325
2310 18 1065 698
2310 20 423 528
2310 21 385 524
2310 23 444 458
2310 25 107 340
2310 26 97 338
2310 107 33 272
2320 1 898 273
2320 2 1155 661
2320 3 1186 662
2320 15 410 325
2320 18 1061 701
2320 20 428 525
2320 21 392 522
2320 23 455 461
2320 25 104 341
2320 26 95 339
2320 107 34 271
2330 1 896 273
2330 2 1155 661
2330 3 1186 662
2330 15 403 323
2330 18 1057 703
2330 20 433 523
2330 21 399 519
2330 23 467 462
2330 25 100 342
2330 26 92 340
2330 107 38 271
2340 1 895 273
2340 2 1155 661
2340 3 1186 662
2340 15 394 323
2340 18 1053 706
2340 20 438 520
2340 21 406 516
2340 23 479 463
2340 25 97 343
2340 26 86 341
2340 107 41 272
2350 1 893 273
2350 2 1155 661
2350 3 1186 662
2350 15 387 323
2350 18 1049 708
2350 20 443 518
2350 21 410 514
2350 23 490 465
2350 25 93 343
2350 26 81 341
2360 1 892 273
2360 2 1155 661
2360 3 1186 662
2360 15 380 323
2360 18 1045 711
2360 20 448 515
2360 21 413 513
2360 23 502 466
2360 25 88 344
2360 26 76 342
2370 1 890 273
2370 2 1155 661
2370 3 1186 662
2370 15 371 323
2370 18 1041 713
2370 20 453 513
2370 21 416 512
2370 23 514 468
2370 25 83 344
2370 26 71 342
2380 1 889 273
2380 2 1155 661
2380 3 1186 662
2380 15 362 323
2380 20 453 510
2380 21 420 510
2380 23 523 467
2380 25 78 344
2380 26 66 343
2390 1 887 273
2390 2 1155 661
2390 3 1186 662
2390 15 353 323
2390 20 451 507
2390 21 423 509
2390 23 532 467
2390 25 73 344
2390 26 60 343
2400 1 885 273
2400 2 1155 661
2400 3 1186 662
2400 15 344 323
2400 20 449 504
2400 21 423 507
2400 23 542 466
2400 25 67 344
2400 26 55 345
2410 1 884 273
2410 2 1155 661
2410 3 1186 662
2410 15 335 323
2410 20 447 502
2410 21 421 504
2410 23 552 466
2410 25 62 344
2410 26 50 345
2420 1 881 273
2420 2 1155 661
2420 3 1186 662
2420 15 326 323
2420 20 445 499
2420 21 418 501
2420 23 559 465
2420 25 57 344
2420 26 44 347
2430 1 879 273
2430 2 1156 660
2430 3 1186 662
2430 15 318 323
2430 20 444 496
2430 21 416 498
2430 23 569 465
2430 25 52 345
2430 26 39 347
2440 1 877 273
2440 2 1156 660
2440 3 1186 662
2440 15 309 323
2440 20 442 494
2440 21 414 496
2440 23 578 465
2440 25 47 346
2440 26 34 349
2440 27 1248 491
2450 1 875 273
2450 2 1156 660
2450 3 1186 662
2450 15 300 323
2450 20 439 491
2450 21 411 493
2450 23 583 465
2450 25 41 346
2450 26 28 349
2450 27 1240 490
2460 1 873 273
2460 2 1156 660
2460 3 1187 662
2460 15 291 323
2460 20 438 489
2460 21 408 491
2460 23 586 464
2460 25 36 348
2460 26 23 350
2460 27 1230 482
2460 28 1193 393
2470 1 870 273
2470 2 1156 660
2470 3 1187 662
2470 15 282 323
2470 20 435 486
2470 21 405 488
2470 23 589 463
2470 25 30 349
2470 26 20 352
2470 27 1218 471
2470 28 1187 393
2480 1 868 273
2480 2 1156 660
2480 3 1187 662
2480 15 273 323
2480 20 431 483
2480 21 402 486
2480 23 591 462
2480 25 25 350
2480 26 13 352
2480 27 1208 474
2480 28 1181 392
2490 1 866 273
2490 2 1156 660
2490 3 1187 662
2490 15 264 323
2490 20 428 481
2490 21 399 483
2490 23 594 461
2490 25 19 351
2490 26 8 352
2490 27 1199 474
2490 28 1172 392
2500 1 864 273
2500 2 1156 660
2500 3 1187 662
2500 15 255 321
2500 20 425 478
2500 21 396 480
2500 23 596 461
2500 25 14 353
2500 26 5 352
2500 27 1190 473
2500 28 1163 392
2510 1 862 273
2510 2 1156 660
2510 3 1187 662
2510 15 248 321
2510 20 422 476
2510 21 393 477
2510 23 599 460
2510 25 10 353
2510 27 1180 474
2510 28 1154 392
2520 1 860 272
2520 2 1157 660
2520 3 1187 662
2520 15 239 321
2520 20 419 473
2520 21 391 475
2520 23 602 459
2520 25 7 354
2520 27 1174 475
2520 28 1145 392
2530 1 860 272
2530 2 1157 660
2530 3 1187 662
2530 15 232 319
2530 20 416 470
2530 21 387 473
2530 23 604 458
2530 25 4 355
2530 27 1149 477
2530 28 1138 392
2540 1 860 271
2540 2 1157 660
2540 3 1187 662
2540 15 223 319
2540 20 413 468
2540 21 384 470
2540 23 605 457
2540 27 1137 475
2540 28 1126 387
2550 1 860 271
2550 2 1157 660
2550 3 1187 662
2550 15 216 319
2550 20 410 465
2550 21 381 469
2550 23 604 455
2550 27 1126 473
2550 28 1113 383
2560 1 859 271
2560 2 1157 659
2560 3 1187 662
2560 15 207 319
2560 20 407 463
2560 21 378 466
2560 23 604 454
2560 27 1116 473
2560 28 1101 380
2570 1 859 272
2570 2 1157 659
2570 3 1187 662
2570 15 198 321
2570 20 403 461
2570 21 375 464
2570 23 603 454
2570 27 1107 470
2570 28 1103 383
2580 1 861 272
2580 2 1157 659
2580 3 1187 662
2580 15 190 323
2580 20 400 459
2580 21 371 462
2580 23 605 455
2580 27 1100 468
2580 28 1091 380
2590 1 843 269
2590 2 1157 659
2590 3 1188 662
2590 15 94 314
2590 20 364 438
2590 21 337 435
2590 23 580 454
2590 27 1021 477
2590 28 1034 372
2600 1 841 269
2600 2 1158 659
2600 3 1188 662
2600 15 85 314
2600 20 359 434
2600 21 332 434
2600 23 579 454
2600 27 1018 480
2600 28 1022 374
2610 1 839 268
2610 2 1158 659
2610 3 1188 662
2610 15 72 318
2610 20 354 431
2610 21 329 432
2610 23 579 454
2610 27 1004 484
2610 28 1015 375
2620 1 836 267
2620 2 1158 659
2620 3 1188 662
2620 15 63 319
2620 20 348 429
2620 21 326 430
2620 23 578 454
2620 27 995 484
2620 28 1006 376
2630 1 834 267
2630 2 1158 659
2630 3 1188 662
2630 15 53 318
2630 20 344 426
2630 21 323 427
2630 23 578 454
2630 27 988 486
2630 28 999 379
2640 1 832 267
2640 2 1158 659
2640 3 1188 662
2640 15 42 318
2640 20 343 424
2640 21 320 425
2640 23 577 454
2640 27 981 487
2640 28 990 377
2650 1 831 267
2650 2 1158 659
2650 3 1188 662
2650 15 32 317
2650 20 342 423
2650 21 318 423
2650 23 578 454
2650 27 973 489
2650 28 981 375
2660 1 830 267
2660 2 1158 659
2660 3 1188 662
2660 15 25 316
2660 20 342 421
2660 21 319 421
2660 23 578 454
2660 27 966 491
2660 28 973 375
2670 1 828 267
2670 2 1158 659
2670 3 1188 662
2670 15 17 316
2670 20 344 419
2670 21 321 420
2670 23 575 454
2670 27 959 493
2670 28 964 374
2680 1 827 267
2680 2 1158 659
2680 3 1188 662
2680 15 11 317
2680 20 346 417
2680 21 322 418
2680 23 573 454
2680 27 950 495
2680 28 955 374
2690 1 825 267
2690 2 1158 659
2690 3 1188 662
2690 15 5 318
2690 20 347 416
2690 21 326 417
2690 23 572 454
2690 27 943 496
2690 28 946 372
2700 1 825 268
2700 2 1157 659
2700 3 1188 662
2700 20 349 414
2700 21 329 415
2700 23 572 454
2700 27 936 498
2700 28 937 370
2710 1 825 268
2710 2 1157 659
2710 3 1188 662
2710 20 355 411
2710 21 334 414
2710 23 572 454
2710 27 929 500
2710 28 928 370
2720 1 825 268
2720 2 1156 659
2720 3 1188 662
2720 20 362 407
2720 21 339 413
2720 23 572 454
2720 27 922 502
2720 28 919 368
2730 1 825 269
2730 2 1156 659
2730 3 1187 662
2730 20 369 403
2730 21 345 412
2730 23 572 454
2730 27 915 503
2730 28 912 368
2740 1 825 269
2740 2 1156 659
2740 3 1187 662
2740 20 375 401
2740 21 350 408
2740 23 573 455
2740 27 906 505
2740 28 907 366
2750 1 824 270
2750 2 1155 660
2750 3 1186 663
2750 20 381 401
2750 21 356 404
2750 23 573 455
2750 27 897 507
2750 28 901 365
2760 1 824 270
2760 2 1155 660
2760 3 1186 663
2760 20 387 400
2760 21 361 401
2760 23 573 455
2760 27 888 511
2760 28 896 364
2770 1 824 270
2770 2 1154 660
2770 3 1185 663
2770 20 394 398
2770 21 367 400
2770 23 574 455
2770 27 881 512
2770 28 891 362
2780 1 822 270
2780 2 1154 660
2780 3 1184 664
2780 20 400 395
2780 21 372 399
2780 23 574 455
2780 27 872 516
2780 28 885 360
2790 1 823 271
2790 2 1153 660
2790 3 1184 664
2790 20 406 393
2790 21 378 398
2790 23 575 455
2790 27 863 518
2790 28 880 359
2800 2 1153 660
2800 3 1183 664
2800 20 412 391
2800 21 384 398
2800 23 575 455
2800 27 856 521
2800 28 875 357
2810 2 1152 660
2810 3 1183 664
2810 20 414 391
2810 21 390 397
2810 23 575 455
2810 27 847 523
2810 28 880 358
2810 109 145 236
2820 2 1152 661
2820 3 1182 664
2820 20 417 390
2820 21 394 395
2820 23 576 456
2820 27 838 527
2820 28 887 359
2820 109 143 236
2830 2 1151 661
2830 3 1182 665
2830 20 420 390
2830 21 399 393
2830 23 576 456
2830 27 831 528
2830 28 894 361
2830 30 6 369
2830 109 142 237
2840 2 1151 661
2840 3 1181 665
2840 20 422 390
2840 21 403 391
2840 23 576 456
2840 27 822 532
2840 28 903 362
2840 30 9 365
2840 109 140 237
2850 2 1150 661
2850 3 1180 665
2850 20 425 390
2850 21 411 389
2850 23 576 456
2850 27 813 534
2850 28 910 365
2850 30 14 363
2850 109 138 237
2860 2 1150 661
2860 3 1180 666
2860 20 428 390
2860 21 421 389
2860 23 576 456
2860 27 806 537
2860 28 917 366
2860 30 21 362
2860 109 137 238
2870 2 1150 661
2870 3 1179 666
2870 20 430 389
2870 21 431 388
2870 23 576 456
2870 27 790 535
2870 28 926 367
2870 30 28 361
2870 109 137 238
2880 2 1149 661
2880 3 1179 666
2880 4 791 269
2880 20 433 390
2880 21 441 387
2880 23 576 456
2880 27 774 535
2880 28 933 369
2880 30 32 361
2880 109 136 238
2890 2 1149 662
2890 3 1178 666
2890 4 790 270
2890 20 434 390
2890 21 451 386
2890 23 576 456
2890 27 758 533
2890 28 942 372
2890 30 35 360
2890 109 136 238
2900 2 1148 662
2900 3 1178 666
2900 4 790 268
2900 20 436 389
2900 21 457 386
2900 23 576 456
2900 27 744 532
2900 28 949 374
2900 30 36 360
2900 109 135 238
2910 2 1148 662
2910 3 1177 667
2910 4 789 268
2910 20 442 388
2910 21 464 387
2910 23 576 456
2910 27 728 530
2910 28 958 375
2910 30 31 360
2910 109 135 238
2920 2 1147 662
2920 3 1177 667
2920 4 789 268
2920 20 447 387
2920 21 470 388
2920 23 576 456
2920 27 712 529
2920 28 965 377
2920 30 25 361
2920 109 133 239
2930 2 1147 662
2930 3 1176 667
2930 4 789 268
2930 20 453 386
2930 21 476 389
2930 23 576 456
2930 27 698 529
2930 28 974 379
2930 30 18 365
2930 109 131 239
2940 2 1146 662
2940 3 1176 668
2940 4 790 268
2940 20 459 384
2940 21 475 389
2940 23 576 456
2940 27 684 529
2940 28 981 381
2940 30 12 364
2940 109 130 239
2950 2 1146 662
2950 3 1175 668
2950 4 791 268
2950 20 467 384
2950 21 474 389
2950 23 576 456
2950 27 669 529
2950 28 990 384
2950 30 6 366
2950 109 128 239
2960 2 1145 663
2960 3 1175 668
2960 4 792 268
2960 20 474 384
2960 21 473 389
2960 23 576 456
2960 27 655 529
2960 28 999 384
2960 30 3 368
2960 109 128 239
2970 2 1142 664
2970 3 1174 672
2970 4 793 269
2970 20 481 387
2970 21 472 389
2970 23 576 456
2970 27 643 529
2970 28 1010 384
2970 30 1 368
2970 109 128 240
2980 2 1139 665
2980 3 1171 672
2980 4 794 269
2980 20 490 387
2980 21 472 390
2980 23 576 456
2980 27 627 526
2980 28 1021 386
2980 109 128 240
2990 2 1135 665
2990 3 1169 673
2990 20 499 388
2990 21 473 390
2990 23 576 456
2990 27 613 522
2990 28 1028 381
2990 109 128 241
3000 2 1132 666
3000 3 1166 674
3000 20 509 388
3000 21 474 390
3000 23 576 456
3000 27 598 520
3000 28 1035 379
3000 109 128 242
3010 2 1129 667
3010 3 1163 674
3010 20 516 388
3010 21 475 390
3010 23 576 456
3010 27 582 517
3010 28 1042 376
3010 109 128 242
3020 2 1125 668
3020 3 1160 674
3020 20 521 390
3020 21 476 391
3020 23 576 456
3020 27 568 515
3020 28 1051 373
3020 109 128 243
3030 2 1122 669
3030 3 1158 675
3030 20 525 391
3030 21 481 391
3030 23 576 456
3030 27 554 511
3030 28 1051 372
3030 109 128 244
3040 2 1113 670
3040 3 1155 675
3040 20 528 393
3040 21 486 391
3040 23 576 456
3040 27 538 510
3040 28 1051 372
3040 109 128 244
3050 2 1102 670
3050 3 1154 676
3050 20 530 395
3050 21 488 391
3050 23 576 456
3050 27 524 506
3050 28 1051 372
3050 109 128 245
3060 2 1092 670
3060 3 1150 678
3060 7 825 268
3060 20 531 396
3060 21 490 391
3060 23 576 456
3060 27 509 504
3060 28 1051 372
3060 109 128 246
3070 2 1073 668
3070 3 1147 679
3070 7 825 269
3070 20 533 396
3070 21 492 391
3070 23 576 456
3070 27 492 502
3070 28 1051 372
3070 109 128 246
3080 2 1052 665
3080 3 1143 681
3080 7 827 268
3080 20 534 395
3080 21 491 391
3080 23 576 456
3080 27 474 501
3080 28 1051 372
3080 109 128 247
3090 2 1031 663
3090 3 1140 683
3090 7 830 267
3090 20 533 395
3090 21 488 391
3090 23 576 456
3090 27 456 499
3090 28 1051 372
3090 109 128 248
3100 2 1011 660
3100 3 1137 685
3100 7 833 267
3100 20 532 394
3100 21 486 391
3100 23 576 456
3100 27 438 497
3100 28 1051 372
3100 109 128 248
3110 2 990 658
3110 3 1134 686
3110 7 836 267
3110 20 533 396
3110 21 484 391
3110 23 576 456
3110 27 422 495
3110 28 1051 372
3110 109 129 249
3120 2 969 655
3120 3 1130 688
3120 7 838 267
3120 20 533 399
3120 21 481 391
3120 23 576 456
3120 27 408 494
3120 28 1051 372
3120 109 130 249
3130 2 948 653
3130 3 1127 690
3130 7 840 268
3130 21 481 391
3130 23 576 456
3130 27 396 492
3130 28 1051 372
3130 109 131 250
3140 2 928 650
3140 3 1124 692
3140 7 843 268
3140 21 480 391
3140 23 576 456
3140 27 383 490
3140 28 1051 372
3140 109 132 250
3150 2 907 648
3150 3 1122 693
3150 7 845 269
3150 21 480 391
3150 23 576 456
3150 27 369 488
3150 28 1051 372
3150 109 133 251
3160 2 887 645
3160 3 1119 695
3160 7 847 268
3160 21 481 391
3160 23 576 456
3160 27 357 486
3160 28 1051 372
3160 109 134 252
3170 2 864 644
3170 3 1117 697
3170 7 849 268
3170 21 483 392
3170 23 576 456
3170 27 344 485
3170 28 1051 372
3170 35 3 316
3170 109 134 253
3180 2 842 644
3180 3 1114 698
3180 7 850 268
3180 21 486 392
3180 23 576 456
3180 27 332 485
3180 28 1051 372
3180 35 10 317
3180 109 135 253
3190 2 823 643
3190 3 1112 700
3190 7 851 268
3190 21 490 392
3190 23 576 456
3190 27 317 481
3190 28 1051 372
3190 35 19 317
3190 109 136 254
3200 2 805 642
3200 3 1109 702
3200 7 853 268
3200 21 490 393
3200 23 576 456
3200 27 305 478
3200 28 1051 372
3200 35 29 317
3200 109 137 255
3210 2 788 641
3210 3 1107 704
3210 7 854 268
3210 21 486 393
3210 23 576 456
3210 27 291 474
3210 28 1051 372
3210 35 39 316
3210 109 137 256
3220 2 770 640
3220 3 1103 705
3220 7 855 268
3220 21 483 393
3220 23 576 456
3220 27 278 472
3220 28 1051 372
3220 35 49 316
3220 109 138 256
3230 2 745 640
3230 3 1100 707
3230 7 854 268
3230 21 486 393
3230 23 576 456
3230 27 264 469
3230 28 1051 372
3230 35 59 316
3230 109 139 257
3240 2 719 641
3240 3 1097 709
3240 7 854 268
3240 21 489 393
3240 23 576 456
3240 27 250 467
3240 28 1051 372
3240 35 70 317
3240 109 139 258
3250 2 693 642
3250 3 1089 711
3250 7 853 268
3250 21 498 396
3250 23 576 456
3250 27 236 463
3250 28 1051 372
3250 35 86 321
3250 109 137 259
3260 2 667 643
3260 3 1080 713
3260 7 851 267
3260 21 498 396
3260 23 576 456
3260 27 221 462
3260 28 1051 372
3260 35 96 321
3260 109 135 260
3270 2 641 644
3270 3 1072 716
3270 7 849 267
3270 21 500 397
3270 23 576 456
3270 27 207 460
3270 28 1051 372
3270 35 108 322
3270 109 134 261
3280 2 620 646
3280 7 846 267
3280 21 501 398
3280 23 576 456
3280 27 193 454
3280 28 1051 372
3280 35 120 323
3280 109 132 262
3290 2 602 649
3290 7 842 267
3290 21 502 400
3290 23 576 456
3290 27 181 451
3290 28 1051 372
3290 35 132 324
3290 109 131 263
3300 2 583 651
3300 7 840 267
3300 21 502 402
3300 23 576 456
3300 27 168 447
3300 28 1051 372
3300 35 144 325
3300 109 129 264
3310 2 563 653
3310 7 837 267
3310 23 576 456
3310 27 156 444
3310 28 1051 372
3310 35 156 326
3310 109 127 265
3320 2 541 655
3320 7 835 267
3320 23 576 456
3320 27 143 440
3320 28 1051 372
3320 35 168 326
3320 109 126 267
3330 2 519 657
3330 7 832 266
3330 23 576 456
3330 27 143 440
3330 28 1051 372
3330 35 179 326
3330 109 124 268
3340 2 497 659
3340 7 830 265
3340 23 576 456
3340 27 128 440
3340 28 1051 372
3340 35 190 326
3340 109 122 269
3350 2 475 661
3350 7 827 265
3350 23 576 456
3350 27 118 426
3350 28 1051 372
3350 35 200 326
3350 109 121 270
3360 2 453 663
3360 7 827 266
3360 23 576 456
3360 28 1051 372
3360 35 211 326
3360 109 119 271
3370 2 429 664
3370 7 826 267
3370 23 576 456
3370 28 1051 372
3370 35 221 326
3370 109 118 272
3380 2 405 666
3380 7 824 268
3380 23 576 456
3380 28 1051 372
3380 35 232 326
3380 109 116 273
3390 2 380 668
3390 7 824 269
3390 23 576 456
3390 28 1051 372
3390 35 243 326
3390 109 114 274
3400 2 355 668
3400 23 576 456
3400 28 1051 372
3400 35 255 326
3400 109 113 275
3410 2 332 669
3410 23 576 456
3410 28 1051 372
3410 35 267 329
3410 109 112 275
3420 2 311 671
3420 23 576 456
3420 28 1051 372
3420 35 277 329
3420 109 111 276
3430 2 285 673
3430 23 576 456
3430 28 1051 372
3430 35 288 331
3430 109 111 277
3440 2 258 675
3440 23 576 456
3440 28 1051 372
3440 35 300 332
3440 109 110 277
3450 2 233 676
3450 23 576 456
3450 28 1051 372
3450 35 310 332
3450 109 109 278
3460 2 208 676
3460 23 576 456
3460 28 1051 372
3460 35 320 333
3460 109 108 279
3470 2 182 676
3470 23 576 456
3470 28 1051 372
3470 35 331 333
3470 109 107 279
3480 2 155 677
3480 19 793 263
3480 23 576 456
3480 28 1051 372
3480 35 341 334
3480 109 106 280
3490 2 134 678
3490 19 790 262
3490 23 576 456
3490 28 1051 372
3490 35 351 334
3490 109 106 281
3500 2 113 678
3500 19 788 262
3500 23 576 456
3500 28 1051 372
3500 35 361 334
3500 109 105 281
3510 2 92 679
3510 19 787 263
3510 23 576 456
3510 28 1051 372
3510 35 371 334
3510 109 104 281
3520 2 71 679
3520 19 785 262
3520 23 576 456
3520 28 1051 372
3520 35 381 334
3520 109 103 281
3530 2 50 680
3530 19 784 262
3530 23 576 456
3530 28 1051 372
3530 35 391 334
3530 109 102 280
3540 2 29 681
3540 19 782 262
3540 23 576 456
3540 28 1051 372
3540 35 401 334
3540 109 102 280
3550 2 9 681
3550 19 781 262
3550 23 576 456
3550 28 1051 372
3550 35 411 334
3550 109 101 280
3560 19 778 261
3560 23 576 456
3560 28 1051 372
3560 35 421 334
3560 109 100 280
3570 19 775 261
3570 23 576 456
3570 28 1051 372
3570 35 431 334
3570 109 99 280
3580 19 772 260
3580 23 576 456
3580 28 1051 372
3580 35 440 334
3580 109 99 280
3590 19 769 259
3590 23 576 456
3590 28 1051 372
3590 35 450 334
3590 109 98 280
3600 19 766 259
3600 23 576 456
3600 28 1051 372
3600 35 459 335
3600 109 97 280
3610 19 763 259
3610 23 576 456
3610 28 1051 372
3610 35 468 336
3610 109 96 279
3620 19 762 259
3620 23 576 456
3620 28 1051 372
3620 35 477 336
3620 109 96 279
3630 19 760 260
3630 23 576 456
3630 28 1051 372
3630 35 487 337
3630 109 95 279
3640 19 758 260
3640 23 576 456
3640 28 1051 372
3640 35 496 337
3640 109 94 279
3650 19 756 260
3650 23 576 456
3650 28 1051 372
3650 35 505 338
3650 109 94 279
3660 19 755 261
3660 23 576 456
3660 28 1051 372
3660 35 515 339
3660 109 93 279
3670 19 753 261
3670 23 576 456
3670 28 1051 372
3670 35 525 339
3670 109 92 279
3680 19 751 265
3680 23 576 456
3680 28 1051 372
3680 35 535 339
3680 109 92 279
3690 23 576 456
3690 28 1051 372
3690 35 544 340
3690 109 91 279
3700 23 576 456
3700 28 1051 372
3700 35 553 340
3700 109 90 279
3710 23 576 456
3710 28 1051 372
3710 35 562 340
3710 109 90 279
3720 23 576 456
3720 28 1051 372
3720 35 571 340
3720 109 89 278
3730 23 576 456
3730 28 1051 372
3730 35 579 340
3730 109 88 278
3740 23 576 456
3740 28 1051 372
3740 35 588 340
3740 109 87 278
3750 23 576 456
3750 28 1051 372
3750 35 597 340
3750 109 87 278
3760 23 576 456
3760 28 1051 372
3760 35 606 341
3760 109 86 278
3770 23 576 456
3770 28 1051 372
3770 35 615 341
3770 109 85 278
3780 23 576 456
3780 28 1051 372
3780 35 624 341
3780 109 84 278
3790 23 576 456
3790 28 1051 372
3790 35 633 341
3790 109 83 278
3800 23 576 456
3800 28 1051 372
3800 35 641 341
3800 109 83 278
3810 23 576 456
3810 28 1051 372
3810 35 650 341
3810 40 755 260
3810 109 82 278
3820 23 575 455
3820 28 1051 372
3820 35 659 342
3820 40 755 259
3820 109 81 278
3820 112 5 319
3830 23 575 455
3830 28 1051 372
3830 35 668 342
3830 40 760 260
3830 109 80 278
3830 111 1 319
3830 112 9 318
3840 23 574 455
3840 28 1051 372
3840 35 687 343
3840 40 765 259
3840 109 80 277
3840 111 13 318
3840 112 27 319
3850 23 573 454
3850 28 1051 372
3850 35 696 343
3850 40 767 259
3850 109 79 277
3850 111 20 317
3850 112 34 316
3860 23 573 454
3860 28 1051 372
3860 35 705 343
3860 40 768 259
3860 109 78 277
3860 111 27 316
3860 112 41 316
3870 23 572 453
3870 28 1051 372
3870 35 713 343
3870 40 767 259
3870 109 78 277
3870 111 35 315
3870 112 49 316
3880 23 571 453
3880 28 1051 372
3880 35 722 343
3880 40 765 259
3880 109 77 277
3880 111 42 315
3880 112 56 316
3890 23 571 453
3890 28 1051 372
3890 35 730 343
3890 40 762 259
3890 109 76 277
3890 111 49 315
3890 112 63 318
3900 23 571 453
3900 28 1051 372
3900 35 738 343
3900 40 760 259
3900 109 76 277
3900 111 55 314
3900 112 69 320
3910 23 573 453
3910 28 1051 372
3910 35 746 343
3910 40 758 259
3910 109 75 276
3910 111 62 317
3910 112 75 321
3920 23 575 454
3920 28 1051 372
3920 35 755 343
3920 40 756 259
3920 109 74 276
3920 111 68 319
3920 112 83 322
3930 23 576 454
3930 28 1051 372
3930 35 763 343
3930 40 754 261
3930 109 74 276
3930 111 76 319
3930 112 90 321
3940 23 578 455
3940 28 1051 372
3940 35 771 343
3940 40 752 263
3940 109 73 276
3940 111 82 319
3940 112 97 321
3950 23 580 455
3950 28 1051 372
3950 35 780 343
3950 40 751 266
3950 109 73 277
3950 111 90 319
3950 112 104 319
3960 23 581 456
3960 28 1051 372
3960 35 788 343
3960 109 67 278
3960 111 99 319
3960 112 111 314
3970 23 583 456
3970 28 1051 372
3970 35 796 344
3970 109 63 279
3970 111 106 318
3970 112 119 312
3980 23 584 457
3980 28 1051 372
3980 35 804 344
3980 109 56 279
3980 111 113 314
3980 112 128 313
3990 23 585 457
3990 28 1051 372
3990 35 812 345
3990 109 53 280
3990 111 119 314
3990 112 137 316
4000 23 585 457
4000 28 1051 372
4000 35 820 345
4000 109 48 280
4000 111 126 314
4000 112 145 319
4010 23 586 457
4010 28 1051 372
4010 35 826 344
4010 109 43 280
4010 111 132 314
4010 112 154 322
4020 23 587 457
4020 28 1051 372
4020 35 833 344
4020 109 39 280
4020 111 138 314
4020 112 161 323
4030 23 587 457
4030 28 1051 372
4030 35 842 345
4030 109 36 281
4030 111 145 314
4030 112 168 323
4040 23 588 457
4040 28 1051 372
4040 35 848 343
4040 109 32 282
4040 111 151 314
4040 112 175 323
4050 23 588 457
4050 28 1051 372
4050 35 855 341
4050 109 29 283
4050 111 157 315
4050 112 183 322
4060 23 589 457
4060 28 1051 372
4060 35 861 340
4060 109 25 284
4060 111 162 315
4060 112 190 322
4070 23 590 457
4070 28 1051 372
4070 35 868 338
4070 109 22 284
4070 111 168 316
4070 112 198 321
4080 23 590 457
4080 28 1051 372
4080 35 874 337
4080 109 19 284
4080 111 174 316
4080 112 204 321
4090 23 591 457
4090 28 1051 372
4090 35 881 336
4090 109 16 285
4090 111 181 317
4090 112 211 321
4100 23 592 458
4100 28 1051 372
4100 35 888 336
4100 109 12 286
4100 111 189 317
4100 112 218 321
4110 23 592 458
4110 28 1051 372
4110 35 895 336
4110 109 10 286
4110 111 197 318
4110 112 224 321
4120 23 592 458
4120 28 1051 372
4120 35 900 337
4120 109 7 286
4120 111 205 318
4120 112 231 321
4130 23 592 458
4130 28 1051 372
4130 35 904 337
4130 109 5 286
4130 111 213 319
4130 112 238 321
4140 23 592 458
4140 28 1051 372
4140 35 908 338
4140 109 3 287
4140 111 221 319
4140 112 244 321
4150 23 592 458
4150 28 1051 372
4150 35 912 338
4150 109 1 283
4150 111 229 319
4150 112 251 321
4160 23 593 458
4160 28 1051 372
4160 35 913 338
4160 111 236 318
4160 112 258 321
4170 23 593 458
4170 28 1051 372
4170 35 914 338
4170 111 245 318
4170 112 264 321
4180 23 593 458
4180 28 1051 372
4180 35 915 338
4180 111 253 318
4180 112 270 321
4190 23 593 458
4190 28 1051 372
4190 35 915 339
4190 111 261 318
4190 112 277 321
4200 23 593 458
4200 28 1051 372
4200 35 914 339
4200 111 268 318
4200 112 283 321
4210 23 593 458
4210 28 1051 372
4210 35 914 339
4210 111 275 318
4210 112 290 321
4220 23 592 458
4220 28 1051 372
4220 35 914 339
4220 111 282 318
4220 112 297 321
4230 23 591 458
4230 28 1051 372
4230 35 915 339
4230 111 288 319
4230 112 303 320
4240 23 590 457
4240 28 1051 372
4240 35 917 339
4240 111 291 319
4240 112 309 320
4250 23 589 457
4250 28 1051 372
4250 35 916 338
4250 111 293 319
4250 112 315 319
4260 23 588 457
4260 28 1051 372
4260 35 916 338
4260 111 296 319
4260 112 321 319
4270 23 586 456
4270 28 1051 372
4270 35 918 338
4270 111 300 318
4270 112 327 318
4280 23 585 456
4280 28 1051 372
4280 35 919 339
4280 111 306 318
4280 112 334 318
4290 23 584 456
4290 28 1051 372
4290 111 312 318
4290 112 340 318
4300 23 583 455
4300 28 1051 372
4300 111 319 318
4300 112 347 318
4310 23 581 455
4310 28 1051 372
4310 111 325 318
4310 112 353 319
4320 23 579 455
4320 28 1051 372
4320 111 349 318
4320 112 376 319
4330 23 577 455
4330 28 1051 370
4330 111 356 317
4330 112 383 319
4340 23 575 455
4340 28 1051 370
4340 111 362 317
4340 112 389 319
4350 23 574 455
4350 28 1051 370
4350 111 368 317
4350 112 396 319
4360 23 574 455
4360 28 1051 370
4360 111 375 317
4360 112 402 319
4370 23 574 455
4370 28 1051 370
4370 111 382 317
4370 112 408 319
4380 23 575 455
4380 28 1051 370
4380 111 389 317
4380 112 414 319
4390 23 575 455
4390 28 1051 370
4390 111 395 316
4390 112 421 319
4400 23 576 455
4400 28 1051 370
4400 111 402 315
4400 112 427 319
4410 23 576 455
4410 28 1051 370
4410 111 408 315
4410 112 434 319
4420 23 577 455
4420 28 1051 370
4420 111 415 315
4420 112 441 319
4430 23 577 455
4430 28 1051 370
4430 39 1270 532
4430 111 421 315
4430 112 446 319
4440 23 577 455
4440 28 1051 370
4440 39 1267 546
4440 111 426 315
4440 112 451 319
4450 23 577 455
4450 28 1051 370
4450 39 1259 552
4450 111 432 314
4450 112 456 319
4460 23 577 455
4460 28 1051 370
4460 39 1251 558
4460 111 438 314
4460 112 461 319
4470 23 577 455
4470 28 1051 370
4470 39 1240 563
4470 111 444 314
4470 112 466 319
4480 23 577 455
4480 28 1051 370
4480 39 1229 569
4480 111 449 314
4480 112 470 318
4490 23 577 455
4490 28 1051 370
4490 39 1217 576
4490 111 455 314
4490 112 474 318
4500 23 577 455
4500 28 1051 370
4500 39 1205 585
4500 111 460 314
4500 112 479 318
4510 23 577 455
4510 28 1051 370
4510 39 1193 594
4510 111 466 314
4510 112 483 317
4520 23 576 456
4520 28 1051 370
4520 39 1186 602
4520 111 471 314
4520 112 487 317
4530 23 576 456
4530 28 1051 370
4530 39 1179 611
4530 111 476 314
4530 112 491 316
4540 23 576 456
4540 28 1051 370
4540 39 1172 621
4540 111 481 314
4540 112 495 316
4550 23 576 456
4550 28 1051 370
4550 39 1165 630
4550 111 486 313
4550 112 500 315
4560 23 576 456
4560 28 1051 370
4560 39 1158 640
4560 111 490 312
4560 112 504 314
4570 23 576 456
4570 28 1051 370
4570 39 1150 650
4570 111 494 312
4570 112 508 314
4580 23 576 456
4580 28 1051 370
4580 39 1137 665
4580 111 499 311
4580 112 512 313
4590 23 576 457
4590 28 1051 370
4590 39 1123 680
4590 111 503 311
4590 112 517 313
4600 23 577 457
4600 28 1051 370
4600 39 1110 688
4600 111 508 310
4600 112 521 312
4610 23 579 457
4610 28 1051 370
4610 39 1096 694
4610 111 512 310
4610 112 525 312
4620 23 581 457
4620 28 1051 370
4620 39 1083 700
4620 111 516 309
4620 112 529 311
4630 23 583 457
4630 28 1051 370
4630 39 1070 707
4630 111 520 309
4630 112 533 311
4630 114 1255 306
4640 23 585 458
4640 28 1051 370
4640 111 524 308
4640 112 537 311
4640 114 1251 307
4650 23 586 458
4650 28 1051 370
4650 111 528 307
4650 112 542 311
4650 114 1246 307
4660 23 588 458
4660 28 1051 370
4660 111 532 307
4660 112 546 311
4660 114 1243 307
4670 23 590 458
4670 28 1051 370
4670 41 750 263
4670 111 536 307
4670 112 550 311
4670 114 1238 306
4680 23 592 458
4680 28 1051 370
4680 41 754 260
4680 111 540 307
4680 112 553 311
4680 114 1233 306
4690 23 593 458
4690 28 1051 370
4690 33 1274 531
4690 41 756 261
4690 111 545 307
4690 112 557 310
4690 114 1228 306
4700 23 592 458
4700 28 1051 370
4700 33 1272 530
4700 41 758 261
4700 111 549 307
4700 112 560 310
4700 114 1223 305
4710 23 591 458
4710 28 1051 370
4710 33 1271 530
4710 41 763 262
4710 111 553 307
4710 112 565 309
4710 114 1218 305
4720 23 590 458
4720 28 1051 370
4720 33 1270 530
4720 41 766 262
4720 111 558 307
4720 112 569 309
4720 114 1213 305
4730 23 589 458
4730 28 1051 370
4730 33 1270 532
4730 41 770 263
4730 111 562 306
4730 112 573 308
4730 114 1208 305
4740 23 588 458
4740 28 1051 370
4740 33 1268 536
4740 41 772 263
4740 111 566 305
4740 112 577 309
4740 114 1203 304
4750 23 587 458
4750 28 1051 370
4750 33 1267 539
4750 41 775 263
4750 111 570 305
4750 112 580 303
4750 114 1197 303
4760 23 586 458
4760 28 1051 370
4760 33 1265 541
4760 41 778 264
4760 111 573 304
4760 112 584 300
4760 114 1191 301
4770 23 584 458
4770 28 1051 370
4770 33 1263 543
4770 41 782 264
4770 111 578 303
4770 112 588 300
4770 114 1186 300
4780 23 584 458
4780 28 1051 370
4780 33 1261 545
4780 41 785 264
4780 111 582 302
4780 112 591 300
4780 114 1180 300
4790 23 584 458
4790 28 1051 370
4790 33 1258 548
4790 41 788 264
4790 111 586 301
4790 112 595 299
4790 114 1175 300
4800 23 583 458
4800 28 1051 370
4800 32 1272 552
4800 33 1255 551
4800 41 790 264
4800 111 590 300
4800 112 599 299
4800 114 1170 300
4810 23 583 458
4810 28 1051 370
4810 32 1270 554
4810 33 1253 553
4810 41 792 264
4810 111 595 299
4810 112 602 299
4810 114 1165 299
4820 23 583 458
4820 28 1051 370
4820 32 1268 557
4820 33 1250 556
4820 111 599 299
4820 112 607 298
4820 114 1157 299
4830 23 582 458
4830 28 1051 370
4830 32 1267 560
4830 33 1246 560
4830 111 604 298
4830 112 612 297
4830 114 1150 298
4840 23 582 458
4840 28 1051 370
4840 32 1265 562
4840 33 1241 564
4840 111 610 297
4840 112 617 297
4840 114 1144 298
4850 23 582 458
4850 28 1051 370
4850 32 1262 566
4850 33 1237 568
4850 111 615 296
4850 112 621 297
4850 114 1139 297
4860 23 581 458
4860 28 1051 370
4860 32 1258 568
4860 33 1232 571
4860 111 619 297
4860 112 626 298
4860 114 1133 296
4870 23 581 458
4870 28 1051 370
4870 32 1255 571
4870 33 1230 574
4870 42 824 266
4870 111 624 298
4870 112 630 298
4870 114 1128 296
4880 23 581 458
4880 28 1051 370
4880 32 1253 574
4880 33 1227 578
4880 42 825 266
4880 111 628 298
4880 112 634 299
4880 114 1122 295
4890 23 580 458
4890 28 1051 370
4890 32 1250 577
4890 33 1225 581
4890 42 826 268
4890 111 632 299
4890 112 638 300
4890 114 1117 295
4900 23 580 458
4900 28 1051 370
4900 32 1247 581
4900 33 1221 585
4900 42 829 268
4900 111 636 299
4900 112 642 301
4900 114 1112 295
4910 23 580 458
4910 28 1051 370
4910 32 1244 584
4910 33 1218 587
4910 42 832 268
4910 111 640 300
4910 112 646 302
4910 114 1107 295
4920 23 579 458
4920 28 1051 370
4920 32 1243 588
4920 33 1216 590
4920 42 835 268
4920 111 645 301
4920 112 651 301
4920 114 1103 295
4930 23 579 458
4930 28 1051 370
4930 32 1242 591
4930 33 1212 594
4930 42 839 269
4930 111 649 302
4930 112 655 301
4930 114 1100 295
4940 23 579 458
4940 28 1051 370
4940 32 1235 594
4940 33 1209 597
4940 42 842 269
4940 111 653 301
4940 112 659 301
4940 114 1096 295
4950 23 578 458
4950 28 1051 370
4950 32 1232 598
4950 33 1207 601
4950 42 845 269
4950 111 657 301
4950 112 663 301
4950 114 1092 295
4960 23 578 458
4960 28 1051 370
4960 32 1228 600
4960 33 1204 604
4960 42 848 270
4960 111 661 301
4960 112 667 301
4960 114 1090 295
4970 23 578 458
4970 28 1051 370
4970 32 1225 605
4970 33 1202 608
4970 42 852 270
4970 111 666 301
4970 112 671 301
4970 114 1088 295
4980 23 577 458
4980 28 1051 370
4980 32 1222 609
4980 33 1198 612
4980 42 856 270
4980 111 670 301
4980 112 675 301
4980 114 1086 295
4990 23 577 458
4990 28 1051 370
4990 32 1219 612
4990 33 1195 615
4990 42 860 271
4990 111 674 300
4990 112 680 301
4990 114 1084 295
5000 23 577 458
5000 28 1051 370
5000 32 1215 616
5000 33 1193 619
5000 42 864 271
5000 111 678 300
5000 112 684 301
5000 114 1082 295
5010 23 576 458
5010 28 1051 370
5010 32 1212 620
5010 33 1189 622
5010 42 868 272
5010 111 682 300
5010 112 688 301
5010 114 1080 295
5020 23 576 458
5020 28 1051 370
5020 32 1209 624
5020 33 1188 626
5020 42 872 272
5020 111 686 299
5020 112 692 301
5020 114 1079 296
5030 23 576 458
5030 28 1051 370
5030 32 1206 628
5030 33 1184 629
5030 42 877 272
5030 111 689 299
5030 112 696 301
5030 114 1077 296
5040 23 575 458
5040 28 1051 370
5040 32 1202 632
5040 33 1180 631
5040 42 881 272
5040 111 693 299
5040 112 700 300
5040 114 1075 297
5050 23 575 458
5050 28 1051 370
5050 32 1199 636
5050 33 1179 635
5050 42 884 273
5050 111 696 299
5050 112 704 300
5050 114 1074 297
5060 23 574 458
5060 28 1051 370
5060 32 1196 640
5060 33 1175 638
5060 42 888 273
5060 111 700 299
5060 112 708 300
5060 114 1072 298
5070 23 574 458
5070 28 1051 370
5070 32 1193 644
5070 33 1172 642
5070 42 892 273
5070 111 703 299
5070 112 712 300
5070 114 1070 298
5080 23 574 458
5080 28 1051 370
5080 32 1190 647
5080 33 1170 645
5080 42 896 273
5080 111 706 299
5080 112 715 300
5080 114 1068 299
5090 23 573 458
5090 28 1051 370
5090 32 1188 650
5090 33 1166 649
5090 42 899 273
5090 111 709 299
5090 112 719 300
5090 114 1066 299
5100 23 573 458
5100 28 1051 370
5100 32 1185 654
5100 33 1162 653
5100 42 902 273
5100 111 712 299
5100 112 723 300
5100 114 1064 300
5100 115 1201 399
5110 23 573 458
5110 28 1051 370
5110 32 1182 658
5110 33 1159 657
5110 42 906 274
5110 111 715 298
5110 112 727 300
5110 114 1063 300
5110 115 1199 401
5120 23 572 458
5120 28 1051 370
5120 32 1178 662
5120 33 1155 662
5120 42 911 274
5120 111 718 298
5120 112 730 299
5120 114 1061 301
5120 115 1195 403
5130 23 572 458
5130 28 1051 370
5130 32 1174 667
5130 33 1149 666
5130 42 915 275
5130 111 721 298
5130 112 733 299
5130 114 1060 301
5130 115 1191 403
5140 23 572 458
5140 28 1051 370
5140 32 1170 670
5140 33 1143 671
5140 42 918 275
5140 111 723 298
5140 112 735 299
5140 114 1058 301
5140 115 1187 404
5150 23 571 458
5150 28 1051 370
5150 32 1166 674
5150 33 1139 675
5150 42 922 275
5150 111 726 298
5150 112 738 299
5150 114 1057 302
5150 115 1183 404
5160 23 571 458
5160 28 1051 370
5160 32 1161 680
5160 33 1133 680
5160 42 926 275
5160 111 729 298
5160 112 741 298
5160 114 1054 302
5160 115 1179 404
5170 23 571 458
5170 28 1051 370
5170 32 1156 686
5170 33 1128 685
5170 42 929 276
5170 111 732 297
5170 112 744 298
5170 114 1052 302
5170 115 1175 405
5180 23 571 458
5180 28 1051 370
5180 32 1149 688
5180 33 1122 686
5180 42 932 276
5180 111 734 297
5180 112 746 298
5180 114 1049 302
5180 115 1171 406
5190 23 571 458
5190 28 1051 370
5190 32 1141 689
5190 33 1117 687
5190 42 936 277
5190 111 737 297
5190 112 749 297
5190 114 1047 302
5190 115 1168 407
5200 23 571 458
5200 28 1051 370
5200 32 1139 692
5200 33 1113 689
5200 42 939 278
5200 111 740 297
5200 112 752 297
5200 114 1044 302
5200 115 1165 408
5210 23 571 458
5210 28 1051 370
5210 32 1137 694
5210 33 1109 691
5210 42 943 278
5210 111 742 296
5210 112 754 297
5210 114 1042 302
5210 115 1162 409
5220 23 571 458
5220 28 1051 370
5220 32 1135 696
5220 33 1106 693
5220 42 947 278
5220 111 745 296
5220 112 757 296
5220 114 1039 302
5220 115 1160 410
5230 23 571 458
5230 28 1051 370
5230 32 1132 699
5230 33 1102 696
5230 42 951 278
5230 111 747 296
5230 112 760 296
5230 114 1036 302
5230 115 1157 411
5240 23 571 458
5240 28 1051 370
5240 32 1128 702
5240 33 1098 698
5240 42 955 278
5240 111 750 295
5240 112 762 296
5240 114 1034 302
5240 115 1154 412
5250 23 571 458
5250 28 1051 370
5250 32 1125 705
5250 33 1094 701
5250 42 958 279
5250 111 754 295
5250 112 765 296
5250 114 1031 302
5250 115 1151 414
5260 23 571 458
5260 28 1051 370
5260 32 1123 708
5260 33 1088 704
5260 42 961 279
5260 111 757 295
5260 112 768 295
5260 114 1028 302
5260 115 1149 415
5270 23 571 458
5270 28 1051 370
5270 32 1119 711
5270 33 1082 706
5270 42 964 279
5270 111 760 295
5270 112 771 295
5270 114 1026 303
5270 115 1146 416
5280 23 571 458
5280 28 1051 370
5280 32 1115 713
5280 33 1076 709
5280 42 967 280
5280 111 763 294
5280 112 773 295
5280 114 1022 303
5280 115 1143 417
5290 23 571 458
5290 28 1051 370
5290 33 1070 712
5290 42 970 280
5290 111 766 294
5290 112 776 294
5290 114 1019 303
5290 115 1141 419
5300 23 571 458
5300 28 1051 370
5300 33 1064 714
5300 42 973 281
5300 111 769 294
5300 112 779 294
5300 114 1016 303
5300 115 1138 420
5310 23 571 458
5310 28 1051 370
5310 42 975 281
5310 111 772 293
5310 112 781 294
5310 114 1012 303
5310 115 1136 421
5320 23 571 458
5320 28 1051 370
5320 42 978 281
5320 111 775 293
5320 112 784 293
5320 114 1009 303
5320 115 1133 422
5330 23 571 458
5330 28 1051 370
5330 42 981 282
5330 111 778 293
5330 112 787 293
5330 114 1006 303
5330 115 1130 424
5340 23 571 458
5340 28 1051 370
5340 42 983 282
5340 111 782 293
5340 112 790 293
5340 114 1002 303
5340 115 1127 425
5350 23 571 458
5350 28 1051 370
5350 42 986 282
5350 111 785 293
5350 112 792 293
5350 114 998 303
5350 115 1125 426
5360 23 571 458
5360 28 1051 370
5360 42 988 282
5360 111 788 293
5360 112 795 292
5360 114 995 303
5360 115 1123 427
5370 23 571 458
5370 28 1051 370
5370 42 991 282
5370 111 791 292
5370 112 799 292
5370 114 992 303
5370 115 1121 428
5380 23 571 458
5380 28 1051 370
5380 42 993 283
5380 111 794 292
5380 112 802 292
5380 114 989 304
5380 115 1118 430
5390 23 571 458
5390 28 1051 370
5390 42 996 284
5390 111 798 291
5390 112 805 292
5390 114 985 304
5390 115 1116 431
5400 23 571 458
5400 28 1051 370
5400 42 998 285
5400 111 801 291
5400 112 808 291
5400 114 981 304
5400 115 1114 432
5410 23 571 458
5410 28 1051 370
5410 42 998 285
5410 111 805 291
5410 112 812 291
5410 114 977 304
5410 115 1112 433
5420 23 571 458
5420 28 1051 370
5420 42 998 285
5420 111 809 291
5420 112 816 291
5420 114 974 304
5420 115 1110 434
5430 23 571 458
5430 28 1051 370
5430 42 997 286
5430 111 812 291
5430 112 819 291
5430 114 970 304
5430 115 1108 435
5440 23 571 458
5440 28 1051 370
5440 42 997 286
5440 111 817 291
5440 112 823 291
5440 114 966 304
5440 115 1105 436
5450 23 571 458
5450 28 1051 370
5450 42 997 285
5450 111 821 291
5450 112 827 291
5450 114 962 304
5450 115 1103 437
5460 23 571 458
5460 28 1051 370
5460 42 996 285
5460 111 825 291
5460 112 831 291
5460 114 959 305
5460 115 1100 438
5470 23 571 458
5470 28 1051 370
5470 42 996 285
5470 111 830 291
5470 112 836 291
5470 114 954 305
5470 115 1097 440
5480 23 571 458
5480 28 1051 370
5480 42 996 285
5480 111 834 291
5480 112 841 290
5480 114 950 305
5480 115 1093 441
5490 23 571 458
5490 28 1051 370
5490 42 996 285
5490 111 838 289
5490 112 845 288
5490 114 945 305
5490 115 1090 442
5500 23 571 458
5500 28 1051 370
5500 42 996 285
5500 111 842 288
5500 112 850 288
5500 114 941 305
5500 115 1087 444
5510 23 571 458
5510 28 1051 370
5510 42 996 285
5510 111 847 288
5510 112 855 287
5510 114 937 305
5510 115 1084 445
5520 23 571 457
5520 28 1051 370
5520 42 996 285
5520 111 852 289
5520 112 859 287
5520 114 932 306
5520 115 1081 447
5530 23 572 457
5530 28 1051 370
5530 42 997 286
5530 111 857 287
5530 112 864 286
5530 114 928 306
5530 115 1078 448
5540 23 573 457
5540 28 1051 370
5540 42 997 286
5540 111 863 286
5540 112 869 287
5540 114 923 306
5540 115 1074 450
5550 23 574 457
5550 28 1051 370
5550 42 997 286
5550 111 868 286
5550 112 873 287
5550 114 919 306
5550 115 1070 451
5560 23 575 457
5560 28 1051 370
5560 42 997 286
5560 111 873 286
5560 112 878 287
5560 114 914 306
5560 115 1066 452
5570 23 576 457
5570 28 1051 370
5570 42 997 287
5570 111 879 287
5570 112 884 288
5570 114 910 306
5570 115 1062 454
5580 23 577 457
5580 28 1051 370
5580 42 997 287
5580 111 884 288
5580 112 890 290
5580 114 904 306
5580 115 1058 455
5590 23 578 457
5590 28 1051 370
5590 42 997 287
5590 111 890 289
5590 112 894 292
5590 114 899 306
5590 115 1055 457
5600 23 579 456
5600 28 1051 370
5600 42 997 288
5600 111 895 291
5600 112 899 292
5600 114 893 306
5600 115 1051 458
5610 23 580 456
5610 28 1051 370
5610 42 997 288
5610 111 899 293
5610 112 905 294
5610 114 887 306
5610 115 1047 460
5620 23 581 456
5620 28 1051 370
5620 42 997 288
5620 111 905 294
5620 112 910 295
5620 114 881 306
5620 115 1043 461
5630 23 582 456
5630 28 1049 370
5630 42 997 288
5630 111 910 294
5630 112 914 294
5630 114 876 306
5630 115 1039 463
5640 23 583 456
5640 28 1045 370
5640 42 997 289
5640 111 916 294
5640 112 920 295
5640 114 871 306
5640 115 1035 464
5650 23 584 456
5650 28 1042 370
5650 42 997 289
5650 111 920 294
5650 112 925 295
5650 114 865 306
5650 115 1032 466
5660 23 585 456
5660 28 1038 370
5660 42 997 289
5660 111 925 295
5660 112 931 296
5660 114 860 306
5660 115 1028 467
5670 23 586 456
5670 28 1035 372
5670 42 997 289
5670 111 929 295
5670 112 936 297
5670 114 854 305
5670 115 1024 469
5680 23 587 456
5680 28 1029 373
5680 42 997 289
5680 111 934 295
5680 112 941 297
5680 114 849 305
5680 115 1020 470
5690 23 588 456
5690 28 1024 375
5690 42 997 289
5690 111 940 296
5690 112 945 297
5690 114 844 305
5690 115 1016 472
5700 23 587 456
5700 28 1019 377
5700 42 997 289
5700 111 947 297
5700 112 950 297
5700 114 838 305
5700 115 1012 474
5710 23 587 456
5710 28 1013 379
5710 42 997 289
5710 111 952 297
5710 112 955 297
5710 114 833 305
5710 115 1008 476
5720 23 586 456
5720 28 1010 382
5720 42 997 289
5720 111 958 297
5720 112 960 297
5720 114 828 305
5720 115 1004 477
5730 23 582 456
5730 28 1006 382
5730 42 997 289
5730 111 963 297
5730 112 964 297
5730 114 823 305
5730 115 1000 479
5740 23 579 456
5740 28 1003 383
5740 42 997 288
5740 111 969 297
5740 112 968 298
5740 114 818 305
5740 115 996 481
5750 23 576 456
5750 28 1001 383
5750 42 997 288
5750 111 974 297
5750 112 974 298
5750 114 812 305
5750 115 992 483
5760 23 575 456
5760 28 997 385
5760 42 997 288
5760 111 980 297
5760 112 979 298
5760 114 807 305
5760 115 988 485
5770 23 575 456
5770 28 994 385
5770 42 997 288
5770 111 985 297
5770 112 985 297
5770 114 802 305
5770 115 984 486
5780 23 575 456
5780 28 990 387
5780 42 996 288
5780 111 990 297
5780 112 990 297
5780 114 797 305
5780 115 980 488
5790 23 575 456
5790 28 989 387
5790 42 996 288
5790 111 995 297
5790 112 995 297
5790 114 792 305
5790 115 976 490
5800 23 575 456
5800 28 985 389
5800 42 996 288
5800 111 1000 298
5800 112 1001 298
5800 114 787 305
5800 115 972 492
5810 23 576 457
5810 28 981 389
5810 42 996 288
5810 111 1005 298
5810 112 1006 298
5810 114 782 305
5810 115 968 494
5820 23 576 457
5820 28 978 390
5820 42 996 288
5820 111 1010 298
5820 112 1011 299
5820 114 776 305
5820 115 964 495
5830 23 576 457
5830 28 976 390
5830 42 996 288
5830 111 1015 299
5830 112 1017 299
5830 114 771 305
5830 115 960 497
5840 23 576 457
5840 28 973 392
5840 42 996 288
5840 111 1020 299
5840 112 1022 299
5840 114 766 305
5840 115 956 499
5850 23 576 457
5850 28 969 392
5850 42 996 288
5850 111 1026 299
5850 112 1027 300
5850 114 761 305
5850 115 952 501
5860 23 576 458
5860 28 967 392
5860 42 996 288
5860 111 1031 299
5860 112 1033 300
5860 114 756 305
5860 115 949 503
5870 23 576 458
5870 28 964 394
5870 42 996 288
5870 111 1036 300
5870 112 1038 301
5870 114 751 305
5870 115 944 505
5880 23 576 458
5880 28 962 394
5880 42 996 288
5880 111 1041 300
5880 112 1043 301
5880 114 746 304
5880 115 939 507
5890 23 576 458
5890 28 958 394
5890 42 996 288
5890 111 1047 300
5890 112 1048 301
5890 114 740 303
5890 115 934 509
5900 23 576 458
5900 28 955 394
5900 42 996 288
5900 111 1052 300
5900 112 1054 301
5900 114 734 304
5900 115 929 511
5910 23 576 458
5910 28 953 396
5910 42 996 288
5910 111 1057 301
5910 112 1059 301
5910 114 728 304
5910 115 924 513
5920 23 576 458
5920 28 949 396
5920 42 995 288
5920 111 1062 301
5920 112 1064 301
5920 114 722 304
5920 115 919 515
5930 23 576 458
5930 28 946 396
5930 42 995 288
5930 111 1067 301
5930 112 1069 301
5930 114 716 304
5930 115 914 517
5940 23 576 458
5940 28 944 398
5940 42 995 288
5940 111 1071 301
5940 112 1075 302
5940 114 711 304
5940 115 909 519
5950 23 576 458
5950 28 941 398
5950 42 995 288
5950 111 1076 301
5950 112 1079 302
5950 114 706 304
5950 115 904 521
5960 23 576 458
5960 28 939 398
5960 42 995 288
5960 111 1081 301
5960 112 1084 303
5960 114 701 304
5960 115 899 523
5970 23 576 458
5970 28 935 399
5970 42 995 288
5970 111 1086 302
5970 112 1089 304
5970 114 696 304
5970 115 894 525
5980 23 576 458
5980 28 932 399
5980 42 995 288
5980 111 1090 302
5980 112 1094 305
5980 114 690 304
5980 115 889 527
5990 23 576 458
5990 28 928 401
5990 42 995 288
5990 111 1094 302
5990 112 1099 305
5990 114 684 304
5990 115 884 529
6000 23 576 458
6000 28 925 401
6000 42 995 288
6000 111 1099 302
6000 112 1104 306
6000 114 678 304
6000 115 879 531
6010 23 576 458
6010 28 921 403
6010 42 995 288
6010 111 1103 303
6010 112 1109 307
6010 114 672 304
6010 115 874 533
6020 23 576 458
6020 28 917 403
6020 42 995 288
6020 111 1107 303
6020 112 1114 308
6020 114 666 303
6020 115 869 535
6030 23 576 458
6030 28 914 405
6030 42 995 288
6030 111 1112 303
6030 112 1117 307
6030 114 660 302
6030 115 864 537
6040 23 576 458
6040 28 912 405
6040 42 995 288
6040 111 1116 303
6040 112 1121 307
6040 114 654 301
6040 115 860 541
6050 23 577 458
6050 28 909 406
6050 42 995 288
6050 111 1120 303
6050 112 1125 306
6050 114 648 300
6050 115 855 543
6060 23 578 458
6060 28 905 408
6060 42 995 288
6060 111 1123 303
6060 112 1129 306
6060 114 642 299
6060 115 850 546
6070 23 578 457
6070 28 901 408
6070 42 995 288
6070 111 1126 303
6070 112 1133 306
6070 114 636 298
6070 115 846 548
6080 23 579 457
6080 28 898 410
6080 42 995 288
6080 111 1130 303
6080 112 1137 305
6080 114 630 297
6080 115 841 551
6090 23 579 457
6090 28 893 411
6090 42 995 288
6090 111 1133 303
6090 112 1141 305
6090 114 624 296
6090 115 836 554
6100 23 580 457
6100 28 889 412
6100 42 995 288
6100 111 1137 303
6100 112 1145 305
6100 114 618 295
6100 115 832 556
6110 23 580 457
6110 28 884 414
6110 42 995 288
6110 111 1140 302
6110 112 1149 305
6110 114 612 294
6110 115 827 559
6120 23 581 457
6120 28 880 414
6120 42 995 288
6120 111 1143 302
6120 112 1153 305
6120 114 605 295
6120 115 822 561
6130 23 582 457
6130 28 875 416
6130 42 995 288
6130 111 1145 302
6130 112 1157 305
6130 114 599 297
6130 115 818 564
6140 23 582 459
6140 28 871 418
6140 42 995 288
6140 111 1148 301
6140 112 1161 305
6140 114 593 297
6140 115 813 567
6150 23 582 460
6150 28 866 419
6150 42 995 288
6150 111 1151 301
6150 112 1165 305
6150 114 586 296
6150 115 808 569
6160 23 585 461
6160 28 862 420
6160 42 995 288
6160 111 1154 301
6160 112 1167 304
6160 114 580 297
6160 115 802 572
6170 23 589 461
6170 28 857 421
6170 42 995 288
6170 111 1156 301
6170 112 1169 304
6170 114 572 298
6170 115 797 575
6180 23 594 461
6180 28 853 422
6180 42 995 288
6180 111 1159 301
6180 112 1171 304
6180 114 566 299
6180 115 791 578
6190 23 599 461
6190 28 848 424
6190 42 995 288
6190 111 1161 301
6190 112 1173 304
6190 114 561 299
6190 115 785 580
6200 23 602 462
6200 28 845 426
6200 42 995 288
6200 111 1163 301
6200 112 1176 304
6200 114 555 299
6200 115 779 583
6210 23 604 462
6210 28 841 428
6210 42 995 288
6210 111 1166 301
6210 112 1178 304
6210 114 550 299
6210 115 774 586
6220 23 607 462
6220 28 837 428
6220 42 995 288
6220 111 1168 301
6220 112 1180 304
6220 114 544 299
6220 115 767 591
6230 23 609 462
6230 28 834 429
6230 42 995 288
6230 111 1170 301
6230 112 1182 304
6230 114 538 299
6230 115 760 594
6240 23 611 462
6240 28 830 431
6240 42 995 288
6240 111 1172 301
6240 112 1184 304
6240 114 532 299
6240 115 753 598
6250 23 614 463
6250 28 827 433
6250 42 995 288
6250 111 1175 301
6250 112 1187 304
6250 114 525 300
6250 115 745 601
6260 23 616 463
6260 28 823 435
6260 42 995 288
6260 111 1177 301
6260 112 1190 304
6260 114 519 300
6260 115 738 605
6270 23 616 463
6270 28 821 435
6270 42 995 288
6270 111 1179 301
6270 112 1194 304
6270 114 513 301
6270 115 731 608
6280 23 616 463
6280 28 818 436
6280 42 995 288
6280 111 1182 301
6280 112 1197 304
6280 114 506 301
6280 115 724 612
6290 23 616 463
6290 28 814 438
6290 42 995 288
6290 111 1184 301
6290 112 1200 304
6290 114 500 301
6290 115 717 615
6300 23 616 463
6300 28 811 440
6300 42 995 288
6300 111 1186 301
6300 112 1203 304
6300 114 493 300
6300 115 710 619
6310 23 616 463
6310 28 807 442
6310 42 995 288
6310 111 1189 301
6310 112 1206 304
6310 114 487 300
6310 115 703 623
6320 23 616 463
6320 28 804 442
6320 42 995 288
6320 111 1191 301
6320 112 1210 304
6320 114 480 300
6320 115 695 626
6330 23 616 463
6330 28 798 444
6330 42 995 288
6330 111 1195 301
6330 112 1213 305
6330 114 474 299
6330 115 688 630
6340 23 616 463
6340 28 795 445
6340 42 995 288
6340 111 1199 301
6340 112 1216 305
6340 114 468 299
6340 115 681 634
6350 23 616 463
6350 28 791 445
6350 42 995 288
6350 111 1203 301
6350 112 1219 305
6350 114 461 299
6350 115 673 639
6360 23 616 463
6360 28 788 447
6360 42 995 288
6360 111 1207 301
6360 112 1222 305
6360 114 455 299
6360 115 666 643
6370 23 616 463
6370 28 782 447
6370 42 995 288
6370 111 1211 302
6370 112 1226 305
6370 114 448 299
6370 115 659 647
6380 23 616 463
6380 28 779 449
6380 42 995 288
6380 111 1215 302
6380 112 1229 305
6380 114 441 299
6380 115 651 651
6390 23 616 463
6390 28 773 451
6390 42 995 288
6390 111 1219 302
6390 112 1232 305
6390 114 435 299
6390 115 644 655
6400 23 616 463
6400 28 767 452
6400 42 995 288
6400 111 1223 302
6400 112 1235 305
6400 114 429 299
6400 115 635 659
6410 23 616 463
6410 28 760 453
6410 42 995 288
6410 111 1227 302
6410 112 1238 305
6410 114 421 299
6410 115 624 664
6420 23 616 463
6420 28 753 456
6420 42 995 288
6420 111 1231 303
6420 112 1242 304
6420 114 413 299
6420 115 613 668
6430 23 616 463
6430 28 746 458
6430 42 995 288
6430 111 1235 302
6430 112 1245 304
6430 114 405 299
6430 115 603 672
6440 23 616 463
6440 28 739 460
6440 38 1218 371
6440 42 995 288
6440 111 1239 302
6440 112 1248 303
6440 114 397 299
6440 115 592 676
6450 23 616 463
6450 28 733 461
6450 38 1217 373
6450 42 995 288
6450 111 1243 302
6450 112 1252 302
6450 114 389 299
6450 115 581 679
6460 23 616 463
6460 28 726 463
6460 38 1215 374
6460 42 995 288
6460 111 1247 302
6460 112 1255 302
6460 114 384 299
6460 115 569 681
6470 23 616 463
6470 28 719 465
6470 38 1212 374
6470 42 995 288
6470 111 1251 302
6470 112 1258 302
6470 114 379 299
6470 115 558 685
6480 23 616 463
6480 28 711 467
6480 38 1209 375
6480 42 995 288
6480 111 1255 300
6480 114 374 299
6480 115 543 687
6490 23 616 463
6490 28 704 470
6490 38 1207 377
6490 42 995 288
6490 111 1258 301
6490 114 370 299
6490 115 527 689
6500 23 616 463
6500 28 698 472
6500 38 1204 378
6500 42 995 288
6500 114 365 299
6500 115 512 691
6510 23 616 463
6510 28 691 472
6510 38 1202 380
6510 42 995 288
6510 114 360 299
6510 115 496 693
6520 23 616 463
6520 28 684 474
6520 38 1200 381
6520 42 995 288
6520 114 355 299
6520 115 481 695
6530 23 616 463
6530 28 677 477
6530 38 1198 382
6530 42 995 288
6530 114 350 299
6530 115 465 697
6540 23 614 463
6540 28 670 478
6540 38 1197 384
6540 42 995 288
6540 114 345 299
6540 115 449 699
6550 23 609 463
6550 28 661 481
6550 38 1196 385
6550 42 995 288
6550 114 340 300
6550 115 433 702
6560 23 603 464
6560 28 652 484
6560 38 1195 386
6560 42 995 288
6560 114 335 301
6560 115 417 704
6570 23 597 465
6570 28 643 486
6570 38 1196 386
6570 42 995 288
6570 114 329 301
6570 115 399 707
6580 23 594 466
6580 28 634 489
6580 38 1192 386
6580 42 995 288
6580 114 323 301
6580 115 352 712
6590 23 592 466
6590 28 627 492
6590 38 1189 388
6590 42 995 288
6590 114 317 302
6590 115 332 713
6600 23 591 466
6600 28 618 495
6600 38 1186 390
6600 42 995 288
6600 114 311 302
6600 115 312 715
6610 23 589 466
6610 28 609 497
6610 38 1183 391
6610 42 995 288
6610 114 305 303
6620 23 588 465
6620 28 600 500
6620 38 1180 392
6620 42 995 288
6620 114 300 303
6630 23 588 465
6630 28 592 502
6630 38 1177 394
6630 42 994 288
6630 114 295 304
6640 23 588 465
6640 28 581 504
6640 38 1174 394
6640 42 994 288
6640 114 290 304
6650 23 588 465
6650 28 572 506
6650 38 1172 396
6650 42 994 288
6650 114 284 305
6660 23 587 465
6660 28 561 506
6660 38 1168 398
6660 42 994 288
6660 114 279 306
6670 23 587 465
6670 28 551 508
6670 38 1167 398
6670 42 994 288
6670 114 275 306
6680 23 587 465
6680 28 542 510
6680 38 1165 399
6680 42 994 288
6680 114 270 307
6690 23 587 465
6690 28 531 511
6690 38 1161 401
6690 42 994 288
6690 114 263 307
6700 23 587 464
6700 28 520 513
6700 38 1159 401
6700 42 994 288
6700 114 257 308
6710 23 587 464
6710 28 512 515
6710 38 1156 403
6710 42 994 288
6710 114 250 308
6720 23 587 464
6720 28 503 517
6720 38 1154 405
6720 42 994 288
6720 114 244 309
6730 23 588 464
6730 28 492 518
6730 38 1152 405
6730 42 994 288
6730 114 237 309
6740 23 588 464
6740 28 483 522
6740 38 1149 407
6740 42 994 288
6740 114 231 310
6750 23 588 463
6750 28 474 524
6750 38 1147 408
6750 42 994 288
6750 114 225 310
6760 23 589 463
6760 28 465 526
6760 38 1145 410
6760 42 994 288
6760 114 218 310
6770 23 589 463
6770 28 455 527
6770 38 1142 410
6770 42 994 288
6770 114 212 311
6780 23 589 463
6780 28 446 531
6780 38 1140 412
6780 42 994 288
6780 114 205 311
6790 23 589 462
6790 28 437 533
6790 38 1136 414
6790 42 994 288
6790 114 198 311
6800 23 585 460
6800 28 428 536
6800 38 1135 414
6800 42 994 288
6800 114 191 311
6810 23 580 458
6810 28 421 540
6810 38 1133 415
6810 42 994 288
6810 114 184 312
6820 23 576 456
6820 28 412 543
6820 38 1129 417
6820 42 994 288
6820 114 177 312
6830 23 574 454
6830 28 403 549
6830 38 1127 417
6830 42 994 288
6830 114 170 312
6840 23 574 454
6840 28 396 552
6840 38 1124 419
6840 42 994 288
6840 114 163 313
6850 23 574 454
6850 28 387 556
6850 38 1122 421
6850 42 994 288
6850 114 156 313
6860 23 574 454
6860 28 378 559
6860 38 1120 421
6860 42 994 288
6860 114 149 313
6870 23 574 454
6870 28 371 563
6870 38 1117 423
6870 42 994 288
6870 114 142 314
6880 23 574 455
6880 28 362 566
6880 38 1115 424
6880 42 994 288
6880 114 135 314
6890 23 574 455
6890 28 353 571
6890 38 1113 426
6890 42 994 288
6890 114 128 314
6900 23 574 456
6900 28 345 575
6900 38 1110 426
6900 42 994 288
6900 114 121 314
6910 23 574 456
6910 28 336 580
6910 38 1106 428
6910 42 994 288
6910 114 114 315
6910 134 1256 324
6920 23 574 456
6920 28 327 583
6920 38 1103 430
6920 42 994 288
6920 114 107 315
6920 134 1249 321
6930 23 574 457
6930 28 320 587
6930 38 1099 431
6930 42 994 288
6930 114 100 315
6930 134 1246 320
6940 23 574 457
6940 28 311 592
6940 38 1095 432
6940 42 994 288
6940 114 92 317
6940 134 1241 320
6950 23 573 457
6950 28 305 596
6950 38 1093 434
6950 42 994 288
6950 114 85 317
6950 134 1236 319
6960 23 571 457
6960 28 295 600
6960 38 1091 435
6960 42 994 288
6960 114 78 317
6960 134 1231 317
6970 23 568 457
6970 28 286 604
6970 38 1087 436
6970 42 994 288
6970 114 71 317
6970 134 1226 320
6980 23 566 456
6980 28 277 607
6980 38 1083 438
6980 42 994 288
6980 114 64 317
6980 134 1222 322
6990 23 563 456
6990 28 264 611
6990 38 1079 439
6990 42 994 288
6990 114 53 316
6990 134 1217 321
7000 23 561 456
7000 28 250 614
7000 38 1076 440
7000 42 994 288
7000 114 43 315
7000 134 1212 321
7010 23 563 456
7010 28 241 620
7010 38 1072 442
7010 42 994 288
7010 114 32 314
7010 134 1207 321
7020 23 565 456
7020 28 227 623
7020 38 1069 444
7020 42 994 288
7020 114 23 316
7020 134 1202 321
7030 23 568 456
7030 28 214 627
7030 38 1065 445
7030 42 994 288
7030 114 12 316
7030 134 1197 321
7040 23 571 456
7040 28 205 628
7040 38 1062 446
7040 42 994 288
7040 114 7 316
7040 134 1193 322
7050 23 573 456
7050 28 193 630
7050 38 1060 447
7050 42 994 288
7050 114 2 317
7050 134 1188 322
7060 23 575 456
7060 28 180 637
7060 38 1056 448
7060 42 994 288
7060 134 1183 322
7070 23 575 456
7070 28 167 642
7070 38 1053 450
7070 42 994 288
7070 134 1179 322
7080 23 576 456
7080 28 151 647
7080 38 1049 452
7080 42 994 288
7080 134 1174 322
7090 23 576 456
7090 28 135 652
7090 38 1046 453
7090 42 994 288
7090 134 1169 322
7100 23 577 456
7100 28 123 656
7100 38 1042 454
7100 42 994 288
7100 134 1166 323
7110 23 577 456
7110 28 110 660
7110 38 1039 456
7110 42 994 288
7110 134 1162 323
7120 23 577 456
7120 28 97 662
7120 38 1037 458
7120 42 994 288
7120 134 1156 323
7130 23 578 457
7130 28 83 664
7130 38 1031 460
7130 42 994 288
7130 134 1150 323
7140 23 578 457
7140 28 70 666
7140 38 1028 461
7140 42 994 288
7140 134 1145 323
7150 23 578 457
7150 28 56 668
7150 38 1024 463
7150 42 994 288
7150 134 1141 323
7160 23 578 457
7160 28 46 676
7160 38 1021 465
7160 42 994 288
7160 134 1137 324
