0 5 601 290
10 5 596 290
20 5 592 290
30 5 588 291
40 5 584 292
50 5 580 293
60 5 575 292
70 5 570 292
80 5 565 292
90 5 560 292
100 5 555 292
110 5 550 292
120 5 542 293
130 5 537 294
140 5 532 294
150 5 527 294
160 5 523 294
170 5 518 294
180 5 513 294
190 5 508 294
200 5 503 295
210 5 498 295
220 5 493 295
230 5 488 295
240 5 483 296
250 5 477 296
260 5 472 297
270 5 466 298
280 5 460 298
290 5 455 298
300 5 449 298
310 5 443 298
320 5 438 299
330 5 434 299
340 5 430 299
350 5 426 300
360 5 421 300
370 5 416 300
380 5 411 301
390 5 405 301
400 5 399 302
410 5 394 302
420 5 389 303
430 5 384 303
440 5 379 303
450 5 375 304
460 5 370 304
470 5 365 305
480 5 360 306
490 5 355 306
500 5 351 307
510 5 347 308
520 5 342 309
530 5 338 310
540 5 334 310
550 5 330 310
560 5 327 311
570 5 324 313
580 5 321 314
590 5 318 315
600 5 315 316
610 5 311 317
620 5 308 318
630 5 305 319
640 5 301 321
650 5 299 322
660 5 297 324
670 5 294 325
680 5 292 327
690 5 290 328
700 5 287 331
710 5 284 333
720 5 283 334
730 5 283 336
740 5 284 337
750 5 285 339
760 5 287 341
770 5 287 344
780 5 287 347
790 5 287 350
800 5 287 352
810 5 287 354
820 5 286 358
830 5 285 361
840 5 284 364
850 5 283 366
860 5 281 368
870 5 280 372
880 5 279 376
890 5 277 379
900 5 276 381
910 5 274 385
920 5 271 389
930 5 268 393
940 5 264 396
950 5 261 400
960 5 257 404
970 5 252 408
980 5 248 412
990 5 245 416
1000 5 242 420
1010 5 238 424
1020 5 233 430
1030 5 228 435
1040 5 220 440
1050 5 210 444
1060 5 199 448
1070 5 188 452
1080 5 177 456
1090 5 165 460
1100 5 153 464
1110 5 142 468
1120 5 134 474
1130 5 126 480
1140 5 117 488
1150 5 108 496
1160 5 102 503
1170 5 96 511
1180 5 90 519
1190 5 80 530
1200 5 69 541
1210 5 55 551
1220 5 40 563
1230 5 24 577
1240 5 19 591
1250 5 15 607
1260 5 15 621
1270 5 14 636
1280 5 13 651
1290 5 11 669
1310 14 1251 328
1320 14 1249 328
1330 14 1248 328
1340 13 1253 322
1340 14 1246 329
1350 13 1249 322
1350 14 1244 329
1360 13 1245 320
1360 14 1242 330
1370 13 1241 318
1370 14 1240 331
1380 13 1237 318
1380 14 1238 332
1390 13 1233 317
1390 14 1237 332
1400 13 1229 317
1400 14 1235 332
1410 13 1226 318
1410 14 1233 333
1420 13 1221 323
1420 14 1231 333
1430 13 1215 324
1430 14 1229 334
1440 13 1211 324
1440 14 1228 335
1450 13 1207 324
1450 14 1226 335
1460 13 1203 324
1460 14 1223 336
1470 13 1199 324
1470 14 1221 338
1480 13 1196 324
1480 14 1221 336
