260 10 311 50
270 10 307 51
280 10 303 53
290 10 299 54
300 10 291 55
310 10 283 57
320 10 275 61
330 10 268 64
340 10 259 69
350 10 251 73
360 10 242 77
370 10 234 82
380 10 225 87
390 10 217 92
400 10 203 94
410 10 189 97
410 21 1735 773
420 10 175 100
420 21 1734 773
430 10 162 103
430 21 1734 782
440 10 149 106
440 21 1737 807
450 10 137 109
450 21 1743 813
460 10 121 109
460 21 1738 813
470 10 106 109
470 21 1746 813
480 10 90 110
480 21 1758 809
490 10 74 112
490 21 1771 810
500 10 58 113
500 21 1774 818
510 10 43 113
510 21 1769 830
520 10 28 113
520 21 1755 837
530 10 17 115
530 21 1743 837
540 10 8 117
540 21 1722 845
550 21 1705 858
560 21 1683 874
570 21 1658 882
580 21 1630 888
590 21 1608 885
600 21 1582 885
610 21 1564 881
620 21 1548 870
630 21 1541 857
640 21 1535 857
650 21 1537 857
660 21 1537 862
670 21 1542 862
680 21 1549 862
690 21 1543 862
700 21 1537 862
710 21 1535 862
720 21 1535 862
730 21 1535 862
740 21 1530 865
750 21 1529 869
760 21 1529 874
770 21 1529 882
780 21 1521 893
790 21 1514 897
800 21 1517 898
810 21 1519 901
820 21 1525 901
830 21 1525 898
840 21 1525 895
850 21 1518 887
860 21 1514 881
870 21 1519 869
880 21 1518 871
890 21 1517 874
900 21 1515 877
910 21 1513 873
920 21 1511 870
930 21 1510 867
940 21 1509 866
950 21 1507 863
960 21 1505 860
970 21 1486 856
980 21 1465 853
990 21 1446 849
1000 21 1427 843
1010 21 1416 819
1020 21 1402 798
1030 21 1390 777
1040 21 1377 753
1050 21 1364 742
1060 21 1351 735
1070 21 1339 729
1080 21 1326 721
1090 21 1314 713
1100 21 1294 709
1110 21 1266 706
1120 21 1238 704
1130 21 1213 698
1140 21 1186 681
1150 21 1160 663
1160 21 1138 649
1170 21 1120 638
1180 21 1104 628
1190 21 1088 614
1200 21 1080 601
1210 21 1065 568
1220 21 1054 557
1230 21 1054 546
1240 21 1052 530
1250 21 1044 522
1260 21 1044 512
1270 21 1044 498
1280 21 1044 488
1290 21 1044 472
1300 21 1046 461
1310 21 1046 447
1320 21 1049 439
1330 21 1051 429
1340 21 1057 423
1350 21 1057 415
1360 21 1059 405
1370 21 1062 394
1380 21 1065 389
1390 21 1065 373
1400 21 1065 367
1410 21 1071 358
1420 21 1069 350
1430 21 1069 345
1440 21 1071 334
1450 21 1071 326
1460 21 1071 318
1470 21 1074 316
1480 21 1074 308
1490 21 1074 302
1500 21 1074 289
1510 21 1077 285
1520 21 1081 282
1530 21 1086 281
1540 21 1086 273
1550 21 1086 267
1560 21 1089 262
1570 21 1089 258
1580 21 1089 255
1590 21 1089 253
1600 21 1089 249
1610 21 1089 246
1620 21 1089 244
1630 21 1089 241
1640 21 1086 236
1650 21 1086 233
1660 21 1083 229
1670 21 1081 225
1680 21 1081 221
1690 21 1078 217
1700 21 1078 214
1710 21 1078 211
1720 21 1081 209
1730 21 1082 203
1740 21 1082 201
1750 21 1082 198
1760 21 1078 195
1770 21 1073 190
1780 21 1068 185
1790 21 1062 185
1800 21 1052 182
1810 21 1042 178
1820 21 1034 177
1830 21 1026 173
1840 21 1018 172
1850 21 1010 172
1860 21 1002 172
1870 21 994 172
1880 21 989 169
1890 21 983 166
1900 21 981 164
1910 21 978 158
1920 21 975 153
1930 21 975 150
1940 21 975 150
1950 21 978 150
1960 21 978 150
1970 21 981 150
1980 21 981 150
1990 21 983 150
2000 21 983 145
2010 21 983 142
2020 21 983 137
2030 21 986 134
2040 21 989 132
2050 21 991 132
2060 21 994 132
2070 21 997 132
2080 21 999 132
2090 21 1002 129
2100 21 1007 126
2110 21 1009 119
2120 21 1010 114
2130 21 1013 112
2140 21 1010 109
2150 21 1007 106
2160 21 1007 104
2170 21 1002 101
2180 21 997 101
2190 21 990 98
2190 30 324 1049
2200 21 985 96
2200 30 405 1035
2210 21 978 93
2210 30 472 1029
2220 21 973 93
2220 30 538 1019
2230 21 965 90
2230 30 609 1009
2240 21 958 88
2240 30 685 1001
2250 21 951 88
2250 30 739 993
2260 21 945 85
2260 30 809 982
2270 21 937 82
2270 30 862 953
2280 21 931 82
2280 30 907 926
2290 21 923 80
2290 30 951 910
2300 21 918 80
2300 30 995 890
2310 21 910 77
2310 30 1030 878
2320 21 905 77
2320 30 1081 863
2330 21 899 77
2330 30 1121 845
2340 12 1087 23
2340 21 891 72
2340 30 1145 834
2350 12 1082 23
2350 21 883 69
2350 30 1174 817
2360 12 1077 23
2360 21 875 66
2360 30 1214 804
2370 12 1072 23
2370 21 867 64
2370 23 1091 28
2370 30 1230 798
2380 12 1067 22
2380 21 859 61
2380 23 1088 29
2380 30 1254 789
2390 12 1062 22
2390 21 843 61
2390 23 1082 29
2390 30 1281 793
2400 12 1058 22
2400 14 1090 28
2400 21 830 64
2400 23 1077 30
2400 30 1285 797
2410 12 1053 22
2410 14 1082 28
2410 21 818 65
2410 23 1072 30
2410 30 1294 791
2420 12 1048 22
2420 14 1077 28
2420 21 808 67
2420 23 1066 30
2420 30 1294 790
2430 12 1042 22
2430 14 1072 28
2430 21 795 69
2430 23 1061 30
2430 30 1294 783
2440 12 1037 25
2440 14 1066 28
2440 21 785 71
2440 23 1056 30
2440 30 1293 777
2450 12 1034 25
2450 14 1058 28
2450 21 773 73
2450 23 1050 30
2450 30 1293 775
2460 12 1029 25
2460 14 1053 28
2460 21 762 76
2460 23 1048 30
2460 30 1293 778
2470 12 1024 25
2470 14 1050 28
2470 21 751 77
2470 23 1042 30
2470 30 1294 781
2480 12 1018 27
2480 14 1045 28
2480 21 741 79
2480 23 1037 30
2480 30 1294 781
2490 12 1013 27
2490 14 1040 28
2490 21 730 79
2490 23 1032 30
2490 30 1294 778
2500 12 1008 27
2500 14 1037 28
2500 21 717 79
2500 23 1026 30
2500 30 1294 778
2510 12 1002 27
2510 14 1032 28
2510 21 706 79
2510 23 1021 30
2510 30 1291 778
2520 12 997 27
2520 14 1026 28
2520 21 695 79
2520 23 1018 30
2520 30 1291 778
2530 12 992 27
2530 14 1021 28
2530 21 685 82
2530 23 1013 30
2530 30 1289 775
2540 12 989 30
2540 14 1016 28
2540 21 674 82
2540 23 1008 30
2540 30 1289 775
2550 12 984 30
2550 14 1010 28
2550 21 663 82
2550 23 1002 30
2550 30 1289 775
2560 12 978 30
2560 14 1005 28
2560 21 653 82
2560 23 997 30
2560 30 1289 775
2570 12 973 30
2570 14 1000 28
2570 21 642 85
2570 23 992 30
2570 30 1289 775
2580 12 968 30
2580 14 997 28
2580 21 629 85
2580 23 986 30
2580 30 1289 775
2590 12 962 30
2590 14 992 28
2590 21 618 85
2590 23 984 30
2590 30 1289 775
2600 12 960 30
2600 14 986 28
2600 21 607 85
2600 23 978 30
2600 30 1289 775
2610 12 954 30
2610 14 981 28
2610 21 597 85
2610 23 973 30
2610 30 1289 775
2620 12 949 30
2620 14 976 28
2620 21 583 85
2620 23 968 30
2620 30 1289 775
2630 12 944 30
2630 14 973 28
2630 21 573 87
2630 23 962 30
2630 30 1286 775
2640 12 938 30
2640 14 968 28
2640 21 559 90
2640 23 957 30
2640 30 1283 775
2650 12 933 30
2650 14 962 30
2650 21 546 90
2650 23 952 30
2650 30 1282 778
2660 12 928 30
2660 14 957 30
2660 21 530 90
2660 23 946 30
2660 30 1282 778
2670 12 925 30
2670 14 954 30
2670 21 519 93
2670 23 941 30
2670 30 1281 778
2680 12 920 30
2680 14 949 30
2680 21 503 93
2680 23 936 30
2680 30 1281 775
2690 12 914 30
2690 14 944 30
2690 21 493 95
2690 23 930 30
2690 30 1284 773
2700 12 909 30
2700 14 941 33
2700 21 485 98
2700 23 928 30
2700 30 1289 773
2710 12 907 32
2710 14 936 33
2710 21 471 98
2710 23 922 30
2710 30 1291 773
2720 12 902 33
2720 14 933 33
2720 21 455 98
2720 23 917 30
2720 30 1305 783
2730 12 897 33
2730 14 930 33
2730 21 442 102
2730 23 914 30
2730 30 1309 793
2740 12 891 33
2740 14 928 33
2740 21 428 103
2740 23 909 30
2740 30 1308 790
2750 12 886 35
2750 14 925 33
2750 21 415 101
2750 23 906 33
2750 30 1306 787
2760 12 881 35
2760 14 922 33
2760 21 402 103
2760 23 904 33
2760 30 1303 789
2770 12 875 35
2770 14 920 36
2770 21 390 110
2770 23 901 33
2770 30 1298 798
2780 12 873 35
2780 14 914 36
2780 21 377 113
2780 23 898 33
2780 30 1287 807
2790 12 873 35
2790 14 912 36
2790 21 363 113
2790 23 896 35
2790 30 1279 830
2800 12 873 35
2800 14 909 36
2800 21 347 113
2800 23 893 35
2800 30 1279 862
2810 12 872 35
2810 14 906 38
2810 21 334 113
2810 23 890 35
2810 30 1284 889
2820 12 870 36
2820 14 906 38
2820 21 321 115
2820 23 887 38
2820 30 1299 910
2830 12 868 37
2830 14 906 38
2830 21 307 118
2830 23 885 39
2830 30 1317 926
2840 12 866 38
2840 14 906 38
2840 21 291 121
2840 23 883 40
2840 30 1334 937
2850 12 864 39
2850 14 906 38
2850 21 275 121
2850 23 881 41
2850 30 1349 946
2860 12 862 39
2860 14 904 38
2860 21 259 121
2860 23 879 41
2860 30 1353 941
2870 12 860 41
2870 14 901 38
2870 21 246 121
2870 23 877 42
2870 30 1354 937
2880 12 858 42
2880 14 898 41
2880 21 233 126
2880 23 875 43
2880 30 1362 933
2890 12 857 42
2890 14 896 44
2890 21 214 129
2890 23 873 44
2890 30 1370 934
2900 12 855 43
2900 14 896 44
2900 21 201 129
2900 23 870 45
2900 30 1378 931
2910 12 853 44
2910 14 893 46
2910 21 190 129
2910 23 868 45
2910 30 1381 931
2920 12 851 45
2920 14 890 46
2920 21 177 129
2920 23 866 46
2920 30 1383 931
2930 12 849 46
2930 14 888 49
2930 21 161 134
2930 23 864 47
2930 30 1383 934
2940 12 847 47
2940 14 885 49
2940 21 145 137
2940 23 862 48
2940 30 1379 940
2950 12 845 47
2950 14 885 49
2950 21 126 137
2950 23 860 48
2950 30 1379 954
2960 12 843 48
2960 14 885 49
2960 21 111 137
2960 23 858 49
2960 30 1385 977
2970 12 842 49
2970 14 885 52
2970 21 93 137
2970 23 856 50
2970 30 1418 986
2980 12 840 50
2980 14 885 52
2980 21 71 139
2980 23 854 51
2980 30 1450 986
2990 12 838 51
2990 14 885 54
2990 21 61 142
2990 23 852 52
2990 30 1509 986
3000 12 836 52
3000 14 885 54
3000 21 52 147
3000 23 850 53
3000 30 1565 974
3010 12 834 53
3010 14 885 57
3010 21 37 145
3010 23 848 54
3010 30 1599 964
3020 12 832 54
3020 14 885 57
3020 21 18 142
3020 23 846 54
3020 30 1614 939
3030 12 830 55
3030 14 884 60
3030 23 844 55
3030 30 1625 926
3040 12 828 55
3040 14 881 60
3040 23 842 56
3040 30 1633 913
3050 12 827 56
3050 14 877 60
3050 23 840 57
3050 30 1633 910
3060 12 825 57
3060 14 874 61
3060 23 838 57
3060 30 1632 906
3070 12 823 58
3070 14 870 62
3070 23 835 58
3070 30 1632 903
3080 12 820 59
3080 14 867 62
3080 23 833 59
3080 30 1632 893
3090 12 817 60
3090 14 863 63
3090 23 831 59
3090 30 1633 883
3100 12 814 61
3100 14 860 64
3100 23 829 60
3100 30 1628 880
3110 12 812 61
3110 14 857 64
3110 23 827 61
3110 30 1618 882
3120 12 809 62
3120 14 853 65
3120 23 825 62
3120 30 1609 881
3130 12 806 63
3130 14 850 66
3130 23 823 63
3130 30 1603 871
3140 12 802 64
3140 14 846 67
3140 23 821 64
3140 30 1595 860
3150 12 797 64
3150 14 843 67
3150 23 818 65
3160 12 792 65
3160 14 837 68
3160 23 816 66
3170 12 787 65
3170 14 830 68
3170 23 810 66
3180 12 782 66
3180 14 824 69
3180 23 805 66
3190 12 777 67
3190 14 817 69
3190 23 799 66
3200 12 772 67
3200 14 810 70
3200 23 793 67
3210 12 766 68
3210 14 804 70
3210 23 788 67
3220 12 760 68
3220 14 797 70
3220 23 782 67
3230 12 754 68
3230 14 790 70
3230 23 777 68
3240 12 747 68
3240 14 784 71
3240 23 769 69
3250 12 741 69
3250 14 777 71
3250 23 762 70
3260 12 735 69
3260 14 770 71
3260 23 754 71
3270 12 728 69
3270 14 764 71
3270 23 747 72
3280 12 721 70
3280 14 757 72
3280 23 740 73
3290 12 713 70
3290 14 750 72
3290 23 733 74
3300 12 705 70
3300 14 744 73
3300 23 727 76
3310 12 697 70
3310 14 738 73
3310 23 719 76
3320 12 689 70
3320 14 733 73
3320 23 711 76
3330 12 684 70
3330 14 725 73
3330 23 703 76
3340 12 676 73
3340 14 714 73
3340 23 695 76
3350 12 665 73
3350 14 706 73
3350 23 687 76
3360 12 654 73
3360 14 698 73
3360 23 677 76
3370 12 644 73
3370 14 688 75
3370 23 671 76
3380 12 636 73
3380 14 680 78
3380 23 663 76
3390 12 625 73
3390 14 672 81
3390 23 658 78
3400 12 617 73
3400 14 664 83
3400 23 650 81
3410 12 609 73
3410 14 653 83
3410 23 642 81
3420 12 601 73
3420 14 645 86
3420 23 631 84
3430 12 593 76
3430 14 634 86
3430 23 623 86
3440 12 585 78
3440 14 626 89
3440 23 613 86
3450 12 574 81
3450 14 616 89
3450 23 605 86
3460 12 566 86
3460 14 608 89
3460 23 597 89
3470 12 556 86
3470 14 600 89
3470 23 589 89
3480 12 545 86
3480 14 592 89
3480 23 581 89
3490 12 537 86
3490 14 584 91
3490 23 573 92
