0 12 811 26
0 13 793 12
10 12 814 26
10 13 782 12
20 12 819 26
20 13 774 13
30 12 822 29
30 13 766 12
40 12 822 29
40 13 758 12
50 12 822 29
50 13 753 12
60 12 825 29
60 13 745 12
70 12 825 29
70 13 742 12
80 12 826 30
80 13 737 12
90 12 827 31
90 13 731 10
100 12 828 32
100 13 731 10
110 12 830 34
110 13 731 9
120 12 831 35
120 13 729 9
130 12 832 36
130 13 729 8
140 12 833 37
140 13 729 8
150 12 834 38
150 13 729 8
160 12 835 40
160 13 731 10
170 12 836 41
170 13 737 12
180 12 837 42
180 13 737 12
190 12 838 43
190 13 737 12
200 12 840 44
200 13 739 10
210 12 841 45
210 13 739 10
220 12 842 46
220 13 739 10
230 12 843 47
230 13 742 9
240 12 844 49
240 13 742 9
250 12 846 50
250 13 742 9
260 12 847 51
260 13 742 9
270 12 848 52
270 13 737 9
280 12 849 53
280 13 734 9
290 12 850 54
290 13 734 9
300 12 851 56
300 13 731 10
310 12 853 57
310 13 731 12
320 12 854 58
320 13 731 12
330 12 855 59
340 12 856 60
350 12 857 62
360 12 858 63
370 12 859 64
380 12 860 65
390 12 861 66
400 12 862 67
410 12 866 70
420 12 871 70
430 12 874 70
440 12 879 70
450 12 885 70
460 12 890 70
470 12 898 70
480 12 903 73
490 12 909 73
500 12 917 73
510 12 922 76
520 12 930 78
530 12 935 78
540 12 943 81
550 12 949 81
560 12 957 84
570 12 962 85
580 12 970 87
590 12 978 89
600 12 986 93
610 12 989 96
620 12 991 98
630 12 997 102
640 12 999 105
650 12 1005 107
660 12 1007 111
670 12 1013 114
680 12 1015 117
690 12 1021 121
700 12 1023 124
710 12 1023 126
720 12 1023 129
730 12 1023 132
730 14 525 361
740 12 1026 134
740 14 524 361
750 12 1026 137
750 14 523 361
760 12 1026 140
760 14 522 366
770 12 1026 142
770 14 521 373
780 12 1029 145
780 14 518 375
790 12 1029 148
790 14 518 377
800 12 1031 150
800 14 517 378
810 12 1031 153
810 14 517 381
820 12 1034 156
820 14 520 387
830 12 1034 158
830 14 525 393
840 12 1037 161
840 14 528 398
850 12 1045 164
850 14 533 405
860 12 1053 166
860 14 541 410
870 12 1058 167
870 14 549 413
880 12 1066 170
880 14 557 418
890 12 1074 174
890 14 565 423
900 12 1082 177
900 14 573 426
910 12 1087 179
910 14 578 425
920 12 1093 182
920 14 597 429
930 12 1098 186
930 14 607 429
940 12 1104 190
940 14 614 429
940 15 622 327
950 12 1109 195
950 14 616 429
950 15 623 327
960 12 1115 200
960 14 618 429
960 15 625 327
970 12 1121 205
970 14 621 429
970 15 626 327
980 12 1127 209
980 14 623 427
980 15 632 329
990 12 1133 214
990 14 626 426
990 15 638 332
1000 12 1140 229
1000 14 628 425
1000 15 645 335
1010 12 1152 236
1010 14 630 423
1010 15 652 339
1020 12 1165 242
1020 14 632 422
1020 15 666 360
1030 12 1177 248
1030 14 634 422
1030 15 677 367
1040 12 1189 254
1040 14 635 422
1040 15 680 377
1050 12 1201 260
1050 14 636 422
1050 15 690 387
1060 12 1213 266
1060 14 638 422
1060 15 691 389
1070 12 1225 272
1070 14 639 422
1070 15 694 391
1080 12 1237 278
1080 14 639 422
1080 15 693 395
1090 12 1249 284
1090 14 639 422
1090 15 690 400
1100 12 1262 291
1100 14 639 422
1100 15 690 402
1110 12 1272 299
1110 14 639 422
1110 15 690 402
1120 12 1283 307
1120 14 639 422
1120 15 690 405
1130 12 1294 316
1130 14 639 423
1130 15 690 405
1140 12 1305 324
1140 14 639 425
1140 15 690 408
1150 12 1316 332
1150 14 639 426
1150 15 690 408
1160 12 1327 341
1160 14 639 427
1160 15 690 410
1170 12 1338 349
1170 14 639 429
1170 15 690 410
1180 12 1349 357
1180 14 639 430
1180 15 690 413
1190 12 1360 366
1190 14 639 432
1190 15 690 413
1200 12 1371 374
1200 14 639 434
1200 15 690 416
1210 12 1385 389
1210 14 639 436
1210 15 697 417
1220 12 1397 397
1220 14 639 438
1220 15 693 423
1230 12 1409 410
1230 14 637 443
1230 15 690 423
1240 12 1427 419
1240 14 631 445
1240 15 690 423
1250 12 1441 430
1250 14 621 447
1250 15 691 422
1260 12 1452 448
1260 14 620 442
1260 15 693 421
1270 12 1474 457
1270 14 617 439
1270 15 693 417
1280 12 1488 470
1280 14 611 432
1280 15 695 415
1290 12 1501 485
1290 14 610 429
1290 15 690 414
1300 12 1526 491
1300 14 611 429
1300 15 690 412
1310 12 1539 510
1310 14 609 429
1310 15 693 409
1320 12 1562 522
1320 14 612 429
1320 15 693 409
1330 12 1581 534
1330 14 613 429
1330 15 693 409
1340 12 1603 555
1340 14 615 429
1340 15 693 409
1350 12 1630 563
1350 14 618 429
1350 15 693 410
1360 12 1649 582
1360 14 617 429
1360 15 691 410
1370 12 1675 598
1370 14 622 429
1370 15 690 410
1380 12 1692 609
1380 14 623 426
1380 15 689 410
1390 12 1700 634
1390 14 626 426
1390 15 687 410
1400 12 1712 645
1400 14 623 429
1400 15 686 410
1410 12 1720 669
1410 14 618 423
1410 15 686 413
1420 12 1726 689
1420 14 619 429
1420 15 686 418
1430 12 1734 707
1430 14 622 427
1430 15 682 420
1440 12 1746 738
1440 14 621 427
1440 15 682 426
1450 12 1757 753
1450 14 633 431
1450 15 682 424
1460 12 1766 783
1460 14 622 434
1460 15 684 420
1470 12 1781 811
1470 14 617 434
1470 15 684 413
1480 12 1789 829
1480 14 622 434
1480 15 690 413
1490 12 1795 869
1490 14 617 430
1490 15 694 410
1500 12 1798 893
1500 14 601 427
1500 15 691 405
1510 12 1806 923
1510 14 592 425
1510 15 691 397
1520 12 1809 965
1520 14 584 425
1520 15 674 391
1530 12 1814 986
1530 14 580 420
1530 15 664 389
1540 12 1825 1006
1540 14 577 417
1540 15 664 387
1550 12 1832 1023
1550 14 579 418
1550 15 676 385
1560 12 1846 1046
1560 14 581 419
1560 15 682 389
1570 14 584 421
1570 15 687 393
1570 20 19 146
1580 14 587 423
1580 15 693 398
1580 20 33 144
1590 14 596 423
1590 15 699 402
1590 20 47 142
1600 14 605 424
1600 15 705 407
1600 20 62 141
1610 14 606 425
1610 15 699 414
1610 20 76 139
1620 14 607 427
1620 15 696 421
1620 20 90 137
1630 14 608 428
1630 15 691 425
1630 20 105 136
1640 14 609 430
1640 15 686 430
1640 20 118 135
1650 14 608 429
1650 15 682 435
1650 20 131 134
1660 14 607 428
1660 15 674 436
1660 20 144 133
1670 14 607 428
1670 15 667 437
1670 20 157 132
1680 14 602 428
1680 15 660 438
1680 20 171 130
1690 14 597 428
1690 15 653 440
1690 20 184 128
1700 14 593 429
1700 15 632 446
1700 20 197 127
1710 14 584 426
1710 15 618 448
1710 20 210 125
1720 14 576 424
1720 15 595 452
1720 20 224 123
1730 14 568 421
1730 15 585 453
1730 20 237 122
1740 14 559 418
1740 15 574 455
1740 20 248 120
1750 14 551 414
1750 15 553 458
1750 20 260 119
1760 14 545 410
1760 15 533 462
1760 20 271 118
1770 14 539 405
1770 15 512 465
1770 20 282 116
1780 14 533 401
1780 15 491 469
1780 20 293 115
1790 14 527 397
1790 15 471 472
1790 20 305 114
1800 14 524 393
1800 15 450 476
1800 20 316 113
1810 14 521 391
1810 15 428 480
1810 20 327 111
1820 14 518 387
1820 15 406 484
1820 20 338 110
1820 21 1354 68
1830 14 516 385
1830 15 384 488
1830 20 349 109
1830 21 1343 66
1840 14 513 381
1840 15 362 492
1840 20 361 107
1840 21 1337 67
1850 14 510 379
1850 15 334 476
1850 20 372 106
1850 21 1331 68
1860 14 507 376
1860 15 313 479
1860 20 383 105
1860 21 1324 69
1870 14 510 376
1870 15 293 484
1870 20 394 104
1870 21 1317 70
1880 14 512 376
1880 15 272 488
1880 20 405 102
1880 21 1310 71
1890 14 515 376
1890 15 252 493
1890 20 416 101
1890 21 1303 72
1900 14 520 372
1900 15 231 526
1900 20 426 99
1900 21 1296 73
1910 15 220 536
1910 20 437 98
1910 21 1289 74
1920 15 210 546
1920 20 447 97
1920 21 1282 75
1930 15 200 556
1930 20 458 96
1930 21 1275 77
1940 15 198 562
1940 20 468 94
1940 21 1268 78
1950 15 197 568
1950 20 479 93
1950 21 1260 79
1960 15 196 574
1960 20 490 91
1960 21 1253 81
1970 15 197 582
1970 20 500 90
1970 21 1245 82
1980 15 200 591
1980 20 511 89
1980 21 1238 84
1990 15 202 600
1990 20 521 88
1990 21 1230 85
2000 15 204 609
2000 20 532 86
2000 21 1223 87
2010 15 197 613
2010 20 542 85
2010 21 1215 88
2020 15 191 617
2020 20 552 84
2020 21 1208 90
2030 15 166 622
2030 20 562 83
2030 21 1200 91
2040 15 142 627
2040 20 571 82
2040 21 1193 93
2050 15 108 632
2050 20 581 81
2050 21 1185 94
2060 15 74 637
2060 20 591 80
2060 21 1178 96
2070 15 52 641
2070 20 600 79
2070 21 1167 96
2080 15 31 653
2080 20 610 79
2080 21 1157 96
2090 15 15 674
2090 20 620 78
2090 21 1147 96
2100 20 629 77
2100 21 1137 96
2110 20 639 76
2110 21 1127 96
2120 20 649 75
2120 21 1117 96
2130 20 656 74
2130 21 1107 96
2140 20 664 73
2140 21 1097 96
2150 20 671 72
2150 21 1087 96
2160 20 679 71
2160 21 1077 96
2170 20 686 70
2170 21 1067 96
2180 20 694 69
2180 21 1057 96
2190 20 701 68
2190 21 1047 94
2200 20 709 67
2200 21 1038 93
2210 20 716 66
2210 21 1028 92
2220 20 724 65
2220 21 1019 91
2230 20 731 64
2230 21 1009 90
2240 20 739 63
2240 21 999 88
2250 20 745 62
2250 21 990 87
2260 20 751 61
2260 21 981 86
2270 20 757 61
2270 21 973 84
2280 20 763 60
2280 21 965 83
2290 20 769 59
2290 21 957 82
2300 20 775 59
2300 21 950 80
2310 20 781 58
2310 21 943 79
2320 20 787 57
2320 21 935 77
2330 20 793 57
2330 21 928 76
2340 20 796 56
2340 21 920 75
2350 20 800 56
2350 21 912 73
2360 20 803 55
2360 21 905 72
2370 20 807 55
2370 21 897 73
2380 20 812 53
2380 21 890 74
2390 20 817 52
2390 21 880 73
2400 20 823 52
2400 21 870 73
2410 20 828 51
2410 21 860 73
2420 20 834 50
2420 21 850 73
2430 20 839 49
2430 21 840 73
2440 20 845 48
2440 21 830 73
2450 20 850 47
2450 21 820 73
2460 20 856 46
2460 21 811 73
2470 20 861 46
2470 21 801 73
2480 20 867 45
2480 21 791 74
2490 20 872 44
2490 21 781 75
2500 20 878 43
2500 21 771 76
2510 20 883 42
2510 21 761 77
2520 20 889 42
2520 21 752 78
2530 20 895 40
2530 21 742 78
2540 20 898 40
2540 21 732 79
2550 20 903 40
2550 21 722 80
2560 20 906 37
2560 21 712 81
2570 20 911 37
2570 21 703 81
2580 20 914 34
2580 21 693 82
2590 20 919 34
2590 21 683 83
2600 20 922 34
2600 21 673 84
2610 20 930 32
2610 21 664 84
2620 20 935 32
2620 21 654 85
2630 20 941 32
2630 21 644 86
2640 20 946 32
2640 21 635 87
2650 20 951 32
2650 21 624 88
2660 20 959 29
2660 21 613 89
2670 20 965 29
2670 21 602 91
2680 20 970 29
2680 21 591 92
2690 20 975 29
2690 21 581 93
2700 20 983 29
2700 21 570 95
2710 20 989 27
2710 21 559 96
2720 20 995 27
2720 21 548 97
2730 20 1001 27
2730 21 538 99
2740 20 1008 27
2740 21 526 100
2750 20 1014 27
2750 21 515 101
2760 20 1019 27
2760 21 504 102
2770 20 1025 27
2770 21 492 103
2780 20 1030 27
2780 21 481 105
2790 20 1035 30
2790 21 470 106
2800 20 1041 27
2800 21 458 107
2810 20 1046 27
2810 21 447 108
2820 20 1051 25
2820 21 435 109
2830 20 1057 25
2830 21 424 111
2840 20 1062 25
2840 21 413 112
2850 20 1067 24
2850 21 401 113
2850 22 336 1055
2860 20 1073 24
2860 21 390 114
2860 22 406 1043
2870 20 1078 24
2870 21 379 115
2870 22 477 1032
2880 20 1083 24
2880 21 368 117
2880 22 548 1021
2890 20 1089 24
2890 21 355 118
2890 22 619 1009
2900 20 1094 24
2900 21 343 119
2900 22 690 998
2910 20 1102 24
2910 21 330 120
2910 22 761 987
2920 20 1107 24
2920 21 318 122
2920 22 821 961
2930 20 1115 24
2930 21 306 123
2930 22 878 939
2940 20 1121 24
2940 21 293 124
2940 22 935 926
2950 20 1129 24
2950 21 281 125
2950 22 977 897
2960 20 1134 24
2960 21 269 127
2960 22 1019 877
2970 20 1142 24
2970 21 256 128
2970 22 1066 866
2980 20 1142 24
2980 21 244 129
2980 22 1102 836
2990 20 1145 24
2990 21 232 131
2990 22 1134 822
3000 21 218 132
3000 22 1172 802
3010 21 204 133
3010 22 1205 787
3010 23 25 1006
3020 21 190 135
3020 22 1241 774
3020 23 28 1005
3030 21 176 136
3030 22 1278 758
3030 23 31 1004
3040 21 162 137
3040 22 1309 747
3040 23 34 1003
3050 21 148 138
3050 22 1345 736
3050 23 36 1020
3060 21 133 140
3060 22 1381 724
3060 23 38 1021
3070 21 119 141
3070 22 1415 713
3070 23 46 1018
3080 21 106 143
3080 22 1441 706
3080 23 56 1017
3090 21 91 144
3090 22 1469 693
3090 23 61 1014
3090 24 1137 22
3100 21 76 145
3100 22 1497 681
3100 23 67 1011
3100 24 1123 20
3110 21 61 147
3110 22 1523 668
3110 23 75 1010
3110 24 1121 20
3120 21 46 148
3120 22 1543 657
3120 23 75 1003
3120 24 1121 20
3130 21 31 149
3130 22 1563 646
3130 23 75 998
3130 24 1113 20
3140 21 17 151
3140 22 1583 634
3140 23 86 995
3140 24 1107 20
3150 21 10 152
3150 22 1604 620
3150 23 77 995
3150 24 1105 20
3160 22 1626 606
3160 23 66 995
3160 24 1102 20
3170 22 1633 601
3170 23 65 993
3170 24 1102 20
3180 22 1651 590
3180 23 50 997
3180 24 1099 20
3190 22 1673 582
3190 23 45 1004
3190 24 1099 20
3200 22 1695 575
3200 23 40 1011
3200 24 1094 20
3210 22 1717 567
3210 23 35 1018
3210 24 1091 20
3220 22 1739 560
3220 23 31 1026
3220 24 1091 20
3230 22 1762 553
3230 23 37 1022
3230 24 1086 20
3240 22 1785 544
3240 23 44 1019
3240 24 1083 20
3250 22 1808 535
3250 23 54 1014
3250 24 1078 18
3260 22 1831 527
3260 23 65 1010
3260 24 1075 18
3270 22 1854 518
3270 23 68 1002
3270 24 1070 18
3280 22 1877 510
3280 23 71 993
3280 24 1065 18
3290 22 1891 507
3290 23 76 986
3290 24 1059 18
3300 22 1901 508
3300 23 72 987
3300 24 1054 18
3310 23 72 989
3310 24 1049 18
3320 23 65 994
3320 24 1046 18
3330 23 53 1004
3330 24 1043 20
3340 23 61 1017
3340 24 1038 20
3350 23 28 1022
3350 24 1035 20
3360 23 28 1022
3360 24 1033 21
3370 23 27 1023
3370 24 1027 21
3380 23 26 1023
3380 24 1025 21
3390 23 26 1024
3390 24 1022 22
3400 23 56 1024
3400 24 1019 22
3410 23 75 1025
3410 24 1014 22
3420 23 93 1022
3420 24 1011 24
3430 23 110 1007
3430 24 1009 24
3440 23 114 997
3440 24 1003 24
3450 23 112 991
3450 24 1001 25
3450 25 1905 384
3460 23 107 986
3460 24 998 25
3460 25 1894 373
3470 23 74 986
3470 24 995 27
3470 25 1881 367
3480 23 41 986
3480 24 990 27
3480 25 1852 359
3490 23 29 1010
3490 24 987 27
3490 25 1839 348
3500 23 32 1010
3500 24 985 27
3500 25 1823 344
3510 23 32 1013
3510 24 979 27
3510 25 1807 340
3520 23 32 1016
3520 24 977 27
3520 25 1791 337
3530 23 31 1019
3530 24 974 27
3530 25 1783 333
3540 23 31 1022
3540 24 969 27
3540 25 1776 329
3550 23 45 1023
3550 24 966 27
3550 25 1769 326
3560 23 66 1021
3560 24 963 27
3560 25 1762 322
3570 23 87 1020
3570 24 958 27
3570 25 1754 319
3580 23 115 1011
3580 24 955 27
3580 25 1747 315
3590 23 122 997
3590 24 953 27
3590 25 1740 312
3600 23 118 988
3600 24 950 27
3600 25 1737 311
3610 23 112 983
3610 24 945 27
3610 25 1729 309
3620 23 94 983
3620 24 941 27
3620 25 1722 308
3630 23 80 985
3630 24 937 27
3630 25 1716 307
3640 23 67 990
3640 24 934 29
3640 25 1712 306
3650 23 64 1011
3650 24 930 29
3650 25 1708 305
3660 23 29 1022
3660 24 926 29
3660 25 1708 304
3670 23 27 1025
3670 24 922 29
3670 25 1708 304
3670 26 391 1051
3680 23 27 1023
3680 24 919 30
3680 25 1708 304
3680 26 457 1043
3690 23 26 1021
3690 24 914 30
3690 25 1708 304
3690 26 515 1030
3700 23 25 1019
3700 24 909 30
3700 25 1708 304
3700 26 574 1019
3710 23 25 1022
3710 24 906 33
3710 25 1708 304
3710 26 632 1007
3720 23 56 1029
3720 24 898 33
3720 25 1709 304
3720 26 691 995
3730 23 77 1029
3730 24 895 33
3730 25 1709 304
3730 26 732 984
3740 23 112 1015
3740 24 893 33
3740 25 1709 304
3740 26 782 971
3750 23 121 998
3750 24 890 33
3750 25 1709 304
3750 26 844 955
3760 23 110 989
3760 24 886 33
3760 25 1709 304
3760 26 890 919
3770 23 110 985
3770 24 882 33
3770 25 1709 304
3770 26 924 909
3780 23 69 985
3780 24 877 33
3780 25 1709 304
3780 26 970 893
3790 23 42 996
3790 24 874 34
3790 25 1710 304
3790 26 1016 877
3800 23 33 1024
3800 24 869 34
3800 25 1710 304
3800 26 1063 862
3810 23 32 1027
3810 24 865 35
3810 25 1710 304
3810 26 1101 844
3820 23 32 1028
3820 24 860 36
3820 25 1710 304
3820 26 1139 827
3830 23 32 1029
3830 24 856 36
3830 25 1710 304
3830 26 1176 814
3840 23 32 1030
3840 24 852 37
3840 25 1710 304
3840 26 1213 801
3850 23 32 1031
3850 24 848 37
3850 25 1710 304
3850 26 1250 787
3860 23 43 1029
3860 24 843 38
3860 25 1711 304
3860 26 1287 774
3870 23 65 1024
3870 24 839 38
3870 25 1711 304
3870 26 1325 761
3880 23 84 1020
3880 24 835 39
3880 25 1711 304
3880 26 1354 747
3890 23 98 1015
3890 24 830 39
3890 25 1711 303
3890 26 1383 733
3900 23 117 1009
3900 24 826 40
3900 25 1711 303
3900 26 1413 720
3910 23 126 1001
3910 24 822 41
3910 25 1711 303
3910 26 1433 708
3920 23 123 990
3920 24 817 41
3920 25 1711 303
3920 26 1454 697
3930 23 98 985
3930 24 811 35
3930 25 1712 303
3930 26 1474 685
3940 23 77 983
3940 24 809 41
3940 25 1712 303
3940 26 1495 673
3950 23 66 986
3950 24 803 38
3950 25 1712 303
3950 26 1515 661
3960 23 53 991
3960 24 798 38
3960 25 1712 303
3960 26 1535 650
3970 23 46 1004
3970 24 793 38
3970 25 1712 303
3970 26 1556 638
3980 24 787 38
3980 25 1712 303
3980 26 1568 630
3990 24 782 38
3990 25 1712 303
3990 26 1580 623
4000 24 777 38
4000 25 1713 304
4000 26 1592 616
4010 24 774 38
4010 25 1712 303
4010 26 1604 608
4020 24 771 38
4020 25 1712 303
4020 26 1616 601
4030 24 766 38
4030 25 1712 303
4030 26 1628 594
4040 24 763 38
4040 25 1712 304
4040 26 1640 587
4050 24 761 38
4050 25 1712 304
4050 26 1652 579
4060 24 755 38
4060 25 1712 304
4060 26 1664 572
4070 24 753 38
4070 25 1712 304
4070 26 1676 565
4080 24 750 38
4080 25 1712 304
4080 26 1688 558
4080 27 349 1059
4090 24 747 38
4090 25 1712 304
4090 26 1698 545
4090 27 402 1049
4100 24 750 38
4100 25 1712 305
4100 26 1708 532
4100 27 450 1043
4110 24 755 38
4110 25 1716 308
4110 26 1719 519
4110 27 495 1033
4120 24 758 38
4120 25 1718 307
4120 26 1729 510
4120 27 549 1030
4130 24 763 38
4130 25 1729 310
4130 26 1740 501
4130 27 593 1022
4140 24 769 38
4140 25 1740 314
4140 26 1751 491
4140 27 637 1010
4150 24 771 38
4150 25 1746 318
4150 26 1761 482
4150 27 687 1003
4160 24 777 38
4160 25 1754 321
4160 26 1772 474
4160 27 735 995
4170 24 779 38
4170 25 1761 322
4170 26 1797 469
4170 27 781 985
4180 24 785 38
4180 25 1767 328
4180 26 1823 465
4180 27 830 980
4190 24 790 38
4190 25 1773 334
4190 26 1842 464
4190 27 876 955
4200 24 793 38
4200 25 1776 326
4200 26 1862 464
4200 27 920 931
4210 24 798 38
4210 25 1779 318
4210 26 1882 464
4210 27 958 919
4220 24 803 38
4220 25 1784 325
4220 26 1895 455
4220 27 993 902
4230 24 807 37
4230 25 1797 330
4230 26 1906 458
4230 27 1029 886
4240 24 812 36
4240 25 1810 336
4240 27 1065 869
4250 24 817 36
4250 25 1819 334
4250 27 1101 852
4260 24 822 35
4260 25 1822 335
4260 27 1138 836
4270 24 827 34
4270 25 1825 337
4270 27 1168 822
4280 24 832 34
4280 25 1829 339
4280 27 1199 809
4290 25 1827 338
4290 27 1230 796
4300 25 1826 337
4300 27 1254 773
4310 25 1828 338
4310 27 1281 764
4320 25 1830 340
4320 27 1309 755
4320 28 1902 378
4330 25 1832 342
4330 27 1337 747
4330 28 1891 371
4340 25 1835 344
4340 27 1364 738
4340 28 1873 364
4350 25 1835 344
4350 27 1391 729
4350 28 1866 359
4350 29 762 397
4360 25 1835 344
4360 27 1419 721
4360 28 1862 358
4360 29 748 399
4370 25 1836 345
4370 27 1437 707
4370 28 1858 358
4370 29 730 409
4380 25 1836 345
4380 27 1456 694
4380 28 1854 357
4380 29 708 416
4390 25 1836 345
4390 27 1474 680
4390 28 1850 357
4390 29 691 421
4400 25 1837 345
4400 27 1493 667
4400 28 1837 354
4400 29 673 426
4410 25 1837 345
4410 27 1511 657
4410 28 1825 352
4410 29 659 430
4420 25 1837 345
4420 27 1530 648
4420 28 1812 351
4420 29 637 466
4430 25 1837 345
4430 27 1549 639
4430 28 1797 346
4430 29 625 471
4440 25 1837 345
4440 27 1568 630
4440 28 1783 341
4440 29 611 479
4450 25 1838 345
4450 27 1588 621
4450 28 1769 335
4450 29 602 489
4460 25 1840 346
4460 27 1603 610
4460 28 1755 328
4460 29 593 498
4470 25 1834 344
4470 27 1618 599
4470 28 1741 322
4470 29 589 508
4480 25 1828 342
4480 27 1633 588
4480 28 1727 315
4480 29 585 517
4490 25 1823 341
4490 27 1648 577
4490 28 1713 309
4490 29 580 527
4500 25 1816 349
4500 27 1663 566
4500 28 1693 302
4500 29 577 536
4510 25 1806 358
4510 27 1679 556
4510 28 1674 296
4510 29 579 547
4520 25 1805 359
4520 27 1702 547
4520 28 1654 290
4520 29 578 559
4530 25 1804 360
4530 27 1718 539
4530 28 1634 284
4530 29 570 567
4540 25 1804 360
4540 27 1739 534
4540 28 1615 279
4540 29 566 574
4550 25 1805 360
4550 27 1762 526
4550 28 1595 273
4550 29 563 578
4560 25 1805 350
4560 27 1786 518
4560 28 1576 269
4560 29 560 582
4570 25 1805 340
4570 27 1803 513
4570 28 1557 264
4570 29 558 585
4580 25 1802 339
4580 27 1817 505
4580 28 1537 259
4580 29 554 589
4590 25 1800 339
4590 27 1839 499
4590 28 1517 254
4590 29 545 595
4600 25 1796 334
4600 27 1860 491
4600 28 1498 250
4600 29 530 605
4610 25 1794 334
4610 27 1877 483
4610 28 1483 245
4610 29 515 614
4620 25 1792 334
4620 27 1890 476
4620 28 1468 240
4620 29 501 619
4630 25 1791 334
4630 27 1894 476
4630 28 1453 236
4630 29 482 629
4640 25 1802 337
4640 27 1898 486
4640 28 1438 231
4640 29 462 639
4650 25 1814 340
4650 28 1423 226
4650 29 443 649
4660 25 1825 343
4660 28 1408 222
4660 29 424 657
4670 25 1837 346
4670 28 1394 217
4670 29 403 665
4680 25 1849 350
4680 28 1379 212
4680 29 383 672
4690 25 1856 353
4690 28 1364 208
4690 29 363 680
4700 25 1864 356
4700 28 1351 205
4700 29 343 688
4710 25 1871 359
4710 28 1338 202
4710 29 322 696
4720 25 1879 362
4720 28 1324 198
4720 29 292 701
4730 25 1887 366
4730 28 1312 195
4730 29 272 713
4740 25 1887 366
4740 28 1299 192
4740 29 242 728
4740 33 1904 383
4750 25 1887 366
4750 28 1285 189
4750 29 218 730
4750 33 1897 379
4760 25 1887 366
4760 28 1273 185
4760 29 177 739
4760 33 1891 374
4770 25 1888 367
4770 28 1259 182
4770 29 133 756
4770 33 1883 371
4780 25 1883 364
4780 28 1246 179
4780 29 97 774
4780 33 1872 368
4790 25 1878 362
4790 28 1234 176
4790 29 57 791
4790 30 1089 14
4790 33 1861 366
4800 25 1873 360
4800 28 1224 174
4800 29 30 809
4800 30 1086 14
4800 33 1850 364
4810 25 1871 359
4810 28 1214 172
4810 29 38 844
4810 30 1081 15
4810 33 1834 358
4820 25 1870 358
4820 28 1205 170
4820 30 1076 18
4820 33 1817 353
4830 25 1869 358
4830 28 1196 168
4830 30 1071 20
4830 33 1801 347
4840 25 1869 358
4840 28 1186 165
4840 30 1066 22
4840 33 1784 340
4840 34 20 643
4850 25 1869 358
4850 28 1177 163
4850 30 1061 24
4850 33 1766 333
4850 34 36 624
4860 25 1869 358
4860 28 1168 161
4860 30 1056 29
4860 33 1749 325
4860 34 45 622
4870 25 1869 358
4870 28 1158 159
4870 30 1052 33
4870 33 1731 318
4870 34 75 618
4880 25 1869 358
4880 28 1149 157
4880 30 1046 33
4880 33 1714 311
4880 34 95 615
4890 25 1869 358
4890 28 1138 156
4890 30 1041 33
4890 33 1696 304
4890 34 114 612
4900 25 1869 358
4900 28 1128 156
4900 30 1036 33
4900 33 1679 297
4900 34 131 609
4900 36 34 799
4910 25 1869 358
4910 28 1117 155
4910 30 1031 33
4910 33 1661 291
4910 34 147 606
4910 36 56 788
4920 25 1869 358
4920 28 1106 154
4920 30 1026 33
4920 33 1644 285
4920 34 165 603
4920 36 101 777
4930 25 1869 358
4930 28 1096 154
4930 30 1021 33
4930 33 1626 279
4930 34 184 599
4930 36 122 767
4940 25 1869 358
4940 28 1082 154
4940 30 1015 33
4940 33 1609 273
4940 34 187 592
4940 36 159 757
4950 25 1869 358
4950 28 1068 154
4950 30 1011 33
4950 33 1591 268
4950 34 186 583
4950 36 197 747
4960 25 1869 358
4960 28 1054 155
4960 30 1006 33
4960 33 1574 263
4960 34 185 574
4960 36 235 737
4970 25 1869 358
4970 28 1040 155
4970 30 1001 33
4970 33 1557 259
4970 34 183 565
4970 36 258 726
4980 25 1868 357
4980 28 1026 155
4980 30 995 33
4980 33 1540 255
4980 34 182 556
4980 36 282 716
4990 25 1868 357
4990 28 1013 156
4990 30 993 33
4990 33 1524 250
4990 34 185 546
4990 36 308 706
5000 25 1868 357
5000 28 1002 156
5000 30 987 33
5000 33 1507 246
5000 34 189 537
5000 36 334 697
5010 25 1868 357
5010 28 992 157
5010 30 982 33
5010 33 1490 242
5010 34 192 528
5010 36 360 687
5020 25 1868 357
5020 28 979 158
5020 30 977 33
5020 33 1474 238
5020 34 205 519
5020 36 386 677
5030 25 1868 357
5030 28 966 159
5030 30 971 33
5030 33 1460 234
5030 34 219 510
5030 36 409 663
5040 25 1868 356
5040 28 953 161
5040 30 968 33
5040 33 1447 230
5040 34 242 499
5040 36 438 650
5050 25 1868 356
5050 28 944 161
5050 30 962 33
5050 33 1434 226
5050 34 266 477
5050 36 456 642
5060 25 1868 356
5060 28 936 162
5060 30 957 33
5060 33 1421 223
5060 34 290 473
5060 36 475 628
5070 25 1867 356
5070 28 927 163
5070 30 952 33
5070 33 1408 219
5070 34 314 470
5070 36 495 614
5080 25 1867 356
5080 28 919 163
5080 30 947 33
5080 33 1395 215
5080 34 339 476
5080 36 510 601
5090 25 1867 356
5090 28 910 164
5090 30 942 33
5090 33 1382 211
5090 34 367 480
5090 36 526 589
5100 25 1867 355
5100 28 902 165
5100 30 938 33
5100 33 1369 208
5100 34 393 479
5100 36 542 576
5110 25 1867 355
5110 28 894 165
5110 30 933 33
5110 33 1356 204
5110 34 421 479
5110 36 558 564
5120 25 1867 355
5120 28 887 166
5120 30 929 33
5120 33 1343 200
5120 34 448 479
5120 36 574 552
5130 25 1867 355
5130 28 879 166
5130 30 924 35
5130 33 1330 197
5130 34 476 479
5130 36 591 544
5140 25 1867 355
5140 28 872 167
5140 30 920 36
5140 33 1319 194
5140 34 502 478
5140 36 609 536
5150 25 1867 355
5150 28 868 167
5150 30 916 37
5150 33 1308 192
5150 34 526 478
5150 36 626 528
5160 25 1867 355
5160 28 865 168
5160 30 911 38
5160 33 1297 189
5160 34 546 479
5160 36 633 524
5170 25 1861 354
5170 28 862 169
5170 30 907 39
5170 33 1286 186
5170 34 563 482
5170 36 633 523
5180 25 1856 353
5180 28 859 170
5180 30 903 40
5180 33 1275 184
5180 34 574 485
5180 36 633 522
5190 25 1851 352
5190 28 856 171
5190 30 898 42
5190 33 1264 181
5190 34 578 487
5190 36 632 524
5200 25 1846 352
5200 28 850 171
5200 30 894 43
5200 33 1253 179
5200 34 580 489
5200 36 631 526
5210 25 1845 351
5210 28 845 172
5210 30 890 45
5210 33 1242 176
5210 34 580 490
5210 36 630 528
5220 25 1845 351
5220 28 840 173
5220 30 885 45
5220 33 1232 173
5220 34 581 490
5220 36 629 525
5230 25 1845 351
5230 28 835 174
5230 30 880 46
5230 33 1221 171
5230 34 581 490
5230 36 635 522
5240 25 1845 351
5240 28 830 175
5240 30 876 46
5240 33 1210 169
5240 34 581 491
5240 36 638 524
5250 25 1845 351
5250 28 818 176
5250 30 871 47
5250 33 1199 166
5250 34 578 494
5250 36 654 517
5260 25 1845 351
5260 28 805 177
5260 30 867 48
5260 33 1189 163
5260 34 575 495
5260 36 655 518
5270 25 1845 351
5270 28 792 179
5270 30 862 48
5270 33 1178 161
5270 34 575 491
5270 36 657 520
5280 25 1845 351
5280 28 780 180
5280 30 857 49
5280 33 1167 158
5280 34 580 485
5280 36 658 521
5290 25 1845 351
5290 28 767 181
5290 30 853 50
5290 33 1156 157
5290 34 594 482
5290 36 660 523
5300 25 1845 351
5300 28 754 183
5300 30 848 50
5300 33 1146 157
5300 34 613 483
5300 36 654 524
5310 25 1845 351
5310 28 741 185
5310 30 844 51
5310 33 1135 157
5310 34 623 484
5310 36 638 525
5320 25 1845 351
5320 28 727 186
5320 30 839 51
5320 33 1125 157
5320 34 629 484
5320 36 623 526
5330 25 1845 351
5330 28 713 188
5330 30 835 52
5330 33 1114 157
5330 34 627 483
5330 36 608 528
5340 25 1845 351
5340 28 699 190
5340 30 830 53
5340 33 1104 157
5340 34 617 478
5340 36 595 528
5350 25 1844 350
5350 28 684 193
5350 30 825 53
5350 33 1093 157
5350 34 601 472
5350 36 582 528
5360 25 1844 350
5360 28 670 195
5360 30 821 54
5360 33 1080 157
5360 34 578 474
5360 36 582 524
5370 25 1844 350
5370 28 656 197
5370 30 816 55
5370 33 1067 156
5370 34 562 486
5370 36 584 519
5380 25 1844 350
5380 28 642 199
5380 30 812 55
5380 33 1054 156
5380 34 559 490
5380 36 590 521
5390 25 1844 350
5390 28 628 201
5390 30 807 56
5390 33 1041 156
5390 34 563 486
5390 36 604 527
5400 25 1844 350
5400 28 614 203
5400 30 803 57
5400 33 1029 156
5400 34 567 486
5400 36 610 527
5410 25 1844 350
5410 28 599 206
5410 30 799 57
5410 33 1017 156
5410 34 573 485
5410 36 618 528
5420 25 1844 350
5420 28 585 208
5420 30 796 57
5420 33 1006 156
5420 34 583 481
5420 36 627 530
5430 25 1844 350
5430 28 571 210
5430 30 792 57
5430 33 996 156
5430 34 592 477
5430 36 638 525
5440 25 1844 350
5440 28 557 212
5440 30 789 58
5440 33 983 156
5440 34 607 474
5440 36 640 523
5450 25 1844 350
5450 28 541 215
5450 30 782 58
5450 33 973 156
5450 34 625 472
5450 36 643 522
5460 25 1844 350
5460 28 525 218
5460 30 776 58
5460 33 962 156
5460 34 643 457
5460 36 642 522
5470 25 1844 350
5470 28 509 221
5470 30 770 58
5470 33 950 158
5470 34 668 431
5470 36 641 522
5480 25 1844 350
5480 28 493 224
5480 30 764 58
5480 33 939 161
5480 34 686 430
5480 36 641 522
5490 25 1844 350
5490 28 478 227
5490 30 757 58
5490 33 926 164
5490 34 694 428
5490 36 629 520
5500 25 1844 349
5500 28 458 229
5500 30 751 58
5500 33 915 164
5500 34 696 428
5500 36 617 518
5510 25 1844 349
5510 28 440 232
5510 30 745 58
5510 33 902 166
5510 34 689 428
5510 36 620 516
5520 25 1844 349
5520 28 421 235
5520 30 739 58
5520 33 891 169
5520 34 662 433
5520 36 623 515
5530 25 1844 349
5530 28 402 237
5530 30 732 58
5530 33 881 170
5530 34 641 436
5530 36 627 514
5540 25 1844 349
5540 28 383 240
5540 30 725 59
5540 33 873 173
5540 34 624 463
5540 36 627 513
5550 25 1844 349
5550 28 365 243
5550 30 718 60
5550 33 862 175
5550 34 608 472
5550 36 627 512
5560 25 1844 349
5560 28 345 245
5560 30 712 61
5560 33 851 175
5560 34 592 480
5560 36 631 511
5570 25 1844 349
5570 28 326 247
5570 30 705 62
5570 33 841 178
5570 34 583 486
5570 36 635 511
5580 25 1844 349
5580 28 306 250
5580 30 698 63
5580 33 830 179
5580 34 582 489
5580 36 642 509
5580 41 13 234
5590 25 1844 349
5590 28 287 253
5590 30 691 63
5590 33 819 182
5590 34 582 493
5590 36 639 506
5590 41 22 213
5600 25 1844 349
5600 28 268 255
5600 30 685 64
5600 33 806 182
5600 34 582 496
5600 36 637 503
5600 41 38 213
5610 25 1844 349
5610 28 248 257
5610 30 678 65
5610 33 795 182
5610 34 582 500
5610 36 634 503
5610 41 55 210
5620 25 1844 349
5620 28 229 260
5620 30 671 66
5620 33 782 182
5620 34 582 503
5620 36 631 503
5620 41 73 210
5630 25 1844 349
5630 28 209 263
5630 30 664 67
5630 33 769 182
5630 34 582 506
5630 36 629 503
5630 41 90 210
5640 25 1844 349
5640 28 190 265
5640 30 658 68
5640 33 755 182
5640 34 584 513
5640 36 623 497
5640 41 107 208
5650 25 1844 349
5650 28 171 268
5650 30 649 68
5650 33 745 185
5650 34 586 522
5650 36 617 491
5650 41 125 205
5660 25 1844 349
5660 28 151 271
5660 30 640 69
5660 33 731 187
5660 34 589 528
5660 36 611 485
5660 41 144 205
5670 25 1844 349
5670 28 132 273
5670 30 632 70
5670 33 718 190
5670 34 589 537
5670 36 619 471
5670 41 161 202
5680 25 1844 349
5680 28 112 276
5680 30 623 71
5680 33 707 190
5680 34 588 549
5680 36 631 468
5680 41 178 202
5690 25 1844 349
5690 28 96 277
5690 30 614 72
5690 33 694 193
5690 34 588 560
5690 36 643 465
5690 41 197 200
5700 25 1844 349
5700 28 81 277
5700 30 606 73
5700 33 681 195
5700 34 587 571
5700 36 661 427
5700 41 215 198
5710 25 1844 349
5710 28 66 277
5710 30 597 74
5710 33 669 197
5710 34 583 582
5710 36 677 427
5710 41 233 193
5720 25 1844 349
5720 28 51 277
5720 30 589 75
5720 33 657 200
5720 34 578 594
5720 36 696 423
5720 41 247 189
5730 25 1844 348
5730 28 36 277
5730 30 580 77
5730 33 644 202
5730 34 573 606
5730 36 714 420
5730 41 263 186
5740 25 1844 348
5740 28 27 278
5740 30 572 78
5740 33 628 208
5740 34 568 617
5740 36 730 417
5740 41 279 186
5750 25 1844 348
5750 28 23 279
5750 30 564 79
5750 33 612 210
5750 34 562 629
5750 36 746 410
5750 41 293 184
5760 25 1844 348
5760 28 19 281
5760 30 555 80
5760 33 596 210
5760 34 558 640
5760 36 757 403
5760 41 309 181
5770 25 1844 348
5770 28 17 286
5770 30 545 81
5770 33 582 213
5770 34 542 652
5770 36 762 403
5770 41 325 178
5780 25 1844 348
5780 28 13 302
5780 30 535 82
5780 33 569 213
5780 34 521 664
5780 36 768 403
5780 41 341 178
5790 25 1844 348
5790 30 526 83
5790 33 551 216
5790 34 494 671
5790 36 773 403
5790 41 356 176
5800 25 1844 348
5800 30 516 84
5800 33 537 216
5800 34 462 675
5800 36 778 403
5800 41 372 173
5810 25 1844 348
5810 30 506 85
5810 33 521 218
5810 34 431 680
5810 36 784 403
5810 41 388 170
5820 25 1844 348
5820 30 497 86
5820 33 505 221
5820 34 400 685
5820 36 794 403
5820 41 404 168
5830 25 1844 348
5830 30 487 86
5830 33 483 224
5830 34 368 689
5830 41 418 168
5840 25 1844 348
5840 30 478 87
5840 33 470 226
5840 34 337 694
5840 41 434 165
5850 25 1844 348
5850 30 468 88
5850 33 457 226
5850 34 309 694
5850 41 450 162
5860 25 1844 348
5860 30 459 90
5860 33 441 229
5860 34 283 693
5860 41 463 162
5870 25 1844 348
5870 30 449 91
5870 33 423 232
5870 34 257 691
5870 41 477 161
5880 25 1844 348
5880 30 439 92
5880 33 407 234
5880 34 239 683
5880 41 493 158
5890 25 1844 348
5890 30 430 93
5890 33 390 237
5890 34 225 672
5890 41 506 158
5900 25 1844 348
5900 30 420 94
5900 33 374 237
5900 34 211 661
5900 41 522 157
5910 25 1844 348
5910 30 410 95
5910 33 358 242
5910 34 200 652
5910 41 535 155
5920 25 1844 348
5920 30 400 96
5920 33 340 245
5920 34 191 644
5920 41 549 154
5930 25 1844 348
5930 30 390 98
5930 33 324 248
5930 34 182 636
5930 41 565 151
5940 25 1844 348
5940 30 379 99
5940 33 308 250
5940 34 172 628
5940 41 578 150
5950 25 1844 348
5950 30 368 100
5950 33 289 250
5950 34 157 626
5950 41 591 148
5960 25 1844 348
5960 30 357 102
5960 33 270 253
5960 34 138 626
5960 41 605 145
5970 25 1843 348
5970 30 346 104
5970 33 254 256
5970 34 120 626
5970 41 618 142
5980 25 1843 348
5980 30 335 105
5980 33 241 256
5980 34 102 626
5980 41 631 140
5990 25 1843 348
5990 30 325 107
5990 33 225 258
5990 34 79 631
5990 41 645 137
6000 25 1843 348
6000 30 314 109
6000 33 210 264
6000 34 53 638
6000 41 658 137
6010 25 1843 348
6010 30 309 109
6010 33 190 266
6010 34 30 651
6010 41 671 137
6020 25 1843 348
6020 30 301 106
6020 33 173 266
6020 34 18 666
6020 41 686 138
6030 25 1843 348
6030 30 290 106
6030 33 153 270
6030 41 697 133
6040 25 1843 348
6040 30 279 106
6040 33 131 272
6040 41 707 130
6050 25 1843 348
6050 30 269 106
6050 33 110 274
6050 41 721 130
6060 25 1843 348
6060 30 258 109
6060 33 88 276
6060 41 735 130
6070 25 1843 348
6070 30 247 112
6070 33 67 279
6070 41 751 130
6080 25 1843 348
6080 30 237 112
6080 33 50 283
6080 41 765 130
6090 25 1843 348
6090 30 226 114
6090 33 33 288
6090 41 773 130
6100 25 1843 348
6100 30 218 114
6100 33 25 290
6100 41 781 127
6110 25 1843 348
6110 30 213 117
6110 33 17 292
6110 41 794 125
6120 25 1843 348
6120 30 207 117
6120 33 8 317
6120 41 807 122
6130 25 1843 348
6130 30 202 117
6130 41 821 119
6140 25 1843 348
6140 30 183 117
6140 41 829 117
6150 25 1842 348
6150 30 157 120
6150 41 837 114
6160 25 1841 348
6160 30 146 120
6160 41 847 114
6170 25 1841 348
6170 30 133 122
6170 41 858 114
6180 25 1840 348
6180 30 119 125
6180 41 869 114
6190 25 1840 348
6190 30 107 125
6190 41 882 114
6200 25 1839 348
6200 30 95 126
6200 41 890 114
6210 25 1839 348
6210 30 83 127
6210 41 901 114
6220 25 1838 349
6220 30 71 129
6220 41 911 111
6230 25 1837 349
6230 30 58 130
6230 41 925 111
6240 25 1837 349
6240 30 46 131
6240 41 935 109
6250 25 1836 349
6250 30 34 133
6250 41 946 106
6260 25 1836 349
6260 30 21 134
6260 41 954 106
6270 25 1835 349
6270 30 15 134
6270 41 962 106
6280 25 1835 349
6280 41 973 105
6290 25 1834 349
6290 41 981 103
6300 25 1834 350
6300 41 991 101
6310 25 1834 350
6310 41 999 101
6320 25 1834 350
6320 41 1007 101
6330 25 1834 350
6330 41 1015 102
6340 25 1834 350
6340 41 1021 101
6350 25 1835 351
6350 41 1027 100
6360 25 1835 351
6360 41 1033 99
6370 25 1835 351
6370 41 1039 98
6380 25 1835 351
6380 41 1045 97
6390 25 1835 351
6390 41 1052 96
6400 25 1836 352
6400 41 1060 95
6410 25 1836 352
6410 41 1067 94
6420 25 1836 352
6420 41 1075 94
6430 25 1836 352
6430 41 1084 93
6440 25 1837 353
6440 41 1092 92
6450 25 1831 356
6450 41 1099 91
6460 25 1824 368
6460 41 1107 91
6470 25 1825 368
6470 41 1115 90
6480 25 1830 359
6480 41 1123 89
6490 25 1836 352
6490 41 1131 88
6500 25 1842 354
6500 41 1139 88
6510 25 1848 357
6510 41 1147 87
6520 25 1859 361
6520 41 1155 86
6530 25 1871 365
6530 41 1163 85
6540 25 1890 369
6540 41 1171 84
6550 25 1899 385
6550 41 1179 83
6560 41 1186 83
6570 41 1195 82
6580 41 1202 80
6590 41 1210 77
6600 41 1218 75
6610 41 1226 75
6620 41 1234 75
6630 41 1242 75
6640 41 1250 75
6650 41 1258 73
6660 41 1266 73
6670 41 1272 70
6680 41 1280 67
6690 41 1288 67
6700 41 1296 65
6710 41 1304 65
6710 42 820 38
6720 41 1309 65
6720 42 815 39
6730 41 1314 65
6730 42 810 39
6740 41 1320 65
6740 42 805 39
6750 41 1328 65
6750 42 800 39
6760 41 1333 65
6760 42 794 39
6770 41 1338 67
6770 42 789 39
6780 41 1341 67
6780 42 784 39
6790 42 778 39
6800 42 773 39
6810 42 765 39
6820 42 760 39
6830 42 754 39
6840 42 749 42
6840 43 189 1031
6840 44 1908 741
6850 42 744 42
6850 43 262 995
6850 44 1890 740
6860 42 736 42
6860 43 315 958
6860 44 1881 742
6870 42 730 39
6870 43 350 914
6870 44 1863 761
6880 42 728 37
6880 43 379 854
6880 44 1837 769
