0 41 1033 376
0 42 1055 380
0 43 1042 379
10 41 1033 376
10 42 1055 380
10 43 1041 379
20 41 1033 376
20 42 1055 380
20 43 1041 379
30 41 1033 376
30 42 1055 380
30 43 1041 379
40 41 1033 376
40 42 1055 380
40 43 1041 379
50 41 1033 376
50 42 1055 380
50 43 1041 379
60 41 1033 376
60 42 1055 380
60 43 1041 379
70 41 1033 376
70 42 1055 380
70 43 1041 379
80 41 1033 376
80 42 1055 380
80 43 1041 379
90 41 1033 376
90 42 1055 380
90 43 1041 379
100 41 1033 376
100 42 1055 380
100 43 1041 379
110 41 1033 376
110 42 1055 380
110 43 1041 379
120 41 1033 376
120 42 1055 380
120 43 1041 379
130 41 1033 376
130 42 1055 380
130 43 1041 379
140 41 1033 376
140 42 1055 380
140 43 1041 379
150 41 1033 376
150 42 1055 380
150 43 1041 379
160 41 1033 376
160 42 1055 380
160 43 1041 379
170 41 1033 376
170 42 1055 380
170 43 1041 379
180 41 1033 376
180 42 1055 380
180 43 1041 379
190 41 1033 376
190 42 1055 380
190 43 1041 379
200 41 1033 376
200 42 1055 380
200 43 1041 379
210 41 1033 376
210 42 1055 380
210 43 1041 379
220 41 1033 376
220 42 1055 380
220 43 1041 379
230 41 1033 376
230 42 1055 380
230 43 1041 379
240 41 1033 376
240 42 1055 380
240 43 1041 379
250 41 1033 376
250 42 1055 380
250 43 1041 379
260 41 1033 376
260 42 1055 380
260 43 1041 379
270 41 1033 376
270 42 1055 380
270 43 1041 379
280 41 1033 376
280 42 1055 380
280 43 1041 379
290 41 1033 376
290 42 1055 380
290 43 1041 379
300 41 1033 376
300 42 1055 380
300 43 1041 379
310 41 1033 376
310 42 1055 380
310 43 1041 379
320 41 1033 376
320 42 1055 380
320 43 1041 379
330 41 1033 376
330 42 1056 381
330 43 1041 379
340 41 1033 376
340 42 1056 381
340 43 1041 379
350 41 1033 376
350 42 1056 381
350 43 1041 379
360 41 1033 376
360 42 1056 381
360 43 1041 379
370 41 1033 376
370 42 1056 381
370 43 1041 379
380 41 1033 376
380 42 1056 381
380 43 1041 379
390 41 1033 376
390 42 1056 381
390 43 1041 379
400 41 1033 376
400 42 1056 381
400 43 1041 379
410 41 1033 376
410 42 1056 381
410 43 1041 379
420 41 1033 376
420 42 1056 381
420 43 1041 379
430 41 1033 376
430 42 1056 381
430 43 1041 379
440 41 1033 376
440 42 1056 381
440 43 1041 379
450 41 1033 376
450 42 1056 381
450 43 1041 379
460 41 1033 376
460 42 1056 381
460 43 1041 379
470 41 1033 376
470 42 1056 381
470 43 1041 379
480 41 1033 376
480 42 1056 381
480 43 1041 379
490 41 1033 376
490 42 1056 381
490 43 1041 379
500 41 1033 376
500 42 1056 381
500 43 1041 379
510 41 1033 376
510 42 1056 381
510 43 1041 379
520 41 1033 376
520 42 1056 381
520 43 1041 379
530 41 1033 376
530 42 1056 381
530 43 1041 379
540 41 1033 376
540 42 1056 381
540 43 1041 379
550 41 1033 376
550 42 1056 381
550 43 1041 379
560 41 1033 376
560 42 1056 381
560 43 1041 379
570 41 1033 376
570 42 1056 381
570 43 1041 379
580 41 1033 376
580 42 1056 381
580 43 1041 379
590 41 1033 376
590 42 1056 381
590 43 1041 379
600 2 451 411
600 41 1033 376
600 42 1056 381
600 43 1041 379
610 2 453 412
610 41 1033 376
610 42 1056 381
610 43 1041 379
610 44 1201 391
620 2 456 414
620 41 1033 376
620 42 1056 381
620 43 1041 379
620 44 1191 393
630 2 456 414
630 41 1033 376
630 42 1056 381
630 43 1041 379
630 44 1183 393
640 2 456 414
640 41 1033 376
640 42 1056 381
640 43 1041 379
640 44 1176 393
650 2 456 414
650 41 1033 376
650 42 1055 381
650 43 1041 379
650 44 1169 393
660 2 456 414
660 41 1033 376
660 42 1054 381
660 43 1041 379
660 44 1161 393
670 2 456 414
670 41 1033 376
670 42 1052 380
670 43 1041 379
670 44 1154 394
680 2 456 414
680 41 1033 376
680 42 1051 380
680 43 1041 379
680 44 1146 395
690 2 457 415
690 41 1033 376
690 42 1051 380
690 43 1041 379
690 44 1137 392
700 2 461 418
700 41 1033 376
700 42 1051 380
700 43 1041 379
700 44 1129 389
710 2 465 422
710 41 1033 376
710 42 1051 381
710 43 1041 379
710 44 1121 388
720 2 468 423
720 41 1033 376
720 42 1051 381
720 43 1041 379
720 44 1113 386
730 2 472 425
730 41 1033 376
730 42 1051 381
730 43 1041 379
730 44 1105 385
740 2 474 427
740 41 1033 376
740 42 1051 382
740 43 1041 379
740 44 1097 384
750 2 472 428
750 41 1033 376
750 42 1051 382
750 43 1041 379
750 44 1088 383
760 2 471 430
760 41 1033 376
760 42 1050 382
760 43 1041 379
760 44 1080 383
770 2 469 431
770 41 1033 376
770 42 1050 382
770 43 1041 379
770 44 1073 383
780 2 467 433
780 41 1033 376
780 42 1049 382
780 43 1041 379
780 44 1066 383
790 2 463 435
790 41 1033 376
790 42 1049 382
790 43 1041 379
790 44 1059 383
800 2 459 437
800 41 1033 376
800 42 1049 382
800 43 1041 379
800 44 1055 383
810 2 456 439
810 41 1033 376
810 42 1048 382
810 43 1041 379
810 44 1053 383
820 2 453 441
820 41 1033 376
820 42 1048 382
820 43 1041 379
820 44 1051 383
830 2 450 443
830 41 1033 376
830 42 1048 383
830 43 1041 379
830 44 1051 383
840 2 447 446
840 41 1034 376
840 42 1048 383
840 43 1041 379
840 44 1051 383
850 2 444 448
850 41 1034 376
850 42 1048 383
850 43 1041 379
850 44 1051 383
860 2 446 449
860 41 1034 376
860 42 1048 383
860 43 1041 379
860 44 1052 383
870 2 448 451
870 41 1034 376
870 42 1048 383
870 43 1040 378
870 44 1052 383
880 2 450 452
880 41 1034 376
880 42 1048 383
880 43 1039 378
880 44 1052 383
890 2 453 454
890 41 1034 376
890 42 1048 383
890 43 1039 377
890 44 1052 383
900 2 456 455
900 41 1034 376
900 42 1048 383
900 43 1038 377
900 44 1052 383
910 2 460 456
910 41 1034 376
910 42 1048 383
910 43 1038 377
910 44 1052 383
920 2 464 458
920 41 1034 376
920 42 1048 383
920 43 1038 377
920 44 1052 383
930 2 468 459
930 41 1034 376
930 42 1048 383
930 43 1038 377
930 44 1052 383
940 2 473 463
940 41 1034 376
940 42 1048 383
940 43 1038 377
940 44 1052 383
950 2 478 467
950 41 1034 376
950 42 1048 383
950 43 1038 377
950 44 1052 383
960 2 483 471
960 41 1034 376
960 42 1048 383
960 43 1038 377
960 44 1052 383
970 2 488 474
970 41 1034 376
970 42 1048 383
970 43 1038 377
970 44 1052 383
980 2 494 477
980 41 1034 376
980 42 1048 383
980 43 1038 377
980 44 1052 383
990 2 499 479
990 41 1034 376
990 42 1048 383
990 43 1038 377
990 44 1052 383
1000 2 505 481
1000 41 1034 376
1000 42 1048 383
1000 43 1036 377
1000 44 1052 383
1010 2 511 484
1010 41 1034 376
1010 42 1048 383
1010 43 1032 377
1010 44 1052 383
1020 2 517 486
1020 41 1034 376
1020 42 1048 383
1020 43 1028 377
1020 44 1052 383
1030 2 524 487
1030 41 1034 376
1030 42 1048 383
1030 43 1024 377
1030 44 1052 383
1040 2 531 488
1040 41 1034 376
1040 42 1048 383
1040 43 1018 377
1040 44 1052 383
1050 2 537 489
1050 41 1034 376
1050 42 1048 383
1050 43 1013 377
1050 44 1052 383
1060 2 544 491
1060 41 1034 376
1060 42 1048 383
1060 43 1006 377
1060 44 1052 383
1070 2 551 494
1070 41 1034 376
1070 42 1048 383
1070 43 1000 378
1070 44 1052 383
1080 2 559 498
1080 41 1034 376
1080 42 1048 383
1080 43 993 378
1080 44 1052 383
1090 2 566 501
1090 41 1034 376
1090 42 1048 383
1090 43 987 379
1090 44 1052 383
1100 2 574 504
1100 41 1034 376
1100 42 1048 383
1100 43 980 379
1100 44 1052 383
1110 2 582 507
1110 41 1034 376
1110 42 1048 383
1110 43 973 379
1110 44 1052 383
1120 2 590 509
1120 41 1034 376
1120 42 1048 383
1120 43 966 379
1120 44 1052 383
1130 2 599 512
1130 41 1034 376
1130 42 1048 383
1130 43 959 379
1130 44 1052 383
1140 2 608 514
1140 38 1211 389
1140 41 1034 376
1140 42 1048 383
1140 43 952 379
1140 44 1052 383
1150 2 618 516
1150 38 1206 392
1150 41 1034 376
1150 42 1048 383
1150 43 944 379
1150 44 1052 383
1160 2 627 518
1160 38 1202 394
1160 41 1034 376
1160 42 1048 383
1160 43 937 379
1160 44 1052 383
1170 2 637 520
1170 38 1197 397
1170 41 1034 376
1170 42 1048 383
1170 43 929 379
1170 44 1052 383
1180 2 647 521
1180 38 1192 400
1180 41 1034 376
1180 42 1048 383
1180 43 922 379
1180 44 1052 383
1190 2 658 523
1190 38 1186 402
1190 41 1034 376
1190 42 1048 383
1190 43 913 379
1190 44 1052 383
1200 2 670 525
1200 38 1181 402
1200 41 1034 376
1200 42 1048 383
1200 43 905 379
1200 44 1052 383
1210 2 681 527
1210 38 1177 403
1210 41 1034 376
1210 42 1048 383
1210 43 897 378
1210 44 1052 383
1220 2 692 529
1220 38 1174 404
1220 41 1034 376
1220 42 1048 383
1220 43 889 378
1220 44 1052 383
1230 2 703 532
1230 38 1170 404
1230 41 1034 376
1230 42 1048 383
1230 43 880 377
1230 44 1052 383
1240 2 714 534
1240 38 1167 405
1240 41 1034 376
1240 42 1048 383
1240 43 872 377
1240 44 1052 383
1250 2 725 536
1250 38 1163 406
1250 41 1034 377
1250 42 1048 383
1250 43 864 376
1250 44 1052 383
1260 2 735 538
1260 38 1160 408
1260 41 1034 377
1260 42 1048 383
1260 43 855 376
1260 44 1052 383
1270 2 745 539
1270 38 1156 409
1270 41 1034 377
1270 42 1048 383
1270 43 846 376
1270 44 1052 383
1280 2 755 540
1280 38 1153 410
1280 41 1034 377
1280 42 1048 383
1280 43 837 376
1280 44 1052 383
1290 2 763 544
1290 38 1149 411
1290 41 1034 377
1290 42 1049 383
1290 43 828 376
1290 44 1052 383
1300 2 771 548
1300 38 1146 412
1300 41 1034 377
1300 42 1049 383
1300 43 819 376
1300 44 1052 383
1310 2 779 553
1310 38 1142 414
1310 41 1034 377
1310 42 1049 383
1310 43 810 376
1310 44 1052 383
1320 2 783 555
1320 38 1139 415
1320 41 1034 377
1320 42 1049 383
1320 43 801 376
1320 44 1052 383
1330 2 786 556
1330 38 1136 416
1330 41 1034 377
1330 42 1049 383
1330 43 791 376
1330 44 1052 383
1340 2 789 558
1340 38 1132 418
1340 41 1034 377
1340 42 1049 383
1340 43 782 374
1340 44 1052 383
1350 2 791 559
1350 38 1130 419
1350 41 1034 377
1350 42 1049 383
1350 43 772 371
1350 44 1052 383
1360 2 791 561
1360 38 1127 420
1360 41 1034 377
1360 42 1049 383
1360 43 762 369
1360 44 1052 383
1370 2 789 562
1370 38 1125 421
1370 41 1034 377
1370 42 1049 383
1370 43 753 368
1370 44 1052 383
1380 2 787 563
1380 38 1122 422
1380 41 1034 377
1380 42 1049 383
1380 43 744 369
1380 44 1052 383
1390 2 785 565
1390 38 1118 423
1390 41 1034 377
1390 42 1049 383
1390 43 734 370
1390 44 1052 383
1400 2 781 568
1400 38 1114 425
1400 41 1034 377
1400 42 1049 383
1400 43 733 370
1400 44 1052 383
1410 2 776 571
1410 38 1111 426
1410 41 1034 377
1410 42 1049 383
1410 43 733 371
1410 44 1052 383
1420 2 771 575
1420 38 1107 428
1420 41 1034 377
1420 42 1049 383
1420 43 738 371
1420 44 1052 383
1430 2 766 579
1430 38 1103 429
1430 41 1034 377
1430 42 1049 383
1430 43 746 371
1430 44 1052 383
1440 2 761 582
1440 38 1100 431
1440 41 1034 377
1440 42 1049 383
1440 43 753 371
1440 44 1052 383
1450 2 755 585
1450 38 1096 432
1450 41 1034 377
1450 42 1049 383
1450 43 760 371
1450 44 1052 383
1460 2 748 588
1460 38 1092 434
1460 41 1034 377
1460 42 1049 383
1460 43 767 372
1460 44 1052 383
1470 2 741 592
1470 38 1089 435
1470 41 1034 377
1470 42 1049 383
1470 43 775 375
1470 44 1052 383
1480 2 735 595
1480 38 1085 437
1480 41 1034 377
1480 42 1049 383
1480 43 782 378
1480 44 1052 383
1490 2 728 598
1490 38 1081 438
1490 41 1034 377
1490 42 1049 383
1490 43 790 379
1490 44 1052 383
1500 2 723 600
1500 38 1078 440
1500 41 1034 377
1500 42 1049 383
1500 43 798 379
1500 44 1052 383
1510 2 717 603
1510 38 1074 441
1510 41 1034 377
1510 42 1049 383
1510 43 806 379
1510 44 1052 383
1520 2 712 605
1520 38 1070 443
1520 41 1034 377
1520 42 1049 383
1520 43 814 379
1520 44 1052 383
1530 2 707 608
1530 38 1067 444
1530 41 1034 377
1530 42 1049 383
1530 43 822 379
1530 44 1052 383
1540 2 702 612
1540 38 1063 446
1540 41 1034 377
1540 42 1049 383
1540 43 829 379
1540 44 1052 383
1550 2 697 616
1550 38 1059 447
1550 41 1034 377
1550 42 1049 383
1550 43 837 379
1550 44 1052 383
1560 2 692 620
1560 38 1055 449
1560 41 1034 377
1560 42 1049 383
1560 43 844 379
1560 44 1052 383
1570 2 686 625
1570 38 1052 450
1570 41 1034 377
1570 42 1049 383
1570 43 852 379
1570 44 1052 383
1580 2 679 630
1580 38 1048 452
1580 41 1034 377
1580 42 1049 383
1580 43 860 379
1580 44 1052 383
1590 2 672 633
1590 38 1044 453
1590 41 1034 377
1590 42 1049 383
1590 43 867 379
1590 44 1052 383
1600 2 664 637
1600 38 1041 455
1600 41 1034 377
1600 42 1049 383
1600 43 874 380
1600 44 1052 383
1610 2 657 640
1610 38 1037 456
1610 41 1034 377
1610 42 1049 383
1610 43 882 380
1610 44 1052 383
1620 2 649 644
1620 38 1033 458
1620 41 1034 377
1620 42 1049 383
1620 43 889 380
1620 44 1052 383
1630 2 642 648
1630 38 1030 459
1630 41 1034 377
1630 42 1049 383
1630 43 896 380
1630 44 1052 383
1640 2 635 652
1640 38 1026 461
1640 41 1034 377
1640 42 1049 383
1640 43 903 380
1640 44 1052 383
1650 2 628 656
1650 38 1022 462
1650 41 1034 377
1650 42 1049 383
1650 43 910 380
1650 44 1052 383
1660 2 622 660
1660 38 1019 464
1660 41 1034 377
1660 42 1049 383
1660 43 917 380
1660 44 1052 383
1670 2 615 664
1670 38 1015 465
1670 41 1035 377
1670 42 1049 382
1670 43 924 380
1670 44 1052 383
1680 2 606 668
1680 38 1011 467
1680 41 1035 377
1680 42 1049 382
1680 43 931 380
1680 44 1052 383
1690 2 598 674
1690 38 1008 468
1690 41 1035 377
1690 42 1049 382
1690 43 939 380
1690 44 1052 383
1700 2 589 677
1700 38 1004 470
1700 41 1035 377
1700 42 1049 382
1700 43 946 380
1700 44 1052 383
1710 2 581 681
1710 38 1000 471
1710 41 1035 377
1710 42 1049 382
1710 43 953 380
1710 44 1052 383
1720 2 573 684
1720 38 996 473
1720 41 1035 377
1720 42 1049 382
1720 43 960 380
1720 44 1052 383
1730 2 563 686
1730 38 992 474
1730 41 1035 377
1730 42 1049 382
1730 43 966 379
1730 44 1052 383
1740 2 553 688
1740 38 988 476
1740 41 1035 377
1740 42 1049 382
1740 43 972 379
1740 44 1052 383
1750 2 542 690
1750 38 984 477
1750 41 1035 377
1750 42 1049 382
1750 43 977 378
1750 44 1052 383
1760 2 531 692
1760 38 980 480
1760 41 1035 377
1760 42 1049 382
1760 43 982 378
1760 44 1052 383
1770 2 520 695
1770 38 976 482
1770 41 1035 377
1770 42 1049 382
1770 43 987 378
1770 44 1052 383
1780 2 509 697
1780 38 972 484
1780 41 1035 377
1780 42 1049 382
1780 43 993 377
1780 44 1052 383
1790 2 498 699
1790 38 968 486
1790 41 1035 377
1790 42 1049 382
1790 43 998 378
1790 44 1052 383
1800 2 485 701
1800 38 964 489
1800 41 1035 377
1800 42 1049 382
1800 43 1004 377
1800 44 1052 383
1810 2 470 703
1810 38 960 491
1810 41 1035 377
1810 42 1049 382
1810 43 1009 377
1810 44 1052 383
1820 2 440 711
1820 38 950 496
1820 41 1035 377
1820 42 1049 382
1820 43 1017 376
1820 44 1052 383
1830 2 432 713
1830 38 944 498
1830 41 1035 377
1830 42 1049 382
1830 43 1020 376
1830 44 1052 383
1840 38 939 501
1840 41 1035 377
1840 42 1049 382
1840 43 1023 376
1840 44 1055 383
1850 38 934 503
1850 41 1035 377
1850 42 1049 382
1850 43 1024 376
1850 44 1059 383
1860 38 928 505
1860 41 1035 377
1860 42 1049 382
1860 43 1025 376
1860 44 1060 384
1870 38 923 508
1870 41 1035 377
1870 42 1049 382
1870 43 1026 376
1870 44 1059 384
1880 38 918 510
1880 41 1035 377
1880 42 1049 382
1880 43 1026 376
1880 44 1058 384
1890 38 912 513
1890 41 1035 377
1890 42 1049 382
1890 43 1027 376
1890 44 1055 384
1900 38 907 515
1900 41 1035 377
1900 42 1049 382
1900 43 1027 376
1900 44 1052 383
1910 38 902 517
1910 41 1035 377
1910 42 1049 382
1910 43 1028 376
1910 44 1052 383
1920 38 897 520
1920 41 1035 377
1920 42 1049 382
1920 43 1028 376
1920 44 1052 383
1930 38 892 522
1930 41 1035 377
1930 42 1049 382
1930 43 1029 377
1930 44 1053 383
1940 38 886 525
1940 41 1035 377
1940 42 1049 382
1940 43 1029 377
1940 44 1053 383
1950 38 880 527
1950 41 1035 377
1950 42 1049 382
1950 43 1030 377
1950 44 1053 383
1960 38 873 530
1960 41 1035 377
1960 42 1049 382
1960 43 1031 377
1960 44 1053 383
1970 38 868 532
1970 41 1035 377
1970 42 1049 382
1970 43 1031 377
1970 44 1053 383
1980 38 862 535
1980 41 1035 377
1980 42 1049 382
1980 43 1032 377
1980 44 1053 383
1990 38 855 538
1990 41 1035 377
1990 42 1049 382
1990 43 1032 378
1990 44 1053 383
2000 38 849 540
2000 41 1035 377
2000 42 1049 382
2000 43 1033 378
2000 44 1053 383
2010 38 843 543
2010 41 1035 377
2010 42 1049 382
2010 43 1033 378
2010 44 1053 383
2020 38 837 546
2020 41 1035 377
2020 42 1049 382
2020 43 1034 378
2020 44 1053 383
2030 38 831 549
2030 41 1035 377
2030 42 1049 382
2030 43 1035 378
2030 44 1053 383
2040 38 824 551
2040 41 1035 377
2040 42 1049 381
2040 43 1035 378
2040 44 1053 383
2050 38 819 554
2050 41 1035 377
2050 42 1049 381
2050 43 1035 378
2050 44 1053 383
2060 38 813 556
2060 41 1035 377
2060 42 1049 381
2060 43 1035 378
2060 44 1053 383
2070 38 806 559
2070 41 1035 377
2070 42 1049 381
2070 43 1035 378
2070 44 1052 383
2080 38 800 562
2080 41 1035 377
2080 42 1049 381
2080 43 1035 378
2080 44 1052 383
2090 38 792 565
2090 41 1035 377
2090 42 1049 381
2090 43 1035 378
2090 44 1052 382
2100 38 785 569
2100 41 1035 377
2100 42 1049 381
2100 43 1035 378
2100 44 1052 382
2110 38 777 572
2110 41 1035 377
2110 42 1049 381
2110 43 1034 378
2110 44 1052 382
2120 38 770 576
2120 41 1035 377
2120 42 1049 381
2120 43 1034 378
2120 44 1052 382
2130 38 763 579
2130 41 1035 377
2130 42 1049 381
2130 43 1034 378
2130 44 1052 382
2140 38 755 583
2140 41 1035 377
2140 42 1049 381
2140 43 1034 378
2140 44 1052 382
2150 38 748 586
2150 41 1035 377
2150 42 1049 381
2150 43 1034 378
2150 44 1052 382
2160 38 740 589
2160 41 1035 377
2160 42 1049 381
2160 43 1033 378
2160 44 1052 383
2170 38 733 593
2170 41 1035 377
2170 42 1049 381
2170 43 1033 378
2170 44 1052 383
2180 38 723 597
2180 41 1035 377
2180 42 1049 381
2180 43 1033 378
2180 44 1052 383
2190 38 713 601
2190 41 1035 377
2190 42 1049 381
2190 43 1033 378
2190 44 1052 383
2200 38 703 605
2200 41 1035 377
2200 42 1049 381
2200 43 1033 378
2200 44 1052 383
2210 38 694 609
2210 41 1035 377
2210 42 1049 381
2210 43 1032 378
2210 44 1052 383
2220 38 684 613
2220 41 1035 377
2220 42 1049 381
2220 43 1032 378
2220 44 1052 383
2230 38 674 617
2230 41 1035 377
2230 42 1049 381
2230 43 1032 378
2230 44 1052 383
2240 38 664 621
2240 41 1035 377
2240 42 1049 381
2240 43 1032 378
2240 44 1052 383
2250 6 900 429
2250 38 654 625
2250 41 1035 377
2250 42 1049 381
2250 43 1032 378
2250 44 1052 383
2260 6 898 429
2260 38 644 630
2260 41 1035 377
2260 42 1049 381
2260 43 1031 378
2260 44 1052 383
2270 6 896 429
2270 38 634 634
2270 41 1035 377
2270 42 1049 381
2270 43 1031 378
2270 44 1052 383
2280 6 893 429
2280 38 624 638
2280 41 1035 377
2280 42 1049 381
2280 43 1031 378
2280 44 1052 383
2290 6 892 428
2290 38 614 641
2290 41 1035 377
2290 42 1049 381
2290 43 1031 378
2290 44 1052 383
2300 6 888 428
2300 38 604 646
2300 41 1035 377
2300 42 1049 381
2300 43 1031 378
2300 44 1052 383
2310 6 882 428
2310 38 594 651
2310 41 1035 377
2310 42 1049 381
2310 43 1031 378
2310 44 1052 383
2320 6 876 428
2320 38 584 656
2320 41 1035 377
2320 42 1049 381
2320 43 1030 378
2320 44 1051 383
2330 6 869 428
2330 38 574 661
2330 41 1035 377
2330 42 1049 381
2330 43 1030 378
2330 44 1051 383
2340 6 861 429
2340 38 564 666
2340 41 1035 377
2340 42 1049 381
2340 43 1030 378
2340 44 1051 383
2350 6 853 430
2350 38 554 671
2350 41 1035 377
2350 42 1049 382
2350 43 1030 378
2350 44 1051 383
2360 6 846 435
2360 38 542 675
2360 41 1035 377
2360 42 1049 382
2360 43 1030 378
2360 44 1051 383
2370 6 839 441
2370 38 531 678
2370 41 1035 377
2370 42 1049 383
2370 43 1029 378
2370 44 1051 383
2380 6 831 441
2380 38 518 681
2380 41 1035 377
2380 42 1049 383
2380 43 1029 378
2380 44 1051 383
2390 6 823 440
2390 38 503 684
2390 41 1035 377
2390 42 1049 383
2390 43 1029 378
2390 44 1051 383
2400 6 814 440
2400 38 489 686
2400 41 1035 377
2400 42 1049 384
2400 43 1029 378
2400 44 1051 383
2410 6 806 439
2410 38 474 689
2410 41 1035 377
2410 42 1049 384
2410 43 1029 378
2410 44 1051 383
2420 6 798 438
2420 38 459 692
2420 41 1035 377
2420 42 1049 385
2420 43 1029 378
2420 44 1051 383
2430 6 788 438
2430 38 444 694
2430 41 1035 377
2430 42 1049 385
2430 43 1029 378
2430 44 1051 383
2440 6 779 437
2440 38 425 697
2440 41 1035 377
2440 42 1049 385
2440 43 1029 378
2440 44 1051 383
2450 6 769 437
2450 38 407 699
2450 41 1035 377
2450 42 1049 385
2450 43 1029 378
2450 44 1051 383
2460 6 760 437
2460 38 388 702
2460 41 1035 377
2460 42 1049 384
2460 43 1029 378
2460 44 1051 383
2470 6 752 437
2470 38 370 704
2470 41 1035 377
2470 42 1049 383
2470 43 1029 378
2470 44 1052 382
2480 6 745 437
2480 38 351 707
2480 41 1035 377
2480 42 1049 382
2480 43 1029 378
2480 44 1054 382
2490 6 737 437
2490 38 333 711
2490 41 1035 377
2490 42 1049 382
2490 43 1029 377
2490 44 1056 382
2500 6 730 438
2500 38 312 714
2500 41 1036 377
2500 42 1050 381
2500 43 1029 377
2500 44 1060 383
2510 6 722 438
2510 41 1036 377
2510 42 1050 380
2510 43 1029 377
2510 44 1065 383
2520 6 715 438
2520 41 1037 377
2520 42 1050 379
2520 43 1029 377
2520 44 1070 384
2530 6 707 438
2530 41 1038 377
2530 42 1050 379
2530 43 1029 377
2530 44 1077 385
2540 6 700 438
2540 41 1038 377
2540 42 1050 378
2540 43 1029 377
2540 44 1084 385
2550 6 693 437
2550 41 1039 377
2550 42 1051 377
2550 43 1029 377
2550 44 1092 385
2560 6 686 436
2560 41 1040 377
2560 42 1052 375
2560 43 1030 377
2560 44 1103 386
2570 6 678 436
2570 41 1040 377
2570 42 1054 374
2570 43 1031 377
2570 44 1109 387
2580 6 671 435
2580 41 1041 377
2580 42 1055 372
2580 43 1032 377
2580 44 1115 388
2590 6 662 435
2590 41 1043 379
2590 42 1057 371
2590 43 1032 377
2590 44 1121 389
2600 6 642 438
2600 41 1050 381
2600 42 1059 370
2600 43 1033 378
2600 44 1138 394
2610 6 632 437
2610 41 1050 381
2610 42 1061 369
2610 43 1034 378
2610 44 1148 393
2620 6 622 435
2620 41 1050 381
2620 42 1064 368
2620 43 1035 378
2620 44 1158 393
2630 6 613 434
2630 41 1050 381
2630 42 1064 367
2630 43 1036 378
2630 44 1166 393
2640 6 603 432
2640 41 1050 381
2640 42 1064 367
2640 43 1037 378
2640 44 1173 393
2650 6 594 431
2650 41 1050 381
2650 42 1064 367
2650 43 1038 379
2650 44 1181 394
2660 4 1068 319
2660 6 584 429
2660 41 1050 381
2660 42 1064 367
2660 43 1038 379
2660 44 1188 394
2660 45 1201 386
2660 46 1205 382
2670 4 1067 318
2670 6 575 428
2670 41 1050 381
2670 42 1065 366
2670 43 1038 379
2670 44 1197 392
2670 45 1193 388
2670 46 1196 383
2680 4 1067 318
2680 6 566 427
2680 41 1050 381
2680 42 1065 366
2680 43 1038 379
2680 44 1207 389
2680 45 1186 389
2680 46 1190 384
2690 4 1066 318
2690 6 557 427
2690 41 1050 381
2690 42 1066 366
2690 43 1038 379
2690 44 1212 386
2690 45 1180 389
2690 46 1184 385
2700 4 1066 318
2700 6 548 426
2700 41 1050 381
2700 42 1066 365
2700 43 1038 379
2700 45 1173 389
2700 46 1178 386
2710 4 1066 318
2710 6 539 425
2710 41 1050 381
2710 42 1066 365
2710 43 1038 379
2710 45 1166 389
2710 46 1173 386
2720 4 1066 318
2720 6 530 425
2720 41 1051 382
2720 42 1066 365
2720 43 1038 379
2720 45 1157 390
2720 46 1168 386
2730 4 1067 318
2730 6 521 424
2730 41 1051 381
2730 42 1067 364
2730 43 1038 379
2730 45 1148 391
2730 46 1163 386
2740 4 1067 318
2740 6 512 423
2740 41 1051 381
2740 42 1067 364
2740 43 1039 379
2740 45 1140 389
2740 46 1154 386
2750 4 1067 318
2750 6 503 423
2750 41 1051 381
2750 42 1069 364
2750 43 1039 379
2750 45 1131 386
2750 46 1145 386
2760 4 1067 318
2760 6 494 422
2760 41 1051 381
2760 42 1072 364
2760 43 1039 379
2760 45 1125 385
2760 46 1140 385
2770 4 1067 318
2770 6 482 419
2770 41 1051 381
2770 42 1075 365
2770 43 1039 379
2770 45 1119 385
2770 46 1135 384
2780 4 1066 317
2780 6 471 414
2780 41 1051 381
2780 42 1080 358
2780 43 1039 379
2780 45 1112 385
2780 46 1129 383
2790 4 1066 317
2790 6 461 410
2790 41 1051 381
2790 42 1085 356
2790 43 1039 379
2790 45 1106 385
2790 46 1123 382
2800 4 1068 317
2800 6 454 408
2800 40 1275 551
2800 41 1051 381
2800 42 1090 353
2800 43 1039 379
2800 45 1099 384
2800 46 1118 382
2810 4 1069 317
2810 6 446 404
2810 40 1274 552
2810 41 1051 381
2810 42 1092 353
2810 43 1039 379
2810 45 1093 384
2810 46 1112 381
2820 4 1071 317
2820 6 437 400
2820 40 1272 553
2820 41 1051 381
2820 42 1092 353
2820 43 1039 379
2820 45 1086 383
2820 46 1107 381
2830 4 1072 318
2830 6 429 395
2830 40 1271 554
2830 41 1051 381
2830 42 1092 353
2830 43 1039 379
2830 45 1079 383
2830 46 1101 381
2840 4 1072 319
2840 6 420 391
2840 40 1270 556
2840 41 1051 381
2840 42 1092 353
2840 43 1039 379
2840 45 1074 382
2840 46 1096 381
2850 4 1072 320
2850 6 412 391
2850 40 1268 560
2850 41 1051 381
2850 42 1092 353
2850 43 1039 379
2850 45 1068 382
2850 46 1090 381
2860 4 1073 321
2860 6 404 394
2860 40 1266 562
2860 41 1051 381
2860 42 1092 353
2860 43 1039 379
2860 45 1062 381
2860 46 1085 381
2870 4 1073 321
2870 6 395 396
2870 40 1264 564
2870 41 1051 381
2870 42 1093 353
2870 43 1039 379
2870 45 1056 380
2870 46 1078 380
2880 4 1074 321
2880 6 387 398
2880 40 1261 567
2880 41 1051 381
2880 42 1093 353
2880 43 1039 379
2880 45 1050 380
2880 46 1072 379
2890 4 1075 322
2890 6 378 400
2890 40 1259 569
2890 41 1051 381
2890 42 1093 353
2890 43 1039 379
2890 45 1044 379
2890 46 1065 379
2900 4 1075 322
2900 6 372 400
2900 40 1257 572
2900 41 1051 381
2900 42 1093 353
2900 43 1039 379
2900 45 1039 379
2900 46 1059 378
2910 4 1076 323
2910 6 366 401
2910 40 1255 575
2910 41 1051 381
2910 42 1093 353
2910 43 1039 379
2910 45 1036 379
2910 46 1053 377
2920 4 1076 324
2920 6 360 402
2920 40 1251 577
2920 41 1051 381
2920 42 1093 353
2920 43 1039 379
2920 45 1033 379
2920 46 1046 377
2930 4 1077 325
2930 6 353 403
2930 40 1248 581
2930 41 1051 381
2930 42 1093 353
2930 43 1039 379
2930 45 1032 379
2930 46 1041 376
2940 4 1077 326
2940 6 347 405
2940 40 1246 584
2940 41 1051 381
2940 42 1094 353
2940 43 1039 379
2940 45 1030 379
2940 46 1036 376
2950 4 1078 327
2950 6 340 408
2950 40 1242 587
2950 41 1051 381
2950 42 1094 353
2950 43 1039 379
2950 45 1029 379
2950 46 1031 375
2960 4 1078 328
2960 6 333 411
2960 40 1240 590
2960 41 1051 381
2960 42 1094 353
2960 43 1039 379
2960 45 1028 379
2960 46 1028 375
2970 4 1079 330
2970 6 326 413
2970 40 1237 594
2970 41 1051 381
2970 42 1094 353
2970 43 1039 379
2970 45 1028 379
2970 46 1027 375
2980 4 1079 330
2980 6 318 414
2980 40 1233 597
2980 41 1051 381
2980 42 1094 353
2980 43 1039 379
2980 45 1028 379
2980 46 1026 375
2990 4 1079 331
2990 6 311 415
2990 40 1230 600
2990 41 1051 381
2990 42 1094 353
2990 43 1039 379
2990 45 1028 379
2990 46 1024 375
3000 4 1080 331
3000 6 303 416
3000 40 1226 603
3000 41 1051 381
3000 42 1094 353
3000 43 1039 379
3000 45 1028 379
3000 46 1023 375
3010 4 1080 332
3010 6 295 418
3010 40 1223 606
3010 41 1051 381
3010 42 1095 354
3010 43 1039 379
3010 45 1028 379
3010 46 1022 375
3020 4 1080 332
3020 6 287 419
3020 40 1219 610
3020 41 1051 381
3020 42 1097 354
3020 43 1039 380
3020 45 1028 379
3020 46 1021 375
3030 4 1081 333
3030 6 280 420
3030 40 1216 613
3030 41 1051 381
3030 42 1098 354
3030 43 1039 380
3030 45 1028 379
3030 46 1020 375
3040 4 1081 333
3040 6 272 421
3040 40 1212 616
3040 41 1051 381
3040 42 1100 354
3040 43 1039 380
3040 45 1028 379
3040 46 1020 376
3050 4 1082 333
3050 6 265 422
3050 40 1208 619
3050 41 1051 381
3050 42 1102 354
3050 43 1039 380
3050 45 1028 379
3050 46 1021 376
3060 4 1082 333
3060 6 257 423
3060 40 1205 623
3060 41 1051 381
3060 42 1104 355
3060 43 1039 380
3060 45 1028 379
3060 46 1022 376
3070 4 1082 333
3070 6 249 424
3070 40 1201 626
3070 41 1051 381
3070 42 1106 356
3070 43 1039 380
3070 45 1028 379
3070 46 1023 376
3080 4 1081 334
3080 6 242 425
3080 40 1197 629
3080 41 1051 381
3080 42 1108 357
3080 43 1039 380
3080 45 1027 379
3080 46 1024 376
3090 4 1079 335
3090 6 234 426
3090 40 1193 632
3090 41 1051 381
3090 42 1110 358
3090 43 1039 380
3090 45 1027 379
3090 46 1025 376
3100 4 1078 336
3100 6 226 428
3100 40 1190 635
3100 41 1051 381
3100 42 1113 359
3100 43 1039 380
3100 45 1027 379
3100 46 1025 376
3110 4 1077 337
3110 6 219 429
3110 40 1187 639
3110 41 1051 381
3110 42 1115 360
3110 43 1039 380
3110 45 1027 379
3110 46 1025 376
3120 4 1076 338
3120 6 211 430
3120 40 1184 643
3120 41 1051 381
3120 42 1117 361
3120 43 1039 380
3120 45 1027 379
3120 46 1025 376
3130 4 1074 338
3130 6 203 431
3130 40 1182 647
3130 41 1051 381
3130 42 1119 362
3130 43 1039 380
3130 45 1027 379
3130 46 1025 376
3140 4 1073 339
3140 6 196 432
3140 40 1179 651
3140 41 1051 381
3140 42 1118 361
3140 43 1039 380
3140 45 1027 379
3140 46 1025 376
3150 4 1071 339
3150 6 188 433
3150 40 1177 656
3150 41 1051 381
3150 42 1118 361
3150 43 1039 380
3150 45 1027 378
3150 46 1025 376
3160 4 1070 339
3160 6 180 434
3160 40 1175 660
3160 41 1051 381
3160 42 1117 360
3160 43 1039 380
3160 45 1027 378
3160 46 1025 376
3170 4 1068 340
3170 6 173 435
3170 40 1172 664
3170 41 1051 381
3170 42 1117 360
3170 43 1039 380
3170 45 1027 378
3170 46 1025 376
3180 4 1066 340
3180 6 165 436
3180 40 1169 668
3180 41 1051 381
3180 42 1116 360
3180 43 1039 380
3180 45 1027 378
3180 46 1025 376
3190 4 1064 340
3190 6 158 438
3190 40 1167 672
3190 41 1051 381
3190 42 1116 359
3190 43 1039 380
3190 45 1026 378
3190 46 1025 376
3200 4 1062 340
3200 6 149 439
3200 40 1164 676
3200 41 1051 381
3200 42 1115 358
3200 43 1039 380
3200 45 1026 378
3200 46 1025 376
3210 4 1061 341
3210 6 140 440
3210 40 1158 679
3210 41 1051 381
3210 42 1115 358
3210 43 1039 380
3210 45 1026 378
3210 46 1025 376
3220 4 1059 342
3220 6 126 440
3220 40 1152 682
3220 41 1051 381
3220 42 1114 358
3220 43 1039 380
3220 45 1026 378
3220 46 1025 376
3230 4 1058 343
3230 6 121 439
3230 40 1145 685
3230 41 1051 381
3230 42 1113 357
3230 43 1039 380
3230 45 1026 378
3230 46 1025 376
3240 4 1057 344
3240 40 1139 687
3240 41 1051 381
3240 42 1113 357
3240 43 1039 380
3240 45 1026 378
3240 46 1025 376
3250 4 1056 345
3250 40 1132 690
3250 41 1051 381
3250 42 1112 356
3250 43 1039 380
3250 45 1026 378
3250 46 1025 376
3260 4 1055 346
3260 40 1126 693
3260 41 1051 381
3260 42 1111 356
3260 43 1039 380
3260 45 1026 378
3260 46 1025 376
3270 4 1053 346
3270 40 1120 695
3270 41 1051 381
3270 42 1111 356
3270 43 1039 380
3270 45 1026 378
3270 46 1025 376
3280 4 1052 347
3280 40 1115 698
3280 41 1051 381
3280 42 1110 355
3280 43 1039 380
3280 45 1026 378
3280 46 1025 376
3290 4 1051 348
3290 40 1110 700
3290 41 1051 381
3290 42 1110 355
3290 43 1040 380
3290 45 1026 378
3290 46 1025 376
3300 4 1050 349
3300 40 1104 703
3300 41 1051 381
3300 42 1110 355
3300 43 1040 380
3300 45 1026 378
3300 46 1025 376
3310 4 1049 350
3310 40 1099 705
3310 41 1051 381
3310 42 1111 355
3310 43 1040 380
3310 45 1025 378
3310 46 1025 376
3320 4 1048 351
3320 40 1094 708
3320 41 1051 381
3320 42 1111 355
3320 43 1040 380
3320 45 1025 378
3320 46 1023 375
3330 4 1047 351
3330 40 1089 710
3330 41 1051 381
3330 42 1111 355
3330 43 1040 380
3330 45 1025 377
3330 46 1022 375
3340 4 1045 352
3340 41 1051 381
3340 42 1112 355
3340 43 1040 380
3340 45 1025 377
3340 46 1021 375
3350 4 1044 352
3350 41 1051 381
3350 42 1112 356
3350 43 1040 380
3350 45 1025 377
3350 46 1019 375
3360 4 1043 352
3360 41 1051 381
3360 42 1113 356
3360 43 1040 380
3360 45 1025 377
3360 46 1018 375
3370 4 1042 353
3370 41 1051 381
3370 42 1113 356
3370 43 1040 380
3370 45 1025 377
3370 46 1017 375
3380 4 1041 353
3380 41 1051 381
3380 42 1114 356
3380 43 1040 380
3380 45 1025 377
3380 46 1015 375
3390 4 1040 354
3390 41 1051 381
3390 42 1114 356
3390 43 1040 380
3390 45 1025 377
3390 46 1014 375
3400 4 1039 354
3400 41 1051 381
3400 42 1114 356
3400 43 1040 380
3400 45 1025 377
3400 46 1013 375
3410 4 1038 355
3410 41 1051 381
3410 42 1115 356
3410 43 1040 380
3410 45 1025 377
3410 46 1013 375
3420 4 1037 355
3420 41 1051 381
3420 42 1115 356
3420 43 1040 380
3420 45 1025 377
3420 46 1014 375
3430 4 1036 356
3430 41 1051 381
3430 42 1115 356
3430 43 1040 380
3430 45 1024 376
3430 46 1015 375
3440 4 1035 356
3440 41 1051 381
3440 42 1116 356
3440 43 1040 380
3440 45 1024 376
3440 46 1015 376
3450 4 1034 357
3450 41 1051 381
3450 42 1116 356
3450 43 1040 380
3450 45 1024 376
3450 46 1014 376
3460 4 1032 358
3460 41 1051 381
3460 42 1116 356
3460 43 1040 380
3460 45 1024 376
3460 46 1013 376
3470 4 1031 359
3470 41 1051 381
3470 42 1116 356
3470 43 1040 380
3470 45 1024 376
3470 46 1012 376
3480 4 1029 360
3480 41 1051 381
3480 42 1112 356
3480 43 1040 380
3480 45 1024 376
3480 46 1012 376
3490 4 1028 361
3490 41 1051 381
3490 42 1108 355
3490 43 1040 380
3490 45 1024 376
3490 46 1012 376
3500 4 1026 361
3500 41 1051 381
3500 42 1105 354
3500 43 1040 380
3500 45 1024 376
3500 46 1013 376
3510 4 1025 362
3510 41 1051 381
3510 42 1101 354
3510 43 1040 380
3510 45 1024 376
3510 46 1014 376
3520 4 1023 362
3520 41 1051 381
3520 42 1098 353
3520 43 1040 380
3520 45 1024 376
3520 46 1014 376
3530 4 1022 363
3530 41 1051 381
3530 42 1094 353
3530 43 1040 380
3530 45 1024 376
3530 46 1015 376
3540 4 1020 363
3540 41 1051 381
3540 42 1090 352
3540 43 1040 380
3540 45 1023 376
3540 46 1015 376
3550 4 1019 363
3550 41 1051 381
3550 42 1087 352
3550 43 1040 380
3550 45 1023 376
3550 46 1015 376
3560 4 1018 363
3560 41 1051 381
3560 42 1083 352
3560 43 1040 380
3560 45 1023 376
3560 46 1015 376
3570 4 1017 364
3570 41 1051 381
3570 42 1077 357
3570 43 1040 380
3570 45 1023 376
3570 46 1015 376
3580 4 1016 364
3580 41 1051 381
3580 42 1074 361
3580 43 1040 380
3580 45 1023 376
3580 46 1014 376
3590 4 1015 365
3590 41 1051 381
3590 42 1071 364
3590 43 1040 380
3590 45 1023 376
3590 46 1014 375
3600 4 1015 366
3600 41 1051 381
3600 42 1067 364
3600 43 1040 380
3600 45 1023 376
3600 46 1014 375
3610 4 1014 366
3610 41 1051 381
3610 42 1067 365
3610 43 1040 380
3610 45 1023 376
3610 46 1013 375
3620 4 1013 367
3620 41 1051 381
3620 42 1067 366
3620 43 1040 380
3620 45 1023 376
3620 46 1013 375
3630 4 1013 368
3630 41 1051 381
3630 42 1068 366
3630 43 1040 380
3630 45 1023 376
3630 46 1013 375
3640 4 1012 369
3640 41 1051 381
3640 42 1069 367
3640 43 1040 380
3640 45 1022 376
3640 46 1013 375
3650 4 1012 370
3650 41 1051 381
3650 42 1072 369
3650 43 1040 380
3650 45 1022 376
3650 46 1013 375
3660 4 1013 370
3660 41 1051 381
3660 42 1076 369
3660 43 1040 380
3660 45 1022 376
3660 46 1013 375
3670 4 1015 370
3670 41 1051 381
3670 42 1081 370
3670 43 1040 380
3670 45 1022 376
3670 46 1013 375
3680 4 1016 371
3680 41 1051 381
3680 42 1086 370
3680 43 1040 380
3680 45 1022 376
3680 46 1013 375
3690 4 1018 371
3690 41 1051 381
3690 42 1091 371
3690 43 1040 380
3690 45 1022 376
3690 46 1013 375
3700 4 1019 372
3700 41 1051 381
3700 42 1096 372
3700 43 1040 380
3700 45 1022 376
3700 46 1013 375
3710 4 1019 372
3710 41 1051 381
3710 42 1101 372
3710 43 1040 380
3710 45 1022 376
3710 46 1013 375
3720 4 1019 372
3720 41 1051 381
3720 42 1104 373
3720 43 1040 380
3720 45 1022 376
3720 46 1013 375
3730 4 1020 373
3730 41 1051 381
3730 42 1107 373
3730 43 1040 380
3730 45 1022 376
3730 46 1013 375
3740 4 1021 373
3740 41 1051 381
3740 42 1111 374
3740 43 1040 380
3740 45 1022 376
3740 46 1013 375
3750 4 1022 374
3750 41 1051 381
3750 42 1112 374
3750 43 1040 380
3750 45 1021 376
3750 46 1012 374
3760 4 1023 374
3760 41 1051 381
3760 42 1113 374
3760 43 1040 380
3760 45 1021 376
3760 46 1012 374
3770 4 1024 375
3770 41 1051 381
3770 42 1114 374
3770 43 1040 380
3770 45 1021 376
3770 46 1012 374
3780 4 1025 375
3780 41 1051 381
3780 42 1115 374
3780 43 1040 380
3780 45 1021 376
3780 46 1012 374
3790 4 1027 376
3790 41 1051 381
3790 42 1117 374
3790 43 1040 380
3790 45 1021 376
3790 46 1012 374
3800 4 1027 376
3800 41 1051 381
3800 42 1117 374
3800 43 1040 380
3800 45 1021 376
3800 46 1012 374
3810 4 1027 376
3810 41 1051 381
3810 42 1117 374
3810 43 1040 380
3810 45 1021 376
3810 46 1012 374
3820 4 1027 376
3820 41 1051 381
3820 42 1117 374
3820 43 1040 380
3820 45 1021 376
3820 46 1012 374
3830 4 1027 376
3830 41 1051 381
3830 42 1116 374
3830 43 1040 380
3830 45 1021 376
3830 46 1012 374
3840 4 1027 376
3840 41 1051 381
3840 42 1116 374
3840 43 1040 380
3840 45 1021 376
3840 46 1012 374
3850 4 1027 376
3850 41 1051 381
3850 42 1116 374
3850 43 1040 380
3850 45 1021 376
3850 46 1012 374
3860 4 1027 376
3860 41 1051 381
3860 42 1116 374
3860 43 1040 380
3860 45 1021 375
3860 46 1012 374
3870 4 1027 376
3870 41 1051 381
3870 42 1116 374
3870 43 1040 380
3870 45 1021 375
3870 46 1012 374
3880 4 1027 376
3880 41 1051 381
3880 42 1115 374
3880 43 1040 380
3880 45 1021 375
3880 46 1012 374
3890 4 1027 376
3890 41 1051 381
3890 42 1115 374
3890 43 1040 380
3890 45 1021 375
3890 46 1012 374
3900 4 1027 376
3900 41 1051 381
3900 42 1115 374
3900 43 1040 380
3900 45 1021 375
3900 46 1012 374
3910 4 1027 376
3910 41 1051 381
3910 42 1115 374
3910 43 1040 380
3910 45 1022 375
3910 46 1012 374
3920 4 1027 376
3920 41 1051 381
3920 42 1115 374
3920 43 1040 380
3920 45 1022 375
3920 46 1011 374
3930 4 1027 376
3930 41 1051 381
3930 42 1114 374
3930 43 1040 380
3930 45 1022 375
3930 46 1011 374
3940 4 1028 376
3940 41 1051 381
3940 42 1114 374
3940 43 1040 380
3940 45 1022 375
3940 46 1011 374
3950 4 1028 376
3950 41 1051 381
3950 42 1114 374
3950 43 1040 380
3950 45 1023 375
3950 46 1011 374
3960 4 1028 376
3960 41 1051 381
3960 42 1112 374
3960 43 1040 380
3960 45 1023 375
3960 46 1011 374
3970 4 1028 376
3970 41 1051 381
3970 42 1110 374
3970 43 1040 380
3970 45 1023 375
3970 46 1011 374
3980 4 1028 376
3980 36 415 711
3980 41 1051 381
3980 42 1107 374
3980 43 1040 380
3980 45 1023 375
3980 46 1011 374
3990 4 1028 376
3990 36 446 706
3990 41 1051 381
3990 42 1105 374
3990 43 1040 380
3990 45 1023 375
3990 46 1011 374
