0 2 678 626
10 2 664 630
20 2 652 635
30 2 637 638
40 2 625 644
50 2 612 647
60 2 598 653
70 2 586 656
80 2 573 662
90 2 559 665
100 2 547 670
110 2 534 676
120 2 520 677
130 2 506 680
140 2 492 684
150 2 476 687
160 2 458 689
170 2 440 692
180 2 424 696
190 2 408 699
200 2 388 702
210 2 368 705
220 2 347 708
230 2 323 709
240 2 295 713
620 4 1063 376
630 4 1056 374
640 4 1051 374
650 4 1046 374
660 4 1046 374
670 4 1046 374
680 4 1047 374
690 4 1047 374
700 4 1049 374
710 4 1049 374
720 4 1051 374
730 4 1051 374
740 4 1051 374
750 4 1051 374
760 4 1051 374
770 4 1053 374
780 4 1053 374
790 4 1053 374
800 4 1053 374
810 4 1053 374
820 4 1053 374
830 4 1053 374
840 4 1053 374
850 4 1053 374
860 4 1053 374
870 4 1053 374
880 4 1053 374
890 4 1053 374
900 4 1053 374
910 4 1053 374
920 4 1053 374
930 4 1053 374
940 4 1053 374
950 4 1053 374
960 4 1053 374
