190 7 30 362
200 7 31 364
210 7 33 365
220 7 35 366
230 7 37 366
240 7 39 366
250 7 41 366
260 7 43 366
270 7 45 366
280 7 47 366
290 7 49 366
300 7 55 369
310 7 55 369
320 7 58 369
330 7 61 369
340 7 62 369
350 7 65 369
360 1 5 404
360 7 65 369
370 1 9 402
370 7 65 369
380 1 14 400
380 7 65 369
390 1 18 398
390 7 65 369
400 1 23 396
400 7 62 369
410 1 27 393
410 7 62 372
420 1 32 391
420 7 62 372
430 1 36 389
430 7 62 372
440 1 41 387
440 7 59 372
450 1 46 386
450 7 59 374
460 1 53 385
460 7 59 374
470 1 60 385
470 7 57 374
480 1 66 384
480 7 57 374
490 1 73 384
490 7 57 374
500 1 79 382
500 7 57 377
510 1 85 381
510 7 54 377
520 1 91 379
520 7 54 377
530 1 97 377
530 7 54 377
540 1 103 376
540 7 54 380
550 1 106 375
550 7 51 380
560 1 107 375
560 7 51 380
570 1 110 375
570 7 51 380
580 1 119 372
580 7 51 382
590 7 51 382
600 7 51 382
610 7 51 382
620 7 53 382
630 7 54 382
640 7 56 383
650 7 57 385
660 7 58 385
670 7 61 386
680 7 61 386
690 7 62 386
700 7 65 389
710 7 70 389
720 7 73 389
730 7 76 389
740 7 83 391
750 7 84 391
760 7 89 391
770 7 92 391
780 7 101 391
790 7 100 394
790 11 151 359
800 7 102 394
800 11 155 359
810 7 108 394
810 11 158 359
820 7 110 394
820 11 162 359
830 7 113 397
830 11 166 357
840 7 113 397
840 11 169 357
850 7 110 397
850 11 172 357
860 7 108 399
860 11 177 354
870 7 108 399
870 11 180 354
880 7 105 402
880 11 185 354
890 7 102 402
890 11 188 354
900 7 102 405
900 11 193 351
910 7 100 406
910 11 196 351
920 7 97 409
920 11 198 351
930 7 94 413
940 7 94 414
950 7 92 417
960 7 89 421
970 7 86 424
970 10 614 429
980 7 86 424
980 10 609 429
990 7 84 426
990 10 603 426
1000 7 81 426
1000 10 599 426
1010 7 78 429
1010 10 591 424
1020 7 76 432
1020 10 583 424
1030 7 76 432
1030 10 575 421
1040 7 73 434
1040 10 567 418
1050 7 70 434
1050 10 559 416
1050 13 38 353
1060 7 68 437
1060 10 550 416
1060 13 43 353
1070 7 68 437
1070 10 545 413
1070 13 49 353
1080 7 70 440
1080 10 540 413
1080 13 54 352
1090 7 73 440
1090 10 534 413
1090 13 59 352
1100 7 76 440
1100 10 529 413
1100 13 65 350
1110 7 78 440
1110 10 524 410
1110 13 70 350
1120 7 81 442
1120 10 518 410
1120 13 75 350
1130 7 84 442
1130 10 513 410
1130 13 81 349
1140 7 89 442
1140 10 508 410
1140 13 86 349
1150 7 92 442
1150 10 502 410
1150 13 91 348
1160 7 94 445
1160 10 497 408
1160 13 97 348
1170 7 97 445
1170 10 492 408
1170 13 102 348
1180 7 100 445
1180 10 486 408
1180 13 107 346
1190 7 102 445
1190 10 481 408
1190 13 113 346
1200 7 108 448
1200 10 476 408
1200 13 118 346
1210 7 105 448
1210 10 468 405
1210 13 122 343
1220 7 103 448
1220 10 462 405
1220 13 128 343
1230 7 102 449
1230 10 457 405
1230 13 133 343
1240 7 101 450
1240 10 450 404
1240 13 138 342
1250 7 98 451
1250 10 444 404
1250 13 144 342
1260 7 98 451
1260 10 438 404
1260 13 149 342
1270 7 97 453
1270 10 433 404
1270 13 154 342
1280 7 95 454
1280 10 427 403
1280 13 160 341
1290 7 94 454
1290 10 422 403
1290 13 165 341
1300 7 94 457
1300 10 416 403
1300 13 170 341
1310 7 97 459
1310 10 411 402
1310 13 176 341
1320 7 99 462
1320 10 405 402
1320 13 178 341
1330 7 104 463
1330 10 400 402
1330 13 184 341
1340 7 106 466
1340 10 394 402
1340 13 189 338
1350 7 110 469
1350 10 389 401
1350 13 192 335
1360 7 114 471
1360 10 383 401
1360 13 194 333
1370 7 117 474
1370 10 378 401
1370 13 197 330
1380 7 120 477
1380 10 372 400
1380 13 202 330
1390 7 122 479
1390 10 367 400
1390 13 208 330
1400 7 128 482
1400 10 361 400
1400 13 213 330
1410 7 130 485
1410 10 355 400
1410 13 218 330
1420 7 133 487
1420 10 350 399
1420 13 224 330
1430 7 137 490
1430 10 344 399
1430 13 229 330
1440 7 139 492
1440 10 338 399
1440 13 237 330
1450 7 142 494
1450 10 332 398
1450 13 242 330
1460 7 146 497
1460 10 326 398
1460 13 248 330
1470 7 150 500
1470 10 321 398
1470 13 253 330
1480 7 153 502
1480 10 316 398
1480 13 258 330
1490 7 158 505
1490 10 311 398
1490 13 264 330
1500 7 163 510
1500 10 306 397
1500 13 272 330
1510 7 166 511
1510 10 301 397
1510 13 272 330
1520 7 171 513
1520 10 296 397
1520 13 272 330
1530 7 177 514
1530 10 292 397
1540 7 182 515
1540 10 286 397
1550 7 187 515
1550 10 282 396
1560 7 193 518
1560 10 277 396
1570 7 198 521
1570 10 272 396
1580 7 201 523
1580 10 267 396
1590 7 206 523
1590 10 262 396
1600 7 211 526
1600 10 257 395
1610 7 217 529
1610 10 252 395
1620 7 222 529
1620 10 248 394
1630 7 227 531
1630 10 243 394
1640 7 230 534
1640 10 239 394
1650 7 235 534
1650 10 235 393
1660 7 241 539
1660 10 231 392
1670 7 243 542
1670 10 227 392
1680 7 243 545
1680 10 222 391
1690 7 243 547
1690 10 218 391
1700 7 241 550
1700 10 214 390
1710 7 238 553
1710 10 210 389
1720 7 235 557
1720 10 206 389
1730 7 233 559
1730 10 201 388
1740 7 230 564
1740 10 198 387
1750 7 231 564
1750 10 193 387
1760 7 224 569
1760 10 193 387
1770 7 217 574
1770 10 192 388
1780 7 210 579
1780 10 192 388
1790 7 203 584
1790 10 191 388
1800 7 195 589
1800 10 191 388
1810 7 185 593
1810 10 191 388
1820 7 178 595
1820 10 191 388
1830 7 167 600
1830 10 191 388
1840 7 156 605
1840 10 188 388
1850 7 146 611
1850 10 186 388
1860 7 134 616
1860 10 183 387
1870 7 124 621
1870 10 181 387
1880 7 113 627
1880 10 178 387
1890 7 102 632
1890 10 175 387
1900 7 90 639
1900 10 173 387
1910 7 77 643
1910 10 170 386
1920 7 66 651
1920 10 167 386
1930 7 54 651
1930 10 165 386
1940 7 43 658
1940 10 162 386
1950 7 30 665
1950 10 158 386
1960 7 18 671
1960 10 154 386
1970 7 12 673
1970 10 151 386
1980 7 8 694
1980 10 146 386
1990 10 143 386
2000 10 140 386
2010 10 135 386
2020 10 132 386
2030 10 127 386
2040 10 124 386
2050 10 121 386
2060 10 116 386
2070 10 113 386
2080 10 108 386
2090 10 105 386
2100 10 102 386
2110 10 97 385
2120 10 94 385
2130 10 90 385
2140 10 85 380
2150 10 82 380
2160 10 78 380
2170 10 75 380
2180 10 72 380
2190 10 69 380
2200 10 65 380
2210 10 62 379
2220 10 59 379
2230 10 56 379
2240 10 52 379
2250 10 49 379
2260 10 45 379
2270 10 42 379
2280 10 39 379
2290 10 36 378
2300 10 33 378
