0 10 543 90
0 22 686 55
0 23 1297 73
0 24 1331 18
0 25 1314 22
0 88 867 181
10 10 535 90
10 22 691 55
10 23 1300 73
10 24 1334 18
10 25 1317 19
10 88 860 184
20 10 522 90
20 22 694 53
20 23 1305 73
20 24 1337 18
20 25 1322 19
20 88 854 187
30 10 509 90
30 22 699 53
30 23 1310 73
30 24 1342 18
30 25 1325 19
30 88 848 190
40 10 493 90
40 22 703 50
40 23 1316 73
40 24 1345 18
40 25 1330 19
40 88 842 193
50 10 481 92
50 22 709 49
50 23 1321 73
50 24 1350 18
50 25 1336 19
50 88 836 196
60 10 468 95
60 22 716 47
60 23 1326 73
60 24 1353 21
60 25 1338 19
60 88 830 198
70 10 456 97
70 22 722 46
70 23 1332 76
70 24 1358 21
70 25 1344 19
70 88 823 201
80 10 443 100
80 22 728 46
80 23 1337 76
80 24 1361 21
80 25 1346 19
80 88 815 204
90 10 431 103
90 22 734 45
90 23 1342 76
90 24 1366 21
90 25 1352 18
90 88 807 206
100 10 418 103
100 22 740 44
100 23 1348 76
100 24 1369 21
100 25 1354 18
100 88 800 209
110 10 405 103
110 22 746 43
110 23 1353 76
110 24 1374 23
110 25 1360 18
110 88 794 211
120 10 391 103
120 22 752 42
120 23 1361 78
120 24 1379 23
120 25 1362 18
120 88 789 214
130 10 381 103
130 22 758 42
130 23 1363 74
130 24 1382 23
130 25 1365 18
130 88 783 217
140 10 367 106
140 22 764 41
140 23 1366 71
140 24 1385 23
140 25 1370 18
140 88 777 221
150 10 354 106
150 22 770 40
150 24 1387 23
150 25 1373 18
150 88 770 224
160 10 343 106
160 22 776 39
160 24 1390 23
160 25 1376 18
160 88 764 228
170 10 330 106
170 22 782 39
170 24 1395 21
170 25 1381 18
170 88 758 232
180 10 317 109
180 22 787 42
180 24 1398 20
180 25 1384 18
180 88 753 235
190 10 303 109
190 22 795 45
190 25 1389 18
190 88 749 239
200 10 288 111
200 22 798 45
200 25 1392 18
200 88 745 242
210 10 275 113
210 22 811 45
210 25 1394 18
210 88 740 246
220 10 261 116
220 22 814 45
220 25 1400 18
220 88 737 249
230 10 247 120
230 22 822 42
230 25 1402 18
230 88 733 253
240 10 235 120
240 22 831 42
240 88 729 258
250 10 222 117
250 22 839 42
250 88 726 263
260 10 207 120
260 22 848 42
260 88 723 268
270 10 192 123
270 22 856 42
270 88 715 268
280 10 177 124
280 22 865 42
280 88 707 268
290 10 162 125
290 22 873 42
290 88 698 270
300 10 146 128
300 22 882 42
300 88 686 273
310 10 131 130
310 22 891 42
310 88 674 277
320 10 115 131
320 22 891 42
320 88 660 280
330 10 100 133
330 22 899 41
330 88 646 282
340 10 85 134
340 22 906 41
340 88 632 284
350 10 69 137
350 22 912 40
350 88 618 286
360 10 53 139
360 22 919 39
360 88 603 287
370 10 34 142
370 22 926 38
370 88 586 288
380 10 22 147
380 22 932 38
380 88 570 289
390 10 12 150
390 22 939 37
390 88 554 293
400 22 945 36
400 88 539 296
410 22 952 36
410 88 523 299
420 22 958 35
420 88 509 303
430 22 965 35
430 88 495 307
440 22 971 34
440 88 481 311
450 22 978 33
450 88 468 315
460 22 985 33
460 88 452 316
470 22 991 32
470 88 437 318
480 22 998 31
480 88 421 319
490 22 1004 30
490 88 406 321
500 22 1011 30
500 88 391 324
510 22 1017 29
510 88 379 330
520 22 1024 29
520 88 366 336
530 22 1030 28
530 88 353 341
540 22 1037 27
540 88 340 347
550 22 1044 27
550 88 332 351
560 22 1050 26
560 88 324 355
570 22 1057 25
570 88 315 359
580 22 1063 24
580 88 308 362
590 22 1069 21
590 88 300 366
600 88 297 371
610 88 298 375
620 88 299 380
630 88 300 385
640 88 306 389
650 88 314 394
660 88 322 398
670 88 330 400
680 88 337 403
690 88 344 406
700 88 352 408
710 88 359 411
720 88 366 413
730 88 373 415
740 88 380 418
750 88 380 418
760 88 380 419
770 88 380 419
780 88 381 419
790 88 381 419
800 88 381 419
810 88 382 419
820 88 382 418
830 88 382 418
840 88 383 418
850 88 383 418
860 88 383 417
870 55 45 1052
870 88 384 417
880 55 110 1043
880 88 384 417
890 55 173 1036
890 88 384 417
900 55 235 1024
900 88 384 417
910 55 297 1011
910 88 384 417
920 55 353 1003
920 88 384 417
930 55 413 998
930 88 384 417
940 55 473 994
940 88 384 417
950 55 534 989
950 88 384 417
960 55 594 984
960 88 384 417
970 55 654 979
970 88 384 417
980 18 1277 22
980 55 715 971
980 88 384 417
990 18 1282 22
990 55 774 959
990 88 384 417
1000 18 1287 21
1000 55 834 944
1000 88 384 417
1010 18 1291 21
1010 55 873 928
1010 88 384 417
1020 18 1296 21
1020 55 920 913
1020 88 383 417
1030 18 1300 20
1030 55 969 897
1030 88 383 417
1040 18 1305 20
1040 55 1016 881
1040 88 383 417
1050 18 1309 19
1050 55 1053 865
1050 88 383 417
1060 18 1313 19
1060 55 1090 848
1060 88 383 417
1070 18 1318 18
1070 55 1122 830
1070 88 383 417
1080 18 1322 18
1080 55 1145 809
1080 88 383 417
1090 18 1326 17
1090 55 1167 788
1090 88 383 417
1100 18 1330 17
1100 55 1189 770
1100 88 383 417
1110 18 1334 17
1110 55 1190 754
1110 88 383 417
1120 17 16 125
1120 18 1338 16
1120 55 1192 738
1120 88 383 417
1130 17 25 124
1130 18 1342 16
1130 55 1197 724
1130 88 382 416
1140 17 34 124
1140 18 1346 16
1140 55 1187 711
1140 88 382 416
1150 17 48 121
1150 18 1351 16
1150 55 1168 697
1150 88 381 415
1160 17 61 121
1160 18 1356 17
1160 55 1150 682
1160 88 380 414
1170 17 77 118
1170 18 1361 18
1170 55 1132 665
1170 88 380 414
1180 17 90 118
1180 18 1366 19
1180 55 1114 646
1180 88 379 413
1190 17 104 116
1190 18 1371 20
1190 55 1096 626
1190 88 379 413
1200 17 120 116
1200 18 1377 22
1200 19 1527 18
1200 55 1081 611
1200 88 378 412
1210 17 139 111
1210 18 1379 22
1210 19 1522 18
1210 55 1067 599
1210 88 377 411
1220 17 155 101
1220 18 1382 22
1220 19 1514 18
1220 55 1053 588
1220 88 377 411
1230 17 167 98
1230 18 1387 19
1230 19 1509 18
1230 55 1040 576
1230 88 376 410
1240 17 179 96
1240 18 1393 19
1240 19 1503 15
1240 55 1027 564
1240 88 376 410
1250 17 191 94
1250 18 1395 17
1250 19 1498 15
1250 55 1024 556
1250 88 375 409
1260 17 204 92
1260 18 1401 17
1260 19 1493 15
1260 55 1034 552
1260 88 374 408
1270 17 216 90
1270 18 1401 17
1270 19 1490 15
1270 55 1044 548
1270 88 374 408
1280 17 225 87
1280 18 1401 17
1280 19 1482 15
1280 55 1047 547
1280 88 373 407
1290 17 230 85
1290 19 1477 15
1290 55 1050 546
1290 88 372 406
1300 17 238 85
1300 19 1469 15
1300 55 1052 545
1300 88 372 406
1310 17 243 82
1310 19 1463 15
1310 55 1054 544
1310 88 371 405
1320 17 249 82
1320 19 1463 15
1320 55 1056 543
1320 88 371 405
1330 17 251 77
1330 19 1463 15
1330 55 1058 542
1330 88 371 405
1340 17 257 74
1340 55 1061 542
1340 88 371 405
1350 17 259 69
1350 55 1063 542
1350 88 371 405
1360 17 265 66
1360 55 1066 542
1360 88 371 405
1370 17 270 63
1370 55 1069 542
1370 88 371 405
1380 17 275 61
1380 55 1071 542
1380 88 371 405
1390 17 281 58
1390 55 1074 542
1390 88 370 404
1400 17 289 58
1400 55 1076 543
1400 88 370 404
1410 17 294 58
1410 55 1079 543
1410 88 370 404
1420 17 302 58
1420 55 1082 543
1420 88 370 404
1430 17 302 58
1430 55 1084 543
1430 88 370 404
1440 17 302 55
1440 55 1087 543
1440 88 370 404
1450 17 305 52
1450 55 1089 544
1450 88 370 404
1460 17 306 52
1460 55 1091 546
1460 88 370 404
1470 17 308 51
1470 55 1093 548
1470 57 1470 14
1470 88 370 403
1480 17 311 51
1480 55 1094 549
1480 57 1474 13
1480 88 371 402
1490 17 312 50
1490 55 1096 551
1490 57 1478 13
1490 88 373 400
1500 17 314 48
1500 55 1097 552
1500 57 1482 13
1500 88 374 399
1510 17 315 46
1510 55 1089 552
1510 57 1486 14
1510 88 376 398
1520 17 317 44
1520 55 1082 552
1520 57 1490 14
1520 88 382 395
1530 17 322 42
1530 55 1075 552
1530 57 1493 14
1530 88 384 397
1540 55 1067 552
1540 57 1496 14
1540 88 383 400
1550 55 1060 551
1550 57 1499 14
1550 88 383 402
1560 55 1053 551
1560 57 1503 14
1560 88 383 403
1570 55 1045 551
1570 57 1506 13
1580 55 1038 551
1580 57 1509 13
1590 55 1037 558
1590 57 1512 13
1600 55 1037 567
1600 57 1515 13
1610 55 1050 579
1620 55 1066 591
1630 55 1082 604
1640 55 1093 612
1650 55 1096 614
1660 55 1099 616
1670 55 1102 617
1680 55 1105 619
1690 55 1108 621
1700 55 1114 623
1710 55 1122 625
1720 55 1130 628
1730 55 1138 630
1740 55 1144 630
1750 55 1148 627
1760 55 1153 624
1770 55 1157 621
1780 55 1161 619
1790 55 1165 616
1800 55 1169 612
2640 56 19 133
2650 56 77 130
2660 56 137 126
2670 56 191 121
2680 56 243 118
2690 56 297 113
2700 56 346 107
2710 56 394 105
2720 56 433 100
2730 56 473 95
2740 56 512 90
2750 56 547 85
2760 56 578 81
2770 56 611 78
2780 56 642 76
2790 56 671 73
2800 56 695 70
2810 56 719 68
2820 56 743 66
2830 56 767 63
2840 56 791 61
2850 56 808 58
2860 56 825 56
2870 56 839 54
2880 56 847 51
2890 56 855 49
2900 56 863 47
2910 56 871 44
2920 56 879 42
2930 56 887 40
2940 56 896 37
2950 56 906 35
2960 56 915 33
2970 56 929 32
2980 56 945 30
2990 56 962 29
3000 56 981 27
3010 56 1000 26
3020 56 1020 25
3030 56 1039 22
3040 56 1061 18
3050 56 1083 15
3060 56 1101 15
3070 56 1120 15
3080 56 1139 13
