0 17 422 101
10 17 409 101
20 17 396 101
30 17 385 103
40 17 377 109
50 17 361 109
60 17 348 111
70 17 334 114
80 17 321 117
90 17 308 119
100 17 292 119
110 17 278 122
120 17 262 125
130 17 249 127
140 17 233 127
150 4 285 1062
150 17 217 127
160 4 338 1048
160 17 204 130
170 4 397 1035
170 17 188 130
180 4 449 1029
180 17 172 130
190 4 509 1017
190 17 158 133
200 4 561 1013
200 17 145 135
210 4 607 1001
210 17 132 138
220 4 661 991
220 17 105 138
230 4 712 981
240 4 762 963
250 4 814 950
260 4 862 926
270 4 908 910
280 4 953 897
290 4 998 873
300 4 1038 865
310 4 1074 852
320 4 1107 831
330 4 1146 817
340 4 1173 808
350 4 1197 795
360 4 1234 778
370 4 1266 763
380 4 1278 757
390 4 1303 745
400 4 1335 730
410 4 1357 718
420 4 1383 717
430 4 1405 699
440 4 1426 698
450 4 1450 694
460 4 1463 677
470 4 1485 673
480 4 1498 668
490 4 1509 660
500 4 1521 652
510 4 1537 649
520 4 1545 652
530 4 1545 649
540 4 1545 646
550 4 1545 644
560 4 1545 641
570 4 1537 641
580 4 1532 644
590 4 1526 644
600 4 1532 646
610 4 1532 645
620 4 1532 645
630 4 1532 645
640 4 1532 645
650 4 1532 646
660 4 1532 646
670 4 1532 646
680 4 1532 646
690 4 1532 646
700 4 1533 648
710 4 1533 646
720 4 1533 646
730 4 1533 646
740 4 1533 646
750 4 1533 647
760 4 1533 647
770 4 1533 647
780 4 1533 647
790 4 1533 647
800 4 1534 649
810 4 1534 647
820 4 1534 647
830 4 1534 647
840 4 1534 647
850 4 1534 649
860 4 1534 649
870 4 1534 649
880 4 1534 649
890 4 1534 649
900 4 1536 650
910 4 1539 655
920 4 1539 655
930 4 1539 655
940 4 1539 655
950 4 1539 655
960 4 1539 655
970 4 1539 655
980 4 1539 655
990 4 1539 655
1000 4 1539 655
1000 11 315 42
1010 4 1539 655
1010 11 316 43
1020 4 1539 655
1020 11 318 43
1030 4 1539 655
1030 11 329 43
1040 4 1539 655
1040 11 337 43
1050 4 1539 655
1050 11 348 43
1060 4 1539 655
1060 11 356 43
1070 4 1539 655
1070 11 366 43
1080 4 1537 655
1080 11 377 46
1090 4 1531 655
1090 11 390 49
1100 4 1529 655
1100 11 401 49
1110 4 1529 655
1110 11 414 49
1120 4 1532 655
1120 11 425 49
1130 4 1533 655
1130 11 438 49
1140 4 1536 655
1140 11 449 49
1150 4 1539 655
1150 11 462 49
1160 4 1531 661
1160 11 473 49
1170 4 1526 661
1170 11 484 49
1180 4 1523 671
1180 11 494 49
1190 4 1518 679
1190 11 505 49
1200 4 1507 687
1200 11 518 49
1210 4 1500 690
1210 11 529 49
1220 4 1489 707
1220 11 542 49
1230 4 1475 716
1230 11 554 51
1240 4 1462 735
1240 11 565 52
1250 4 1458 747
1250 11 576 52
1260 4 1465 778
1260 11 586 53
1270 4 1477 802
1270 11 597 54
1280 4 1486 809
1280 11 608 54
1290 4 1502 817
1290 11 619 55
1300 4 1514 827
1300 11 630 55
1310 4 1530 833
1310 11 641 56
1320 4 1538 835
1320 11 652 57
1330 4 1545 835
1330 11 662 57
1340 4 1545 835
1340 11 673 58
1350 4 1549 833
1350 11 684 58
1360 4 1554 828
1360 11 695 59
1370 4 1560 828
1370 11 706 59
1380 4 1560 830
1380 11 717 60
1390 4 1560 834
1390 11 728 60
1400 4 1560 833
1400 11 738 61
1410 4 1560 833
1410 11 749 61
1420 4 1560 838
1420 11 760 62
1430 4 1558 842
1430 11 771 62
1440 4 1560 838
1440 11 782 63
1450 4 1555 838
1450 11 793 64
1460 4 1557 831
1460 11 804 64
1470 4 1553 834
1470 11 814 65
1480 4 1553 839
1480 11 825 65
1490 4 1554 843
1490 11 836 66
1500 4 1556 849
1500 11 847 67
1510 4 1569 850
1510 11 858 67
1520 4 1583 853
1520 11 869 68
1530 4 1598 855
1530 11 880 69
1540 4 1613 858
1540 11 890 69
1550 4 1627 861
1550 11 901 69
1560 4 1642 863
1560 11 914 69
1570 4 1657 868
1570 11 925 69
1580 1 1910 388
1580 4 1677 860
1580 11 938 69
1590 1 1891 371
1590 4 1697 852
1590 11 949 69
1600 0 1898 356
1600 1 1880 366
1600 4 1717 844
1600 11 960 72
1610 0 1878 349
1610 1 1856 357
1610 4 1737 836
1610 11 973 72
1620 0 1857 343
1620 1 1830 350
1620 4 1759 828
1620 11 984 72
1630 0 1837 338
1630 1 1809 341
1630 4 1763 809
1630 11 997 72
1640 0 1815 333
1640 1 1793 334
1640 4 1761 806
1640 11 1008 72
1650 0 1799 327
1650 1 1775 329
1650 4 1761 806
1650 11 1018 72
1660 0 1782 322
1660 1 1753 325
1660 4 1761 804
1660 11 1032 72
1670 0 1764 317
1670 1 1737 317
1670 4 1761 804
1670 11 1042 74
1680 0 1748 311
1680 1 1720 310
1680 4 1761 801
1680 11 1056 74
1690 0 1730 306
1690 1 1702 304
1690 4 1761 801
1690 11 1066 74
1700 0 1713 301
1700 1 1685 297
1700 4 1761 801
1700 11 1077 74
1710 0 1695 295
1710 1 1669 289
1710 4 1761 789
1710 11 1090 74
1720 0 1678 290
1720 1 1651 282
1720 4 1761 778
1720 11 1101 74
1730 0 1662 285
1730 1 1634 276
1730 4 1762 786
1730 11 1114 74
1740 0 1643 279
1740 1 1617 270
1740 4 1762 783
1740 11 1125 77
1750 0 1627 274
1750 1 1600 266
1750 4 1762 782
1750 11 1136 77
1760 0 1610 269
1760 1 1581 263
1760 4 1762 782
1760 11 1149 77
1770 0 1592 263
1770 1 1563 259
1770 11 1160 77
1780 0 1576 258
1780 1 1545 257
1780 11 1173 77
1790 0 1558 253
1790 1 1526 253
1790 11 1184 77
1800 0 1542 247
1800 1 1510 250
1800 11 1197 80
1810 0 1527 241
1810 1 1497 245
1810 11 1208 80
1820 0 1514 235
1820 1 1485 241
1820 11 1218 82
1830 0 1498 233
1830 1 1472 236
1830 11 1232 85
1840 0 1482 230
1840 1 1458 233
1840 11 1242 82
1850 0 1466 227
1850 1 1448 230
1850 11 1253 82
1860 0 1453 225
1860 1 1429 225
1860 11 1264 82
1870 0 1439 222
1870 1 1413 220
1870 11 1277 82
1880 0 1429 219
1880 1 1397 214
1880 11 1285 80
1890 0 1413 211
1890 1 1381 206
1890 11 1293 77
1900 0 1399 203
1900 1 1365 201
1900 11 1301 77
1910 0 1383 198
1910 1 1352 198
1910 11 1309 74
1920 0 1367 193
1920 1 1338 196
1920 11 1317 74
1930 0 1354 190
1930 1 1328 193
1930 11 1322 74
1940 0 1341 187
1940 1 1314 190
1940 11 1328 74
1950 0 1327 185
1950 1 1301 188
1950 11 1333 74
1960 0 1314 185
1960 1 1290 185
1960 11 1344 72
1970 0 1303 182
1970 1 1277 182
1970 11 1357 69
1980 0 1293 179
1980 1 1264 180
1980 11 1370 66
1990 0 1282 177
1990 1 1250 177
1990 11 1381 61
2000 0 1274 177
2000 1 1240 177
2000 11 1381 61
2010 0 1261 171
2010 1 1229 171
2010 11 1386 61
2020 0 1250 169
2020 1 1218 168
2020 11 1392 61
2030 0 1239 166
2030 1 1208 163
2040 0 1229 163
2040 1 1197 159
2050 0 1217 158
2050 1 1186 154
2060 0 1206 155
2060 1 1176 151
2070 0 1195 153
2070 1 1165 149
2080 0 1187 153
2080 1 1154 149
2090 0 1179 153
2090 1 1144 149
2100 0 1171 153
2100 1 1136 149
2110 0 1162 150
2110 1 1129 149
2120 0 1154 149
2120 1 1124 150
2130 0 1145 149
2130 1 1116 148
2140 0 1137 148
2140 1 1109 146
2150 0 1129 148
2150 1 1098 142
2160 0 1121 145
2160 1 1090 146
2170 0 1116 142
2170 1 1085 142
2180 0 1110 140
2180 1 1082 139
2190 0 1105 140
2190 1 1079 137
2200 0 1102 137
2200 1 1077 134
2210 0 1100 134
2210 1 1074 131
2220 0 1097 132
2220 1 1071 129
2230 0 1097 129
2230 1 1071 126
2240 0 1094 126
2240 1 1069 123
2250 0 1094 124
2250 1 1069 121
2260 0 1092 121
2260 1 1069 118
2270 0 1092 118
2270 1 1066 115
2280 0 1092 118
2280 1 1066 113
2290 0 1092 113
2290 1 1066 113
2300 0 1094 110
2300 1 1066 110
2310 0 1094 108
2310 1 1066 109
2320 0 1097 105
2320 1 1069 109
2330 0 1100 105
2330 1 1069 107
2340 0 1105 105
2340 1 1071 107
2350 0 1110 105
2350 1 1077 105
2360 0 1110 105
2360 1 1082 102
2370 0 1116 103
2370 1 1090 99
2380 0 1124 102
2380 1 1090 99
2390 0 1129 101
2390 1 1095 99
2400 0 1137 99
2400 1 1103 99
2410 0 1140 97
2410 1 1109 97
2420 0 1145 97
2420 1 1117 97
2430 0 1150 97
2430 1 1122 96
2440 0 1156 95
2440 1 1130 94
2450 0 1161 95
2450 1 1137 94
2460 0 1166 95
2460 1 1143 93
2470 0 1172 95
2470 1 1150 93
2480 0 1177 94
2480 1 1157 91
2490 0 1182 94
2490 1 1163 90
2500 0 1186 94
2500 1 1171 90
2510 0 1191 94
2510 1 1178 89
2520 0 1199 92
2520 1 1185 88
2530 0 1207 89
2530 1 1193 88
2540 0 1215 89
2540 1 1198 88
2550 0 1223 86
2550 1 1209 82
2560 0 1231 84
2560 1 1217 80
2570 0 1239 84
2570 1 1233 77
2580 0 1247 81
2580 1 1241 74
2590 0 1255 78
2590 1 1249 74
2600 0 1263 78
2600 1 1257 74
2610 0 1271 76
2610 1 1262 74
2620 0 1279 76
2620 1 1270 74
2630 0 1287 76
2630 1 1278 72
2640 0 1295 73
2640 1 1286 72
2650 0 1303 73
2650 1 1294 72
2660 0 1311 73
2660 1 1299 72
2670 0 1319 70
2670 1 1307 72
2680 0 1327 70
2680 1 1315 69
2690 0 1333 70
2690 1 1323 69
2700 0 1341 68
2700 1 1331 69
2710 0 1349 68
2710 1 1337 69
2720 0 1357 68
2720 1 1345 69
