0 19 1607 967
0 55 1448 705
0 56 1889 1055
0 57 1817 988
10 19 1605 967
10 55 1456 712
10 56 1887 1055
10 57 1842 997
20 19 1605 970
20 55 1465 720
20 56 1886 1055
20 57 1866 1006
30 19 1605 973
30 55 1474 727
30 56 1884 1055
30 57 1891 1015
40 19 1605 975
40 55 1483 735
40 56 1882 1055
40 57 1906 1017
50 19 1605 975
50 55 1492 742
50 56 1880 1055
60 19 1605 973
60 55 1500 748
60 56 1879 1055
70 19 1605 973
70 55 1507 755
70 56 1879 1055
80 19 1605 970
80 55 1515 762
80 56 1879 1055
90 19 1605 970
90 55 1522 768
90 56 1879 1055
100 19 1605 970
100 55 1530 775
100 56 1879 1055
110 19 1605 970
110 55 1538 782
110 56 1879 1055
120 19 1605 970
120 55 1543 789
120 56 1879 1055
130 19 1605 970
130 55 1550 796
130 56 1879 1055
140 19 1605 970
140 55 1557 803
140 56 1879 1055
150 19 1605 970
150 55 1568 809
150 56 1879 1055
160 19 1605 970
160 55 1578 816
160 56 1878 1055
170 19 1605 970
170 55 1589 823
170 56 1878 1055
180 19 1605 970
180 55 1600 830
180 56 1878 1055
190 19 1605 970
190 55 1615 835
190 56 1878 1055
200 19 1605 970
200 55 1630 841
200 56 1878 1055
210 19 1605 970
210 55 1646 846
210 56 1878 1055
220 19 1605 970
220 55 1660 851
220 56 1878 1055
230 19 1605 970
230 55 1672 858
230 56 1878 1055
240 19 1605 970
240 55 1683 864
240 56 1878 1055
250 19 1605 970
250 55 1695 870
250 56 1878 1055
260 19 1605 970
260 55 1699 877
260 56 1878 1055
270 19 1605 970
270 55 1700 884
270 56 1878 1055
280 19 1605 970
280 55 1702 891
280 56 1878 1055
290 19 1605 970
290 55 1703 898
290 56 1878 1055
300 19 1605 970
300 55 1698 904
300 56 1878 1055
310 19 1604 970
310 55 1692 910
310 56 1878 1055
320 19 1604 970
320 55 1686 916
320 56 1878 1055
330 19 1604 970
330 55 1682 923
330 56 1878 1055
340 19 1604 970
340 55 1680 930
340 56 1878 1055
350 19 1604 970
350 55 1678 938
350 56 1878 1055
360 19 1604 970
360 55 1677 945
360 56 1877 1055
370 19 1604 970
370 55 1677 953
370 56 1877 1055
380 19 1602 970
380 55 1682 961
380 56 1877 1055
390 19 1602 970
390 55 1686 969
390 56 1877 1055
400 19 1602 970
400 55 1690 977
400 56 1877 1055
410 19 1602 970
410 55 1694 985
410 56 1877 1055
420 19 1602 970
420 55 1699 993
420 56 1877 1055
430 19 1602 970
430 55 1703 1001
430 56 1877 1055
440 19 1602 970
440 55 1707 1008
440 56 1877 1055
450 19 1603 971
450 55 1708 1013
450 56 1877 1055
460 19 1602 971
460 21 774 493
460 55 1710 1019
460 56 1877 1055
470 19 1602 971
470 21 780 498
470 55 1713 1023
470 56 1877 1055
480 19 1602 971
480 21 780 505
480 55 1716 1029
480 56 1877 1055
490 19 1602 971
490 21 791 511
490 55 1719 1036
490 56 1877 1055
500 19 1602 971
500 21 802 530
500 55 1720 1044
500 56 1877 1055
510 19 1602 971
510 21 813 538
510 55 1723 1051
510 56 1877 1055
520 19 1602 971
520 21 821 546
520 55 1728 1058
520 56 1877 1055
530 19 1601 971
530 21 832 553
530 55 1735 1063
530 56 1877 1055
530 59 579 823
540 19 1601 971
540 21 840 562
540 55 1740 1066
540 56 1877 1055
540 59 606 870
550 19 1601 971
550 21 848 567
550 55 1746 1069
550 56 1877 1055
550 59 638 932
560 19 1601 971
560 21 856 575
560 55 1753 1074
560 56 1877 1055
560 59 671 987
570 19 1601 971
570 21 861 581
570 56 1876 1055
570 59 703 1039
580 19 1601 971
580 21 866 583
580 56 1877 1055
580 59 734 1076
590 19 1601 971
590 21 866 581
590 56 1877 1055
600 19 1602 973
600 21 866 578
600 56 1878 1055
610 19 1601 971
610 21 867 565
610 56 1876 1055
620 19 1601 971
620 21 869 554
620 56 1875 1055
630 19 1601 971
630 21 866 554
630 56 1873 1055
640 19 1601 971
640 21 863 553
640 56 1872 1055
650 19 1601 971
650 21 861 550
650 56 1870 1055
660 19 1601 971
660 21 858 545
660 56 1870 1055
670 19 1601 971
670 21 861 545
670 56 1870 1055
680 19 1601 971
680 21 862 542
680 56 1871 1055
690 19 1601 971
690 21 862 542
690 56 1872 1055
700 19 1601 971
700 21 859 542
700 56 1873 1055
710 19 1601 971
710 21 859 542
710 56 1874 1055
720 19 1601 971
720 21 859 542
720 56 1875 1055
730 19 1601 971
730 21 859 542
730 56 1875 1055
740 19 1602 971
740 21 859 542
740 56 1876 1055
750 19 1602 971
750 21 859 542
750 56 1877 1055
760 19 1602 971
760 21 857 542
760 56 1878 1055
770 19 1602 971
770 21 857 542
770 56 1878 1055
780 19 1602 971
780 21 857 542
780 56 1879 1055
790 19 1602 971
790 21 857 542
790 56 1879 1055
800 19 1602 971
800 21 857 542
800 56 1879 1055
810 19 1602 971
810 21 857 542
810 56 1880 1055
820 19 1602 971
820 21 857 542
820 56 1880 1055
830 19 1602 971
830 21 857 542
830 56 1881 1055
840 19 1602 971
840 21 859 545
840 56 1881 1055
850 19 1602 971
850 21 859 547
850 56 1882 1055
860 19 1602 971
860 21 862 550
860 56 1882 1055
