460 18 887 39
470 18 887 39
480 18 896 38
490 18 896 38
500 18 898 41
500 21 880 44
510 18 903 42
510 21 882 43
520 18 906 44
520 21 884 42
530 13 1035 279
530 18 908 43
530 21 888 44
540 13 1033 285
540 18 912 46
540 21 889 46
550 13 1027 290
550 18 915 47
550 21 891 47
560 13 1031 290
560 18 919 48
560 21 893 48
570 13 1029 293
570 18 920 48
570 21 896 49
580 13 1031 292
580 18 921 51
580 21 896 50
590 13 1031 294
590 18 924 50
590 21 898 51
600 13 1022 298
600 18 926 52
600 21 901 53
610 13 1023 298
610 18 925 51
610 21 904 51
620 13 1027 301
620 18 927 51
620 21 906 52
630 13 1030 302
630 18 930 54
630 21 909 53
640 13 1034 305
640 18 933 54
640 21 912 54
650 13 1034 309
650 18 935 54
650 21 911 56
660 13 1034 314
660 18 938 57
660 21 916 55
670 13 1037 319
670 18 941 57
670 21 918 57
680 13 1034 322
680 18 943 59
680 21 918 57
690 13 1032 325
690 18 946 59
690 21 921 59
700 13 1029 327
700 18 949 59
700 21 923 62
710 13 1026 330
710 18 951 62
710 21 925 63
720 13 1024 333
720 15 28 622
720 18 954 62
720 21 925 63
730 13 1021 335
730 15 68 616
730 18 957 62
730 21 930 64
740 13 1018 338
740 15 111 608
740 18 959 65
740 21 933 65
750 13 1016 341
750 15 153 597
750 18 962 65
750 21 935 65
760 13 1016 343
760 15 193 586
760 18 965 67
760 21 938 66
770 13 1008 345
770 15 231 574
770 18 967 67
770 21 941 67
780 13 1000 348
780 15 266 563
780 18 970 67
780 21 943 67
790 13 992 349
790 15 301 553
790 18 973 70
790 21 946 70
800 13 986 351
800 15 334 541
800 18 975 70
800 21 949 70
810 13 978 353
810 15 369 530
810 18 978 70
810 21 954 70
820 13 970 355
820 15 400 521
820 18 981 73
820 21 957 73
830 13 965 358
830 15 427 513
830 18 983 73
830 21 959 73
840 13 957 358
840 15 454 507
840 18 986 75
840 21 965 75
850 13 949 358
850 15 482 499
850 18 991 75
850 21 967 75
860 13 941 358
860 15 510 491
860 18 994 75
860 21 973 78
870 13 936 355
870 15 537 483
870 18 999 78
870 21 975 78
880 13 936 355
880 15 565 475
880 18 1005 78
880 21 981 81
890 13 936 355
890 15 594 470
890 18 1010 78
890 21 983 81
900 13 936 355
900 15 619 464
900 18 1016 86
900 21 989 83
910 13 942 353
910 15 646 456
910 18 1022 84
910 21 993 83
920 13 950 353
920 15 675 449
920 18 1023 81
920 21 998 83
930 13 958 351
930 15 702 442
930 18 1033 87
930 21 1003 85
940 13 966 350
940 15 726 438
940 18 1037 89
940 21 1008 85
950 13 974 349
950 15 749 431
950 18 1041 93
950 21 1017 93
960 13 982 349
960 15 771 426
960 18 1044 94
960 21 1021 95
970 13 990 349
970 15 797 422
970 18 1048 95
970 21 1024 95
980 13 998 346
980 15 818 414
980 18 1055 94
980 21 1029 96
990 13 1006 341
990 15 842 409
990 18 1061 97
990 21 1034 99
1000 13 1014 338
1000 15 866 403
1000 18 1063 97
1000 21 1038 101
1010 13 1022 335
1010 15 890 395
1010 18 1066 97
1010 21 1043 103
1020 13 1030 333
1020 15 914 393
1020 18 1069 99
1020 21 1045 102
1030 13 1033 329
1030 15 935 389
1030 18 1074 99
1030 21 1047 105
1040 13 1035 326
1040 15 957 386
1040 18 1077 102
1040 21 1051 103
1050 13 1038 325
1050 15 978 382
1050 18 1079 102
1050 21 1054 105
1060 13 1044 321
1060 15 999 378
1060 18 1082 102
1060 21 1059 107
1070 13 1041 318
1070 15 1018 373
1070 18 1087 109
1070 21 1062 110
1080 13 1041 315
1080 15 1034 367
1080 18 1089 114
1080 21 1065 113
1090 13 1038 310
1090 15 1053 365
1090 18 1095 120
1090 21 1067 115
1100 13 1035 307
1100 15 1069 359
1100 18 1098 125
1100 21 1073 121
1110 13 1033 302
1110 15 1087 354
1110 18 1098 125
1110 21 1075 123
1120 13 1033 299
1120 15 1103 349
1120 18 1101 125
1120 21 1078 126
1130 13 1033 298
1130 15 1119 346
1130 18 1103 125
1130 21 1081 129
1140 13 1033 298
1140 15 1135 342
1140 18 1106 128
1140 21 1083 131
1150 13 1033 298
1150 15 1151 340
1150 18 1109 128
1150 21 1086 131
1160 13 1033 297
1160 15 1167 334
1160 18 1111 130
1160 21 1089 134
1170 13 1033 297
1170 15 1173 332
1170 18 1114 133
1170 21 1091 134
1180 13 1030 294
1180 15 1178 329
1180 18 1117 133
1180 21 1094 137
1190 13 1030 290
1190 15 1183 326
1190 18 1119 136
1190 21 1097 139
1200 13 1030 287
1200 15 1187 324
1200 18 1126 144
1200 21 1099 142
1210 13 1032 286
1210 15 1187 324
1210 18 1129 139
1210 21 1103 144
1220 13 1034 286
1220 15 1187 324
1220 18 1129 150
1220 21 1109 145
1230 13 1036 286
1230 15 1190 327
1230 18 1140 143
1230 21 1114 148
1240 13 1038 286
1240 15 1197 329
1240 18 1133 153
1240 21 1119 150
1250 15 1203 332
1250 18 1140 155
1250 21 1119 153
1260 15 1212 333
1260 18 1152 152
1260 21 1129 153
1270 9 40 144
1270 15 1213 333
1270 18 1157 154
1270 21 1133 157
1280 9 49 138
1280 15 1210 332
1280 18 1173 155
1280 21 1147 158
1290 9 65 138
1290 15 1195 328
1290 18 1183 158
1290 21 1154 158
1300 9 78 139
1300 15 1185 326
1300 18 1191 161
1300 21 1165 161
1310 9 92 141
1310 15 1174 325
1310 18 1202 163
1310 21 1174 159
1320 9 107 134
1320 15 1172 324
1320 18 1213 165
1320 21 1181 162
1330 9 126 132
1330 15 1172 325
1330 18 1223 166
1330 21 1197 166
1340 9 141 130
1340 15 1172 325
1340 18 1231 169
1340 21 1207 166
1350 9 150 131
1350 15 1174 326
1350 18 1242 170
1350 21 1218 169
1360 9 164 131
1360 15 1174 326
1360 18 1255 173
1360 21 1230 171
1370 9 177 129
1370 15 1170 324
1370 18 1266 176
1370 21 1242 177
1380 9 193 121
1380 15 1175 323
1380 18 1279 178
1380 21 1254 179
1390 9 205 122
1390 15 1194 320
1390 18 1293 181
1390 21 1266 182
1400 9 215 121
1400 15 1199 315
1400 18 1303 184
1400 21 1278 187
1410 9 231 124
1410 15 1200 310
1410 18 1317 186
1410 21 1290 190
1420 9 247 121
1420 15 1194 303
1420 18 1327 189
1420 21 1301 193
1430 9 255 119
1430 15 1183 295
1430 18 1341 192
1430 21 1314 195
1440 9 269 119
1440 15 1175 293
1440 18 1354 195
1440 21 1327 198
1450 9 277 118
1450 15 1157 291
1450 18 1367 201
1450 21 1338 201
1460 9 295 114
1460 15 1144 286
1460 18 1381 205
1460 21 1351 203
1470 9 309 116
1470 15 1135 287
1470 18 1394 210
1470 21 1365 206
1480 9 320 114
1480 15 1133 283
1480 18 1407 213
1480 21 1378 211
1490 9 335 114
1490 15 1131 283
1490 18 1421 217
1490 21 1391 214
1500 9 352 110
1500 15 1128 286
1500 18 1437 222
1500 21 1402 217
1510 9 358 109
1510 15 1117 282
1510 18 1450 225
1510 21 1415 222
1520 9 367 112
1520 15 1115 282
1520 18 1466 226
1520 21 1429 230
1530 9 385 105
1530 18 1478 230
1530 21 1445 234
1540 9 393 105
1540 18 1491 233
1540 21 1458 235
1550 9 403 104
1550 18 1505 233
1550 21 1473 243
1560 9 411 101
1560 18 1523 235
1560 21 1487 244
1570 9 435 101
1570 18 1539 238
1570 21 1503 251
1580 9 438 101
1580 18 1550 251
1580 21 1520 254
1590 9 452 99
1590 18 1571 257
1590 21 1533 257
1600 9 463 98
1600 18 1582 259
1600 21 1553 263
1610 9 475 97
1610 18 1603 263
1610 21 1577 267
1620 9 486 95
1620 18 1625 266
1620 21 1593 270
1630 9 498 94
1630 18 1638 274
1630 21 1606 276
1640 9 510 93
1640 18 1651 271
1640 21 1622 279
1650 9 526 96
1650 18 1678 279
1650 21 1638 284
1660 9 535 88
1660 18 1691 287
1660 21 1659 286
1670 9 546 88
1670 18 1699 293
1670 21 1675 294
1680 9 554 85
1680 18 1718 303
1680 21 1697 299
1690 9 567 85
1690 18 1738 309
1690 21 1721 307
1700 9 581 85
1700 18 1754 316
1700 21 1734 313
1710 9 594 88
1710 18 1774 324
1710 21 1758 318
1720 9 605 88
1720 18 1792 330
1720 21 1774 323
1730 9 613 82
1730 18 1819 329
1730 21 1793 331
1740 9 626 83
1740 18 1846 337
1740 21 1805 343
1750 9 634 81
1750 18 1862 344
1750 21 1830 346
1760 9 643 79
1760 18 1875 346
1760 21 1841 357
1770 9 650 80
1770 18 1889 352
1770 21 1864 364
1780 9 663 78
1780 18 1889 352
1780 21 1890 370
1790 9 674 80
1790 21 1899 373
1800 9 685 77
1810 9 690 74
1820 9 693 74
1830 9 699 72
1840 9 707 71
1850 9 715 70
1860 9 723 68
1870 9 730 67
1880 9 738 66
1890 9 746 65
1900 9 753 64
1910 9 761 62
1920 9 769 62
1930 9 775 61
1940 9 781 60
1950 9 787 60
1960 9 793 59
1970 9 799 59
1980 9 804 58
1990 9 809 57
2000 9 814 56
2010 9 818 55
2020 9 823 55
2030 9 828 54
2040 9 833 53
2050 9 838 52
2060 9 843 51
2070 9 848 50
2080 9 853 50
2090 9 858 49
2100 9 863 48
2110 9 868 47
2120 9 873 46
2130 9 877 45
2140 9 882 45
2150 9 886 42
2160 9 891 45
2170 9 891 42
2180 9 897 42
2190 9 899 42
2200 9 902 42
2210 9 907 39
2220 9 910 39
2230 9 910 39
2240 9 913 37
2250 9 915 37
2260 9 915 36
2270 9 921 34
2280 9 923 34
2290 9 926 34
2300 9 931 34
2310 9 937 34
2320 9 942 34
2330 9 947 34
2340 9 950 34
2350 9 955 34
2360 9 961 31
2370 9 969 31
2380 9 974 31
2390 9 979 31
