1080 9 277 508
1090 9 277 510
1100 9 278 510
1110 7 314 489
1110 9 278 510
1120 7 316 489
1120 9 279 511
1130 7 319 489
1130 9 279 511
1140 7 322 489
1140 9 280 511
1150 7 325 491
1150 9 282 511
1160 7 328 493
1160 9 288 511
1170 7 331 494
1170 9 290 513
1180 7 334 496
1180 9 294 513
1190 7 337 498
1190 9 297 513
1200 7 340 501
1200 9 302 514
1210 7 340 501
1210 9 304 511
1220 7 342 501
1220 9 306 511
1230 7 345 501
1230 9 308 511
1240 7 345 501
1240 9 308 511
1250 7 342 501
1250 9 308 511
1260 7 340 501
1260 9 308 511
1270 7 337 501
1270 9 308 511
1280 7 337 501
1280 9 308 511
1290 7 337 501
1290 9 308 511
1300 7 337 501
1300 9 308 514
1310 7 337 501
1310 9 308 514
1320 7 340 501
1320 9 308 514
1330 7 340 501
1330 9 308 514
1340 7 340 503
1340 9 308 517
1350 7 340 503
1350 9 308 517
1360 7 342 503
1360 9 308 517
1370 7 342 503
1370 9 308 517
1380 7 342 503
1380 9 308 517
1390 7 342 503
1390 9 308 519
1400 7 342 503
1400 9 308 519
1410 7 337 506
1410 9 308 519
1420 7 329 506
1420 9 308 519
1430 7 321 506
1430 9 308 519
1440 7 313 509
1440 9 305 522
1450 7 300 514
1450 9 302 522
1460 7 289 519
1460 9 300 522
1470 7 278 525
1470 9 297 525
1480 7 268 527
1480 9 292 527
1490 7 262 530
1490 9 286 533
1500 7 257 533
1500 9 278 538
1510 7 250 534
1510 9 273 541
1520 7 243 538
1520 9 269 545
1530 7 235 541
1530 9 262 549
1540 7 227 546
1540 9 254 550
1550 7 219 552
1550 9 246 551
1560 7 209 554
1560 9 238 554
1570 7 201 560
1570 9 233 559
1580 7 190 562
1580 9 222 562
1590 7 179 568
1590 9 211 565
1600 7 166 570
1600 9 201 567
1610 7 155 570
1610 9 190 570
1620 7 145 570
1620 9 179 573
1630 7 137 578
1630 9 169 578
1640 7 129 584
1640 9 161 582
1650 7 115 589
1650 9 150 587
1660 7 102 592
1660 9 137 590
1670 7 91 594
1670 9 121 593
1680 7 78 597
1680 9 107 598
1690 7 65 600
1690 9 91 601
1700 7 51 602
1700 9 78 603
1710 7 35 605
1710 9 62 609
1720 7 22 608
1720 9 49 611
1730 7 12 616
1730 9 35 614
1740 9 19 619
1750 9 12 625
2290 0 7 638
2300 0 14 630
2310 0 25 622
2310 3 3 620
2320 0 38 618
2320 3 11 617
2330 0 51 614
2330 3 26 610
2340 0 67 610
2340 3 39 606
2350 0 81 605
2350 3 55 602
2360 0 97 601
2360 3 69 598
2370 0 110 597
2370 3 82 594
2380 0 126 593
2380 3 95 590
2390 0 139 587
2390 3 109 586
2400 0 155 585
2400 3 125 584
2410 0 166 579
2410 3 135 578
2420 0 177 577
2420 3 146 576
2430 0 187 573
2430 3 157 570
2440 0 199 569
2440 3 167 568
2450 0 211 566
2450 3 179 562
2460 0 222 562
2460 3 190 560
2470 0 234 560
2470 3 201 554
2480 0 245 554
2480 3 213 552
2490 0 255 552
2490 3 223 546
2500 0 269 549
2500 3 235 544
2510 0 279 544
2510 3 246 538
2520 0 287 541
2520 3 254 537
2530 0 295 537
2530 3 262 534
2540 0 303 533
2540 3 270 530
2550 0 314 529
2550 3 278 529
2560 0 322 525
2560 3 286 525
2570 0 330 521
2570 3 294 522
2580 0 338 518
2580 3 302 521
2590 0 343 515
2590 3 307 518
2600 0 346 513
2600 3 313 515
2610 0 349 510
2610 3 318 513
2620 0 351 507
2620 3 323 510
2630 0 354 505
2630 3 329 507
2640 0 354 502
2640 3 329 507
2650 0 354 502
2650 3 329 507
2660 0 354 502
2660 3 326 507
2670 0 351 499
2670 3 326 507
2680 0 351 499
2680 3 323 507
2690 0 351 499
2690 3 323 507
2700 0 351 499
2700 3 323 510
2710 0 349 499
2710 3 321 510
2720 0 346 499
2720 3 320 510
2730 0 341 505
2730 3 317 510
2740 0 338 505
2740 3 317 510
2750 0 338 505
2750 3 315 510
2760 0 338 505
2760 3 313 510
2770 0 338 505
2770 3 313 510
2780 0 335 505
2780 3 311 510
2790 0 335 505
2790 3 309 510
2800 0 335 505
2800 3 309 510
2810 0 335 505
2810 3 308 510
2820 0 335 505
2820 3 308 511
2830 0 335 505
2830 3 308 511
2840 0 338 505
2840 3 310 511
2850 0 338 505
2850 3 310 511
2860 0 341 502
2860 3 310 511
2870 0 341 502
2870 3 305 511
2880 0 341 502
2880 3 302 511
2890 0 343 500
2890 3 297 511
2900 0 343 500
2900 3 294 511
2910 0 343 500
2910 3 289 511
2920 0 346 500
2920 3 286 511
2930 0 341 497
2930 3 284 509
2940 0 338 497
2940 3 284 509
2950 0 333 494
2950 3 281 509
2960 0 330 494
2960 3 281 509
2970 0 327 493
2970 3 281 507
2980 0 325 493
2980 3 282 507
2990 0 322 494
2990 3 283 507
3000 0 319 494
3000 3 283 508
3010 0 317 496
3010 3 285 508
3020 0 317 496
3020 3 286 509
3030 3 283 508
3040 3 280 508
3050 3 277 509
3060 3 276 510
5140 5 189 581
5150 5 189 583
5160 5 190 586
5170 5 192 588
5180 5 192 586
5190 4 161 556
5190 5 192 584
5200 4 161 555
5200 5 193 583
5210 4 153 555
5210 5 192 581
5220 4 145 556
5220 5 191 583
5230 4 135 559
5230 5 188 585
5240 4 124 564
5240 5 185 586
5250 4 115 570
5250 5 182 586
5260 4 107 578
5260 5 172 587
5270 4 100 585
5270 5 160 590
5280 4 96 588
5280 5 147 593
5290 4 95 590
5290 5 134 595
5300 4 93 591
5300 5 124 596
5310 4 93 591
5310 5 114 597
5320 4 93 591
5320 5 111 597
5330 4 93 590
5330 5 111 596
5340 4 94 590
5340 5 111 595
5350 4 94 590
5350 5 110 595
5360 4 95 590
5360 5 110 595
5370 4 96 590
5370 5 109 595
5380 4 96 590
5380 5 109 595
5390 4 95 590
5390 5 108 595
5400 4 92 590
5400 5 108 595
5400 28 253 342
5410 4 90 591
5410 5 107 596
5410 28 235 343
5420 4 88 591
5420 5 106 596
5420 28 218 345
5430 4 85 592
5430 5 104 596
5430 28 202 347
5440 4 80 593
5440 5 103 596
5440 28 187 350
5450 4 76 595
5450 5 102 596
5450 28 171 354
5460 4 72 596
5460 5 101 596
5460 28 153 357
5470 4 68 598
5470 5 94 600
5470 28 134 358
5480 4 59 600
5480 5 86 603
5480 28 116 360
5490 4 50 602
5490 5 76 606
5490 28 99 363
5500 4 39 604
5500 5 63 609
5500 28 83 365
5510 4 22 609
5510 5 50 612
5510 28 71 368
5520 4 10 611
5520 5 32 616
5520 28 60 370
5530 5 17 622
5530 28 51 373
5540 5 10 627
5540 28 43 375
5550 28 38 375
5560 28 33 375
