0 51 1129 424
0 52 438 395
0 53 1050 383
10 51 1126 425
10 52 449 404
10 53 1050 383
20 51 1124 426
20 52 461 407
20 53 1050 383
30 51 1121 427
30 52 473 408
30 53 1050 383
40 51 1119 429
40 52 485 409
40 53 1050 383
50 51 1117 430
50 52 497 409
50 53 1050 383
60 51 1113 431
60 52 509 410
60 53 1050 383
70 51 1108 432
70 52 519 411
70 53 1050 383
80 51 1103 433
80 52 530 412
80 53 1050 383
90 51 1098 435
90 52 541 413
90 53 1050 383
100 51 1095 436
100 52 552 413
100 53 1050 383
110 51 1092 438
110 52 564 413
110 53 1050 383
120 51 1089 439
120 52 575 414
120 53 1050 383
130 51 1086 440
130 52 587 414
130 53 1050 383
140 51 1083 442
140 52 599 415
140 53 1050 383
150 51 1079 443
150 52 610 415
150 53 1050 383
160 51 1075 445
160 52 621 416
160 53 1050 383
170 51 1071 446
170 52 631 417
170 53 1050 383
180 51 1067 448
180 52 642 418
180 53 1050 383
190 51 1063 449
190 52 653 418
190 53 1050 383
200 51 1059 450
200 52 664 419
200 53 1050 383
210 51 1055 451
210 52 675 419
210 53 1050 383
220 51 1051 453
220 52 686 419
220 53 1050 383
230 51 1046 455
230 52 697 420
230 53 1050 383
240 51 1040 456
240 52 708 420
240 53 1050 383
250 51 1035 459
250 52 719 420
250 53 1050 383
260 51 1030 461
260 52 730 420
260 53 1050 383
270 51 1025 462
270 52 741 421
270 53 1050 383
280 51 1020 464
280 52 751 421
280 53 1050 383
290 51 1015 466
290 52 762 422
290 53 1050 383
300 51 1011 467
300 52 772 422
300 53 1050 383
310 51 1008 469
310 52 782 423
310 53 1050 383
320 51 1004 470
320 52 793 424
320 53 1050 383
330 51 1001 471
330 52 803 424
330 53 1050 383
340 51 997 472
340 52 814 425
340 53 1050 383
350 51 994 474
350 52 825 425
350 53 1050 383
360 51 990 475
360 52 835 425
360 53 1050 383
370 51 986 477
370 52 845 425
370 53 1050 383
380 51 982 479
380 52 856 420
380 53 1050 383
390 51 978 481
390 52 866 417
390 53 1050 383
400 51 974 483
400 52 876 417
400 53 1050 383
410 51 970 485
410 52 886 418
410 53 1050 383
420 51 966 487
420 52 896 419
420 53 1050 383
430 51 962 489
430 52 906 420
430 53 1050 383
440 51 959 492
440 52 915 423
440 53 1050 383
450 51 955 494
450 52 924 426
450 53 1050 383
460 51 951 496
460 52 932 427
460 53 1050 383
470 51 947 498
470 52 940 427
470 53 1050 383
480 51 942 500
480 52 948 427
480 53 1050 383
490 51 938 502
490 52 956 427
490 53 1050 383
500 51 933 504
500 52 964 427
500 53 1050 383
510 51 928 506
510 52 972 427
510 53 1050 383
520 51 923 508
520 52 980 427
520 53 1050 383
530 51 919 510
530 52 989 427
530 53 1050 383
540 51 914 512
540 52 997 427
540 53 1050 383
550 51 909 514
550 52 1005 427
550 53 1050 383
560 51 905 516
560 52 1013 427
560 53 1050 383
570 51 900 518
570 52 1024 428
570 53 1050 383
580 51 895 520
580 52 1036 429
580 53 1050 383
590 51 891 523
590 52 1048 430
590 53 1050 383
600 51 886 525
600 52 1060 430
600 53 1050 383
610 51 882 527
610 52 1071 430
610 53 1050 383
620 51 877 529
620 52 1083 429
620 53 1050 383
630 51 872 532
630 52 1094 429
630 53 1050 383
640 51 869 534
640 52 1106 429
640 53 1050 383
640 54 673 371
650 51 866 536
650 52 1116 429
650 53 1050 383
650 54 674 370
660 51 862 539
660 52 1126 430
660 53 1050 383
660 54 674 369
670 51 856 541
670 52 1136 431
670 53 1050 383
670 54 675 368
680 51 850 544
680 52 1146 431
680 53 1050 383
680 54 675 368
690 51 845 546
690 52 1155 432
690 53 1050 383
690 54 674 368
700 51 839 549
700 52 1165 433
700 53 1050 383
700 54 674 368
710 51 833 551
710 52 1175 434
710 53 1050 383
710 54 674 368
720 51 826 554
720 52 1185 434
720 53 1050 383
720 54 673 367
730 51 819 558
730 52 1193 434
730 53 1050 383
730 54 673 367
740 51 812 560
740 53 1050 383
740 54 673 368
750 51 805 563
750 53 1050 383
750 54 672 368
760 51 798 567
760 53 1050 383
760 54 672 368
770 51 791 569
770 53 1050 383
770 54 674 368
780 51 783 572
780 53 1050 383
780 54 677 368
790 51 775 575
790 53 1050 383
790 54 682 369
800 51 766 578
800 53 1050 383
800 54 687 372
810 51 757 581
810 53 1050 383
810 54 691 375
820 51 749 584
820 53 1050 383
820 54 696 375
830 51 741 586
830 53 1050 383
830 54 701 376
840 51 731 590
840 53 1050 383
840 54 706 376
850 51 721 594
850 53 1050 383
850 54 711 377
860 51 711 597
860 53 1050 383
860 54 716 377
870 51 701 601
870 53 1050 383
870 54 721 375
880 51 691 605
880 53 1050 383
880 54 726 373
890 51 681 608
890 53 1050 383
890 54 731 372
900 51 671 612
900 53 1050 383
900 54 735 372
910 51 662 616
910 53 1050 383
910 54 740 372
920 51 653 620
920 53 1050 383
920 54 745 371
930 51 644 625
930 53 1050 383
930 54 750 371
940 51 635 628
940 53 1050 383
940 54 754 371
950 51 626 633
950 53 1050 383
950 54 759 371
960 51 614 637
960 53 1050 383
960 54 764 371
970 51 602 640
970 53 1050 383
970 54 768 372
980 51 589 644
980 53 1050 383
980 54 772 373
990 51 577 647
990 53 1050 383
990 54 776 374
1000 51 562 651
1000 53 1050 383
1000 54 780 376
1010 51 545 654
1010 53 1050 383
1010 54 784 376
1020 51 529 658
1020 53 1050 383
1020 54 789 377
1030 51 512 662
1030 53 1050 383
1030 54 793 377
1040 51 495 666
1040 53 1050 383
1040 54 797 378
1050 51 479 670
1050 53 1050 383
1050 54 802 378
1060 51 462 672
1060 53 1050 383
1060 54 807 378
1070 51 445 674
1070 53 1050 383
1070 54 812 378
1080 51 427 675
1080 53 1050 383
1080 54 817 379
1090 51 410 677
1090 53 1050 383
1090 54 822 379
1100 51 391 679
1100 53 1050 383
1100 54 827 380
1110 51 371 680
1110 53 1050 383
1110 54 832 380
1120 51 351 682
1120 53 1050 383
1120 54 837 380
1130 51 330 684
1130 53 1050 383
1130 54 842 380
1140 51 310 686
1140 53 1050 383
1140 54 847 380
1150 51 290 688
1150 53 1050 383
1150 54 851 380
1160 51 270 689
1160 53 1050 383
1160 54 855 380
1170 51 251 690
1170 53 1050 383
1170 54 859 380
1180 51 232 691
1180 53 1050 383
1180 54 863 380
1190 51 213 692
1190 53 1050 383
1190 54 868 380
1200 51 192 693
1200 53 1050 383
1200 54 872 380
1210 51 171 694
1210 53 1050 383
1210 54 876 380
1220 51 150 696
1220 53 1050 383
1220 54 880 380
1230 51 131 697
1230 53 1050 383
1230 54 884 380
1240 53 1050 383
1240 54 888 379
1250 53 1050 383
1250 54 892 379
1260 53 1050 383
1260 54 895 379
1270 53 1050 383
1270 54 899 379
1280 53 1050 383
1280 54 902 379
1290 53 1050 383
1290 54 906 379
1300 53 1050 383
1300 54 909 379
1310 53 1050 383
1310 54 913 379
1320 53 1050 383
1320 54 916 378
1330 53 1050 383
1330 54 920 378
1340 53 1050 383
1340 54 924 378
1350 53 1050 383
1350 54 927 378
1360 53 1050 383
1360 54 931 378
1370 53 1050 383
1370 54 935 378
1380 53 1051 383
1380 54 939 378
1390 53 1051 383
1390 54 942 378
1400 53 1051 383
1400 54 946 378
1410 53 1051 383
1410 54 950 378
1420 53 1051 383
1420 54 955 378
1430 53 1051 383
1430 54 959 378
1440 53 1051 383
1440 54 963 378
1450 53 1051 383
1450 54 967 378
1460 53 1051 383
1460 54 972 378
1470 53 1051 383
1470 54 976 378
1480 53 1051 383
1480 54 980 378
1490 53 1051 383
1490 54 985 379
1500 53 1051 383
1500 54 987 379
1510 53 1051 383
1510 54 990 378
1520 53 1051 383
1520 54 993 378
1530 53 1051 383
1530 54 995 378
1540 53 1051 383
1540 54 998 378
1550 53 1051 383
1550 54 1001 377
1560 53 1051 383
1560 54 1003 377
1570 53 1051 383
1570 54 1005 377
1580 53 1051 383
1580 54 1006 377
1590 53 1051 383
1590 54 1008 377
1600 53 1051 383
1600 54 1009 377
1610 53 1051 383
1610 54 1010 376
1620 53 1051 383
1620 54 1010 376
1630 53 1051 383
1630 54 1010 376
1640 53 1051 383
1640 54 1010 376
1650 53 1051 383
1650 54 1010 376
1660 53 1051 383
1660 54 1010 376
1670 53 1051 383
1670 54 1010 376
1680 53 1051 383
1680 54 1010 376
1690 53 1051 383
1690 54 1010 376
1700 53 1051 383
1700 54 1010 376
1710 53 1051 383
1710 54 1010 376
1720 53 1050 384
1720 54 1010 376
1730 53 1050 384
1730 54 1010 376
1740 53 1050 384
1740 54 1010 376
1750 53 1050 384
1750 54 1010 376
1760 53 1050 384
1760 54 1010 376
1770 53 1050 384
1770 54 1010 376
1780 53 1050 384
1780 54 1010 376
1790 53 1050 384
1790 54 1010 376
1800 53 1050 384
1800 54 1010 376
1810 53 1050 384
1810 54 1010 376
1820 53 1050 384
1820 54 1011 376
1830 53 1050 384
1830 54 1011 376
1840 53 1050 384
1840 54 1011 376
1850 53 1050 384
1850 54 1011 376
1860 53 1050 384
1860 54 1011 376
1870 53 1050 384
1870 54 1011 376
1880 53 1050 384
1880 54 1011 376
1890 53 1050 384
1890 54 1011 376
1890 56 1222 324
1900 53 1050 384
1900 54 1011 376
1900 56 1218 323
1910 53 1050 384
1910 54 1011 376
1910 56 1214 323
1920 53 1050 384
1920 54 1011 376
1920 56 1210 323
1930 53 1050 384
1930 54 1011 376
1930 56 1206 323
1940 53 1050 384
1940 54 1011 376
1940 56 1201 323
1950 53 1050 384
1950 54 1011 376
1950 56 1197 323
1960 53 1050 384
1960 54 1011 376
1960 56 1193 323
1970 53 1050 384
1970 54 1011 376
1970 56 1189 323
1980 53 1050 384
1980 54 1011 376
1980 56 1185 323
1990 53 1049 383
1990 54 1011 376
1990 56 1181 323
2000 53 1048 382
2000 54 1011 376
2000 56 1177 323
2010 53 1046 382
2010 54 1011 376
2010 56 1173 324
2020 53 1045 381
2020 54 1011 376
2020 56 1169 324
2030 53 1044 380
2030 54 1011 376
2030 56 1166 324
2040 53 1042 379
2040 54 1011 376
2040 56 1161 324
2050 53 1037 379
2050 54 1011 376
2050 56 1157 324
2060 53 1033 378
2060 54 1011 376
2060 56 1153 324
2070 53 1030 377
2070 54 1011 376
2070 56 1149 324
2080 53 1027 376
2080 54 1011 376
2080 56 1145 324
2090 53 1024 375
2090 54 1011 376
2090 56 1142 324
2100 53 1022 375
2100 54 1011 376
2100 56 1137 324
2110 53 1020 375
2110 54 1011 376
2110 56 1132 324
2120 53 1019 375
2120 54 1011 376
2120 56 1128 324
2130 53 1019 375
2130 54 1011 376
2130 56 1123 324
2140 53 1019 375
2140 54 1011 376
2140 56 1119 325
2150 53 1019 375
2150 54 1012 376
2150 56 1113 324
2160 53 1020 375
2160 54 1012 376
2160 56 1108 324
2170 53 1020 375
2170 54 1012 376
2170 56 1102 324
2180 53 1021 375
2180 54 1012 376
2180 56 1097 324
2190 53 1021 375
2190 54 1012 376
2190 56 1091 323
2200 53 1023 376
2200 54 1012 376
2200 56 1086 323
2210 53 1026 376
2210 54 1012 376
2210 56 1081 323
2220 53 1029 378
2220 54 1012 376
2220 56 1074 323
2230 53 1032 379
2230 54 1012 376
2230 56 1068 323
2240 53 1035 379
2240 54 1014 376
2240 56 1062 323
2250 53 1038 381
2250 54 1017 376
2250 56 1056 323
2260 53 1041 381
2260 54 1019 376
2260 56 1050 323
2270 53 1043 382
2270 54 1021 376
2270 56 1044 324
2280 53 1044 382
2280 54 1024 376
2280 56 1039 324
2290 53 1045 382
2290 54 1026 376
2290 56 1033 324
2300 53 1046 382
2300 54 1028 377
2300 56 1028 324
2310 53 1047 382
2310 54 1030 378
2310 56 1023 324
2320 53 1048 382
2320 54 1030 377
2320 56 1017 324
2330 53 1049 383
2330 54 1030 377
2330 56 1012 324
2340 53 1049 383
2340 54 1030 377
2340 56 1007 324
2350 53 1049 383
2350 54 1030 377
2350 56 1001 324
2360 53 1049 383
2360 54 1030 377
2360 56 996 324
2370 53 1049 383
2370 54 1032 378
2370 56 991 323
2380 53 1049 383
2380 54 1034 378
2380 56 986 322
2390 53 1049 383
2390 54 1034 378
2390 56 981 322
2400 53 1050 383
2400 54 1034 378
2400 56 976 323
2410 53 1050 382
2410 54 1033 378
2410 56 971 323
2420 53 1050 382
2420 54 1032 378
2420 56 967 324
2430 53 1050 382
2430 54 1032 378
2430 56 962 324
2440 53 1050 382
2440 54 1031 378
2440 56 957 324
2450 53 1050 382
2450 54 1031 378
2450 56 952 325
2460 53 1050 382
2460 54 1029 377
2460 56 947 325
2470 53 1050 382
2470 54 1028 377
2470 56 943 326
2480 53 1050 382
2480 54 1026 377
2480 56 938 326
2490 53 1050 382
2490 54 1025 377
2490 56 933 326
2500 53 1050 382
2500 54 1021 377
2500 56 929 327
2510 53 1050 382
2510 54 1017 377
2510 56 924 327
2520 53 1050 382
2520 54 1014 377
2520 56 920 327
2530 53 1050 382
2530 54 1006 377
2530 56 916 327
2540 53 1050 382
2540 54 1000 378
2540 56 911 328
2550 53 1050 382
2550 54 993 379
2550 56 907 328
2560 53 1050 382
2560 54 987 380
2560 56 903 328
2560 57 1236 306
2570 53 1050 382
2570 54 980 381
2570 56 899 328
2570 57 1222 304
2580 53 1050 382
2580 54 973 381
2580 56 895 328
2580 57 1208 303
2590 53 1050 382
2590 54 967 381
2590 56 891 328
2590 57 1194 302
2600 53 1050 382
2600 54 961 381
2600 56 887 328
2600 57 1181 300
2610 53 1050 382
2610 54 954 381
2610 56 883 328
2610 57 1167 299
2620 53 1050 382
2620 54 948 381
2620 56 880 329
2620 57 1154 298
2630 53 1050 382
2630 54 941 380
2630 56 876 329
2630 57 1141 297
2640 53 1050 382
2640 54 934 380
2640 56 872 329
2640 57 1127 295
2650 53 1050 382
2650 54 927 380
2650 56 869 330
2650 57 1114 294
2660 53 1050 382
2660 54 921 379
2660 56 865 330
2660 57 1101 293
2670 53 1050 382
2670 54 914 379
2670 56 861 330
2670 57 1089 293
2680 53 1050 382
2680 54 907 379
2680 56 857 330
2680 57 1076 292
2690 53 1050 382
2690 54 900 378
2690 56 854 331
2690 57 1064 292
2700 53 1050 382
2700 54 894 378
2700 56 850 331
2700 57 1052 291
2710 53 1050 382
2710 54 887 378
2710 56 846 331
2710 57 1040 291
2720 53 1050 382
2720 54 881 378
2720 56 843 332
2720 57 1030 291
2730 53 1050 382
2730 54 874 378
2730 56 839 332
2730 57 1022 290
2740 53 1050 382
2740 54 868 378
2740 56 835 333
2740 57 1014 290
2750 53 1050 382
2750 54 860 377
2750 56 831 334
2750 57 1008 290
2760 53 1050 382
2760 54 852 377
2760 56 827 334
2760 57 1003 291
2770 53 1050 382
2770 54 844 377
2770 56 823 334
2770 57 998 291
2770 59 7 309
2780 53 1050 382
2780 54 835 376
2780 56 819 334
2780 57 993 292
2780 59 12 309
2790 53 1050 382
2790 54 827 375
2790 56 815 335
2790 57 989 293
2790 59 19 309
2800 53 1050 382
2800 54 820 375
2800 56 811 335
2800 57 983 293
2800 59 26 309
2810 53 1050 382
2810 54 815 375
2810 56 806 336
2810 57 977 293
2810 59 33 309
2820 53 1050 382
2820 54 811 375
2820 56 800 337
2820 57 971 294
2820 59 41 309
2830 53 1050 382
2830 54 807 375
2830 56 794 338
2830 57 965 294
2830 59 48 309
2840 53 1050 382
2840 54 805 375
2840 56 789 338
2840 57 959 295
2840 59 55 310
2850 53 1050 382
2850 54 808 375
2850 56 783 338
2850 57 953 295
2850 59 61 310
2860 53 1050 382
2860 54 813 376
2860 56 776 339
2860 57 947 296
2860 59 63 310
2870 53 1050 382
2870 54 818 377
2870 56 770 340
2870 57 939 297
2870 59 64 309
2880 53 1050 382
2880 54 824 378
2880 56 763 339
2880 57 931 297
2880 59 64 309
2890 53 1050 382
2890 54 832 378
2890 56 757 339
2890 57 923 297
2890 59 64 309
2900 53 1050 382
2900 54 840 379
2900 56 750 339
2900 57 916 298
2900 59 64 308
2910 53 1050 382
2910 54 848 379
2910 56 744 339
2910 57 908 298
2910 59 64 308
2920 53 1050 382
2920 54 856 379
2920 56 737 339
2920 57 901 299
2920 59 64 308
2930 53 1050 382
2930 54 863 379
2930 56 730 339
2930 57 892 299
2930 59 64 308
2940 53 1050 382
2940 54 870 379
2940 56 724 339
2940 57 884 299
2940 59 63 308
2950 53 1050 382
2950 54 877 379
2950 56 717 339
2950 57 876 299
2950 59 63 308
2960 53 1050 382
2960 54 884 379
2960 56 710 339
2960 57 868 300
2960 59 63 308
2970 53 1050 382
2970 54 891 379
2970 56 703 340
2970 57 860 300
2970 59 62 308
2980 53 1050 382
2980 54 898 379
2980 56 697 340
2980 57 852 300
2980 59 62 308
2990 53 1050 382
2990 54 905 379
2990 56 690 340
2990 57 843 300
2990 59 61 307
3000 53 1050 382
3000 54 911 379
3000 56 683 340
3000 57 835 300
3000 59 61 307
3010 53 1050 382
3010 54 917 379
3010 56 676 340
3010 57 827 301
3010 59 60 307
3020 53 1050 382
3020 54 923 379
3020 56 670 340
3020 57 818 301
3020 59 59 307
3030 53 1050 382
3030 54 929 379
3030 56 663 341
3030 57 809 302
3030 59 58 307
3040 53 1050 382
3040 54 934 379
3040 56 656 341
3040 57 801 303
3040 59 57 307
3050 53 1050 382
3050 54 939 379
3050 56 650 342
3050 57 791 303
3050 59 56 307
3060 53 1050 382
3060 54 944 379
3060 56 643 342
3060 57 781 303
3060 59 56 306
3070 53 1050 382
3070 54 949 379
3070 56 636 342
3070 57 771 303
3070 59 56 305
3080 53 1050 382
3080 54 953 379
3080 56 630 343
3080 57 761 303
3080 59 56 305
3090 53 1050 382
3090 54 958 379
3090 56 623 343
3090 57 751 303
3090 59 54 305
3100 53 1050 382
3100 54 962 379
3100 56 616 343
3100 57 741 304
3100 59 52 305
3110 53 1050 382
3110 54 967 379
3110 56 609 344
3110 57 731 304
3110 59 50 305
3120 53 1050 382
3120 54 972 379
3120 56 602 344
3120 57 719 305
3120 59 48 305
3130 53 1050 382
3130 54 976 379
3130 56 595 345
3130 57 708 305
3130 59 44 304
3140 53 1050 382
3140 54 980 379
3140 56 588 345
3140 57 696 306
3140 59 41 304
3150 53 1050 382
3150 54 984 379
3150 56 580 345
3150 57 684 306
3150 59 38 304
3160 53 1050 382
3160 54 989 379
3160 56 573 345
3160 57 672 306
3160 59 35 304
3170 53 1050 382
3170 54 993 379
3170 56 566 345
3170 57 660 306
3170 59 35 303
3180 53 1050 382
3180 54 996 378
3180 56 558 345
3180 57 648 306
3180 59 35 303
3190 53 1050 382
3190 54 999 377
3190 56 550 345
3190 57 636 307
3190 59 35 303
3200 53 1050 382
3200 54 1002 376
3200 56 541 345
3200 57 624 307
3200 59 35 303
3210 53 1050 382
3210 54 1005 375
3210 56 532 345
3210 57 614 308
3210 59 35 303
3220 53 1050 382
3220 54 1008 375
3220 56 524 345
3220 57 604 309
3220 59 36 303
3230 53 1050 382
3230 54 1008 375
3230 56 515 345
3230 57 594 310
3230 59 36 303
3240 5 585 425
3240 53 1050 382
3240 54 1008 375
3240 56 507 345
3240 57 584 310
3240 59 36 303
3250 5 584 425
3250 53 1050 382
3250 54 1008 375
3250 56 498 345
3250 57 574 311
3250 59 36 303
3260 5 583 425
3260 53 1050 382
3260 54 1008 375
3260 56 490 345
3260 57 562 312
3260 59 36 303
3270 5 583 426
3270 53 1050 382
3270 54 1009 375
3270 56 481 345
3270 57 550 313
3270 59 36 303
3280 5 583 425
3280 53 1050 382
3280 54 1009 375
3280 56 473 345
3280 57 537 314
3280 59 36 303
3290 5 586 425
3290 53 1050 382
3290 54 1010 375
3290 56 464 345
3290 57 524 315
3290 59 36 303
3300 5 586 424
3300 53 1050 382
3300 54 1010 375
3300 56 456 345
3300 57 510 315
3300 59 36 303
3310 5 586 424
3310 53 1050 382
3310 54 1011 375
3310 56 448 346
3310 57 496 316
3310 59 36 303
3320 5 586 424
3320 53 1050 382
3320 54 1011 375
3320 56 440 346
3320 57 483 317
3320 59 36 303
3330 5 586 424
3330 53 1050 382
3330 54 1011 375
3330 56 431 345
3330 57 469 318
3330 59 36 303
3340 5 586 424
3340 53 1050 382
3340 54 1011 375
3340 56 423 345
3340 57 455 319
3340 59 36 303
3350 5 586 424
3350 53 1050 382
3350 54 1012 375
3350 56 414 344
3350 57 441 320
3350 59 36 303
3360 5 586 424
3360 53 1050 382
3360 54 1012 375
3360 56 404 344
3360 57 427 322
3360 59 36 303
3370 5 586 424
3370 53 1050 382
3370 54 1013 375
3370 56 394 344
3370 57 412 323
3370 59 36 303
3380 5 586 424
3380 53 1050 382
3380 54 1013 375
3380 56 384 344
3380 57 396 324
3380 59 36 303
3390 5 586 424
3390 53 1050 382
3390 54 1014 375
3390 56 374 344
3390 57 376 325
3390 59 36 303
3400 5 586 424
3400 53 1050 382
3400 54 1014 375
3400 56 364 344
3400 57 360 325
3400 59 36 303
3410 5 586 424
3410 53 1050 382
3410 54 1014 375
3410 56 354 344
3410 57 344 326
3410 59 36 303
3420 5 586 424
3420 53 1050 382
3420 54 1014 375
3420 56 344 343
3420 57 328 326
3420 59 36 303
3430 5 586 424
3430 53 1050 382
3430 54 1014 375
3430 56 334 342
3430 57 312 327
3430 59 36 303
3440 5 586 424
3440 53 1050 382
3440 54 1014 375
3440 56 324 342
3440 57 296 328
3440 59 36 303
3450 5 584 424
3450 53 1050 382
3450 54 1014 375
3450 56 315 341
3450 57 279 330
3450 59 36 303
3460 5 583 423
3460 53 1050 382
3460 54 1014 375
3460 56 305 341
3460 57 263 331
3460 59 36 303
3470 5 583 423
3470 53 1050 382
3470 54 1014 375
3470 56 295 341
3470 57 247 333
3470 59 36 303
3480 5 583 422
3480 53 1050 382
3480 54 1014 375
3480 56 285 341
3480 57 231 334
3480 59 36 303
3490 5 582 422
3490 53 1050 382
3490 54 1014 375
3490 56 275 341
3490 57 214 335
3490 59 36 303
3500 5 582 422
3500 53 1050 382
3500 54 1014 375
3500 56 266 340
3500 57 197 336
3500 59 36 303
3510 5 582 422
3510 53 1050 382
3510 54 1014 375
3510 56 256 340
3510 57 180 336
3510 59 36 303
3520 5 582 423
3520 53 1050 382
3520 54 1014 375
3520 56 246 339
3520 57 164 337
3520 59 36 303
3530 5 582 423
3530 53 1050 382
3530 54 1014 375
3530 56 236 339
3530 57 147 339
3530 59 36 303
3530 60 1191 437
3540 5 582 423
3540 53 1050 382
3540 54 1014 375
3540 56 226 338
3540 57 131 341
3540 59 36 303
3540 60 1187 440
3550 5 582 424
3550 53 1050 382
3550 54 1014 375
3550 56 216 338
3550 57 114 342
3550 59 36 303
3550 60 1183 443
3560 5 583 424
3560 53 1050 382
3560 54 1014 375
3560 56 206 337
3560 57 97 343
3560 59 36 303
3560 60 1177 448
3570 5 584 425
3570 53 1050 382
3570 54 1013 375
3570 56 196 337
3570 57 81 344
3570 59 36 303
3570 60 1170 453
3580 5 585 424
3580 53 1050 382
3580 54 1013 375
3580 56 186 337
3580 57 63 346
3580 59 36 303
3580 60 1163 458
3590 5 586 423
3590 53 1050 382
3590 54 1013 375
3590 56 177 336
3590 57 47 348
3590 59 36 303
3590 60 1156 463
3600 5 585 423
3600 53 1050 382
3600 54 1012 375
3600 56 167 336
3600 57 29 349
3600 59 36 303
3600 60 1149 468
3610 5 583 423
3610 53 1050 382
3610 54 1012 375
3610 56 157 336
3610 57 15 350
3610 59 36 303
3610 60 1142 473
3620 5 581 423
3620 53 1050 382
3620 54 1012 376
3620 56 147 336
3620 59 36 303
3620 60 1135 478
3620 62 1191 396
3630 5 581 423
3630 53 1050 382
3630 54 1012 376
3630 56 137 337
3630 59 36 303
3630 60 1127 483
3630 62 1185 396
3640 5 582 423
3640 53 1050 382
3640 54 1012 376
3640 56 126 338
3640 59 36 303
3640 60 1118 487
3640 62 1178 397
3650 5 582 423
3650 53 1050 382
3650 54 1013 376
3650 56 116 338
3650 59 36 303
3650 60 1109 492
3650 62 1172 397
3660 5 583 423
3660 53 1050 382
3660 54 1013 376
3660 56 105 338
3660 59 36 303
3660 60 1098 498
3660 62 1167 397
3670 5 583 423
3670 53 1049 381
3670 54 1013 376
3670 56 94 338
3670 59 36 303
3670 60 1086 505
3670 62 1162 397
3680 5 584 423
3680 53 1049 381
3680 54 1016 375
3680 56 83 339
3680 59 36 303
3680 60 1072 512
3680 62 1157 397
3690 5 584 423
3690 53 1049 380
3690 54 1019 375
3690 56 72 339
3690 59 36 303
3690 60 1057 520
3690 62 1151 397
3700 5 584 423
3700 53 1049 379
3700 54 1025 375
3700 56 61 338
3700 59 36 303
3700 60 1042 528
3700 62 1145 398
3710 5 585 423
3710 53 1049 379
3710 54 1030 376
3710 56 50 337
3710 59 36 303
3710 60 1027 535
3710 62 1138 400
3720 5 585 423
3720 53 1049 379
3720 54 1035 377
3720 56 40 337
3720 59 36 303
3720 60 1012 543
3720 62 1132 402
3730 5 585 422
3730 53 1049 379
3730 54 1038 379
3730 56 29 336
3730 59 36 303
3730 60 995 552
3730 62 1123 400
3740 5 585 422
3740 53 1050 379
3740 54 1042 381
3740 56 19 336
3740 59 36 303
3740 60 979 561
3740 62 1115 399
3750 5 585 421
3750 53 1050 379
3750 54 1044 382
3750 56 10 336
3750 59 36 303
3750 60 963 570
3750 62 1107 398
3760 5 585 421
3760 53 1050 379
3760 54 1047 382
3760 59 36 303
3760 60 947 578
3760 62 1099 396
3770 5 584 421
3770 53 1049 379
3770 54 1050 382
3770 59 36 303
3770 60 930 588
3770 62 1092 395
3780 5 583 421
3780 53 1048 379
3780 54 1051 383
3780 59 36 303
3780 60 912 599
3780 62 1085 394
3790 5 583 422
3790 53 1047 378
3790 54 1051 383
3790 59 36 303
3790 60 895 610
3790 62 1078 394
3800 5 583 422
3800 53 1047 378
3800 54 1051 383
3800 59 36 303
3800 60 872 623
3800 62 1072 392
3810 5 583 422
3810 53 1046 378
3810 54 1051 383
3810 59 36 303
3810 60 847 637
3810 62 1067 391
3820 5 583 422
3820 53 1045 378
3820 54 1051 383
3820 59 36 303
3820 60 821 651
3820 62 1061 390
3830 5 584 422
3830 53 1045 377
3830 54 1051 383
3830 59 36 303
3830 60 796 666
3830 62 1055 389
3840 5 584 422
3840 53 1045 377
3840 54 1051 383
3840 59 36 303
3840 60 770 680
3840 62 1050 387
3850 5 584 422
3850 53 1045 376
3850 54 1051 383
3850 59 36 303
3850 60 743 688
3850 62 1044 385
3860 5 585 422
3860 53 1046 375
3860 54 1051 383
3860 59 36 303
3860 60 714 696
3860 62 1039 382
3870 5 585 422
3870 53 1046 374
3870 54 1051 383
3870 59 36 303
3870 60 683 703
3870 62 1036 381
3880 5 586 423
3880 53 1047 374
3880 54 1051 383
3880 59 36 303
3880 62 1034 381
3890 5 586 423
3890 53 1047 373
3890 54 1051 383
3890 59 36 303
3890 62 1032 380
3900 5 586 423
3900 53 1048 372
3900 54 1051 383
3900 59 36 303
3900 62 1031 379
3910 5 586 423
3910 53 1048 371
3910 54 1051 383
3910 59 37 304
3910 62 1030 379
3920 5 588 423
3920 53 1049 370
3920 54 1051 383
3920 59 37 304
3920 62 1029 378
3930 5 591 424
3930 53 1049 370
3930 54 1051 383
3930 59 37 304
3930 62 1027 377
3940 5 593 425
3940 53 1050 369
3940 54 1051 383
3940 59 37 304
3940 62 1024 377
3950 5 596 425
3950 53 1050 368
3950 54 1051 383
3950 59 33 303
3950 62 1020 377
3960 5 602 426
3960 53 1051 367
3960 54 1051 383
3960 59 30 302
3960 62 1015 377
3970 5 609 427
3970 53 1051 367
3970 54 1051 383
3970 59 27 301
3970 62 1011 377
3980 5 615 428
3980 53 1053 366
3980 54 1051 383
3980 59 23 300
3980 62 1007 378
3990 5 624 429
3990 53 1054 366
3990 54 1051 383
3990 59 20 300
3990 62 1000 381
4000 5 633 430
4000 53 1056 365
4000 54 1051 383
4000 59 17 299
4000 62 993 384
4010 5 643 430
4010 53 1058 364
4010 54 1051 383
4010 59 14 298
4010 62 986 384
4020 5 652 431
4020 53 1061 364
4020 54 1051 383
4020 59 11 298
4020 62 979 384
4030 5 660 432
4030 53 1064 364
4030 54 1051 383
4030 59 8 297
4030 62 972 384
4040 5 669 432
4040 53 1067 364
4040 54 1051 383
4040 59 5 297
4040 62 966 385
4050 5 678 433
4050 53 1072 361
4050 54 1051 383
4050 59 4 296
4050 62 958 385
4060 5 685 432
4060 53 1078 357
4060 54 1051 383
4060 62 950 385
4070 5 693 432
4070 53 1084 353
4070 54 1051 383
4070 62 942 385
4080 5 701 431
4080 53 1091 353
4080 54 1051 383
4080 62 934 385
4090 5 708 431
4090 53 1098 353
4090 54 1051 383
4090 62 927 385
4100 5 717 430
4100 53 1105 354
4100 54 1051 383
4100 62 918 385
4110 5 726 429
4110 53 1112 354
4110 54 1051 383
4110 62 909 385
4120 5 735 428
4120 53 1119 356
4120 54 1051 383
4120 62 901 384
4130 5 744 427
4130 53 1126 359
4130 54 1051 383
4130 62 892 384
4140 5 753 427
4140 53 1133 361
4140 54 1051 383
4140 62 884 384
4150 5 761 426
4150 53 1139 362
4150 54 1051 383
4150 62 875 383
4160 5 769 425
4160 53 1146 365
4160 54 1051 383
4160 62 866 383
4170 5 777 424
4170 53 1155 374
4170 54 1051 383
4170 62 858 383
4180 5 785 424
4180 53 1161 375
4180 54 1051 383
4180 62 849 382
4190 5 793 424
4190 53 1168 376
4190 54 1051 383
4190 62 840 382
4200 5 800 424
4200 53 1178 378
4200 54 1051 383
4200 62 832 381
4210 5 808 424
4210 53 1187 378
4210 54 1051 383
4210 62 823 381
4220 5 816 424
4220 53 1193 378
4220 54 1051 383
4220 62 814 381
4230 5 823 424
4230 53 1200 378
4230 54 1051 383
4230 62 805 380
4240 5 831 425
4240 53 1207 378
4240 54 1051 383
4240 62 796 380
4250 5 838 424
4250 54 1051 383
4250 62 787 377
4260 5 846 423
4260 54 1051 383
4260 62 778 375
4270 5 855 422
4270 54 1051 383
4270 62 769 370
4280 5 859 420
4280 54 1051 383
4280 62 759 370
4290 5 863 417
4290 54 1051 383
4290 62 750 369
4300 5 867 415
4300 54 1051 383
4300 62 742 370
4310 5 871 414
4310 54 1051 383
4310 62 734 371
4310 63 3 284
4320 5 875 413
4320 54 1051 383
4320 62 726 372
4320 63 5 283
4330 5 879 413
4330 54 1051 383
4330 62 718 374
4330 63 7 283
4340 5 883 412
4340 54 1051 382
4340 62 710 373
4340 63 11 282
4350 5 887 412
4350 54 1051 382
4350 62 701 373
4350 63 15 282
4360 5 890 411
4360 54 1051 382
4360 62 693 371
4360 63 19 282
4370 5 894 411
4370 54 1051 383
4370 62 685 369
4370 63 23 282
4380 5 897 410
4380 54 1051 383
4380 62 677 367
4380 63 27 281
4390 5 901 410
4390 54 1051 383
4390 62 668 365
4390 63 31 281
4400 5 906 409
4400 54 1051 383
4400 62 660 364
4400 63 35 281
4410 5 911 409
4410 54 1051 383
4410 62 652 362
4410 63 40 281
4420 5 916 408
4420 54 1051 383
4420 62 644 361
4420 63 45 281
4430 5 921 407
4430 54 1051 383
4430 62 637 361
4430 63 50 281
4440 5 925 406
4440 54 1051 383
4440 62 629 361
4440 63 55 281
4450 5 929 406
4450 54 1051 383
4450 62 622 361
4450 63 60 281
4460 5 933 405
4460 54 1051 383
4460 62 616 362
4460 63 65 280
4470 5 936 404
4470 54 1051 383
4470 62 610 363
4480 5 940 404
4480 54 1051 383
4480 62 605 364
4490 5 944 403
4490 54 1051 383
4490 62 599 365
4500 5 948 402
4500 54 1051 383
4500 62 593 366
4510 5 953 401
4510 54 1051 383
4510 62 590 367
4520 5 957 400
4520 54 1051 383
4520 62 588 368
4530 5 961 399
4530 54 1051 383
4530 62 585 369
4540 5 965 398
4540 54 1051 383
4540 62 586 370
4550 5 969 397
4550 54 1051 383
4550 62 589 369
4560 5 973 395
4560 54 1051 383
4560 62 593 369
4570 5 977 395
4570 54 1051 383
4570 62 597 369
4580 5 980 394
4580 54 1051 383
4580 62 601 370
4590 5 984 392
4590 54 1051 383
4590 62 605 370
4600 5 987 391
4600 54 1051 383
4600 62 606 370
4610 5 990 390
4610 54 1051 383
4610 62 607 370
4620 5 992 388
4620 54 1051 383
4620 62 608 370
4630 5 995 387
4630 54 1051 383
4630 62 609 371
4640 5 998 385
4640 54 1051 383
4640 62 609 371
4650 5 1000 384
4650 54 1051 383
4650 62 609 371
4660 5 1003 382
4660 54 1051 383
4660 62 609 371
4670 5 1006 381
4670 54 1051 383
4670 62 608 371
4680 5 1009 379
4680 54 1051 383
4680 62 608 371
4690 5 1011 379
4690 54 1051 383
4690 62 608 371
4700 5 1013 378
4700 54 1051 383
4700 62 608 371
4710 5 1016 378
4710 54 1051 383
4710 62 608 371
4720 5 1018 378
4720 54 1051 383
4720 62 608 371
4730 5 1018 378
4730 54 1051 383
4730 62 608 371
4740 5 1019 378
4740 54 1051 383
4740 62 608 371
4750 5 1020 378
4750 54 1051 383
4750 62 608 371
4760 5 1021 378
4760 54 1051 383
4760 62 608 371
4770 5 1021 378
4770 54 1051 383
4770 62 608 371
4780 5 1021 377
4780 54 1051 383
4780 62 608 371
4790 5 1021 377
4790 54 1051 383
4790 62 608 371
4800 5 1021 377
4800 54 1051 383
4800 62 608 371
4810 5 1021 377
4810 54 1051 383
4810 62 608 371
4820 5 1021 377
4820 54 1051 383
4820 62 608 371
4830 5 1021 377
4830 54 1051 383
4830 62 608 371
4840 5 1020 378
4840 54 1051 383
4840 62 608 372
4850 5 1020 378
4850 54 1051 383
4850 62 608 372
4860 5 1019 378
4860 54 1051 383
4860 62 608 372
4870 5 1019 378
4870 54 1051 383
4870 62 608 372
4880 5 1019 378
4880 54 1051 383
4880 62 608 373
4890 5 1019 379
4890 54 1051 383
4890 62 609 373
4900 5 1019 379
4900 54 1051 383
4900 62 608 372
4910 5 1019 379
4910 54 1051 383
4910 62 608 372
4920 5 1019 379
4920 54 1051 383
4920 62 608 372
4930 5 1019 379
4930 54 1051 383
4930 62 607 372
4940 5 1020 379
4940 54 1051 383
4940 62 607 372
4950 5 1020 379
4950 54 1051 383
4950 62 607 372
4960 5 1020 379
4960 54 1051 383
4960 62 607 372
4970 5 1020 379
4970 54 1051 383
4970 62 611 373
4980 5 1020 379
4980 54 1051 383
4980 62 614 375
4990 5 1020 379
4990 54 1051 383
4990 62 614 375
5000 5 1020 379
5000 54 1051 383
5000 62 615 375
5010 5 1020 379
5010 54 1051 383
5010 62 616 376
5020 5 1020 379
5020 54 1051 383
5020 62 616 376
5020 67 756 262
5030 5 1020 379
5030 54 1051 383
5030 62 617 376
5030 67 760 262
5040 5 1020 379
5040 54 1051 383
5040 62 617 376
5040 67 764 262
5050 5 1020 379
5050 54 1051 383
5050 62 618 376
5050 67 768 262
5060 5 1020 379
5060 54 1051 383
5060 62 618 376
5060 67 772 262
5070 5 1020 379
5070 54 1051 383
5070 62 616 375
5070 67 776 263
5080 5 1020 379
5080 54 1051 383
5080 62 615 375
5080 67 780 263
5090 5 1020 379
5090 54 1051 383
5090 62 614 374
5090 67 784 263
5100 5 1020 379
5100 54 1051 383
5100 62 613 374
5100 67 788 263
5110 5 1020 379
5110 54 1051 383
5110 62 612 374
5110 67 792 263
5120 5 1020 379
5120 54 1051 383
5120 62 611 373
5130 5 1020 379
5130 54 1051 383
5130 62 609 372
5140 5 1020 379
5140 54 1051 383
5140 62 608 372
5150 5 1020 379
5150 54 1051 383
5150 62 608 372
5160 5 1020 379
5160 54 1051 383
5160 62 609 372
5170 5 1020 379
5170 54 1051 383
5170 62 610 372
5180 5 1020 379
5180 54 1051 383
5180 62 607 372
5190 5 1020 379
5190 54 1051 383
5190 62 603 372
5200 5 1020 379
5200 54 1051 383
5200 62 600 372
5210 5 1020 379
5210 54 1051 383
5210 62 598 371
5220 5 1020 379
5220 54 1051 383
5220 62 596 371
5220 64 1211 374
5230 5 1020 379
5230 7 680 404
5230 54 1051 383
5230 62 594 370
5230 64 1210 374
5240 5 1020 379
5240 7 678 407
5240 54 1051 383
5240 62 593 370
5240 64 1208 375
5250 5 1020 379
5250 7 678 405
5250 54 1051 383
5250 62 591 370
5250 64 1207 376
5260 5 1020 379
5260 7 678 404
5260 54 1051 383
5260 62 590 369
5260 64 1205 377
5270 5 1020 379
5270 7 679 405
5270 54 1051 383
5270 62 588 368
5270 64 1204 379
5280 5 1020 379
5280 7 682 400
5280 54 1051 383
5280 62 587 368
5280 64 1202 379
5290 5 1020 379
5290 7 683 403
5290 54 1051 383
5290 62 591 367
5290 64 1200 380
5290 66 824 271
5300 5 1020 379
5300 7 684 405
5300 54 1051 383
5300 62 596 366
5300 64 1197 380
5300 66 825 271
5310 5 1020 379
5310 7 683 405
5310 54 1051 383
5310 62 600 365
5310 64 1195 380
5310 66 826 272
5320 5 1020 379
5320 7 680 404
5320 54 1051 383
5320 62 605 364
5320 64 1193 380
5320 66 828 273
5330 5 1020 379
5330 7 680 404
5330 54 1051 383
5330 62 609 363
5330 64 1191 381
5330 66 828 273
5340 5 1020 379
5340 7 680 404
5340 54 1051 383
5340 62 614 362
5340 64 1189 382
5340 66 829 273
5350 5 1020 379
5350 7 681 404
5350 54 1051 383
5350 62 619 362
5350 64 1187 383
5350 66 830 274
5360 5 1020 379
5360 7 681 404
5360 54 1051 383
5360 62 626 362
5360 64 1185 384
5360 66 831 274
5370 5 1020 379
5370 7 681 404
5370 54 1051 383
5370 62 632 361
5370 64 1183 385
5370 66 831 274
5380 5 1020 379
5380 7 680 405
5380 54 1051 383
5380 62 639 361
5380 64 1181 386
5380 66 832 275
5390 5 1020 379
5390 7 680 406
5390 54 1051 383
5390 62 645 361
5390 64 1179 387
5390 66 832 276
5400 5 1020 379
5400 7 685 406
5400 54 1051 383
5400 62 652 360
5400 64 1177 388
5400 66 832 276
5410 5 1020 379
5410 7 693 407
5410 54 1051 383
5410 62 658 361
5410 64 1175 388
5410 66 832 277
5420 5 1020 379
5420 7 700 408
5420 54 1051 383
5420 62 664 363
5420 64 1173 389
5420 66 832 278
5430 5 1020 379
5430 7 708 409
5430 54 1051 383
5430 62 671 365
5430 64 1171 390
5430 66 831 278
5440 5 1020 379
5440 7 716 409
5440 54 1051 383
5440 62 677 367
5440 64 1169 391
5440 65 1205 386
5440 66 830 278
5450 5 1020 379
5450 7 724 410
5450 54 1051 383
5450 62 684 371
5450 64 1167 392
5450 65 1204 386
5450 66 829 279
5460 5 1020 379
5460 7 731 411
5460 54 1051 383
5460 62 691 371
5460 64 1165 393
5460 65 1202 387
5460 66 829 279
5470 5 1020 379
5470 7 733 411
5470 54 1051 383
5470 62 698 371
5470 64 1163 394
5470 65 1200 388
5470 66 829 280
5480 5 1020 379
5480 7 735 411
5480 54 1051 383
5480 62 704 371
5480 64 1161 395
5480 65 1198 389
5480 66 829 280
5490 5 1020 379
5490 7 738 411
5490 54 1051 383
5490 62 711 371
5490 64 1159 396
5490 65 1196 391
5490 66 829 281
5500 5 1020 379
5500 7 733 403
5500 54 1051 383
5500 62 718 371
5500 64 1157 397
5500 65 1193 393
5500 66 829 281
5510 5 1020 379
5510 7 728 397
5510 54 1051 383
5510 62 726 370
5510 64 1156 398
5510 65 1191 395
5510 66 830 281
5520 5 1020 379
5520 7 723 395
5520 54 1051 383
5520 62 733 369
5520 64 1154 399
5520 65 1190 397
5520 66 830 281
5530 5 1020 379
5530 7 723 395
5530 54 1051 383
5530 62 741 369
5530 64 1152 400
5530 65 1187 397
5530 66 831 282
5540 5 1020 379
5540 7 723 395
5540 54 1051 383
5540 62 748 368
5540 64 1150 401
5540 65 1185 398
5540 66 831 282
5540 68 1219 325
5550 5 1020 379
5550 7 723 395
5550 54 1051 383
5550 62 756 369
5550 64 1148 402
5550 65 1182 399
5550 66 832 283
5550 68 1215 325
5560 5 1020 379
5560 7 723 395
5560 54 1051 383
5560 62 763 370
5560 64 1146 403
5560 65 1180 399
5560 66 832 283
5560 68 1212 326
5570 5 1020 379
5570 7 723 395
5570 54 1051 383
5570 62 771 371
5570 64 1144 404
5570 65 1178 401
5570 66 833 284
5570 68 1209 326
5580 5 1020 379
5580 7 723 395
