0 56 1070 322
10 56 1065 322
20 56 1060 322
30 55 137 698
30 56 1056 321
40 55 157 698
40 56 1051 321
50 55 178 692
50 56 1046 321
60 55 201 686
60 56 1042 322
70 55 225 685
70 56 1037 322
80 55 247 683
80 56 1032 322
90 55 268 681
90 56 1027 322
100 55 285 678
100 56 1022 322
110 55 302 675
110 56 1017 322
120 55 319 668
120 56 1012 322
130 55 334 664
130 56 1007 322
140 55 348 661
140 56 1002 321
150 55 361 655
150 56 996 321
160 55 373 648
160 56 991 320
170 55 379 642
170 56 986 320
180 55 384 637
180 56 980 320
190 55 386 631
190 56 975 320
200 55 385 624
200 56 969 320
210 55 382 617
210 56 964 319
220 55 375 611
220 56 958 319
230 55 369 605
230 56 953 319
240 55 362 599
240 56 947 318
250 55 360 593
250 56 941 318
260 55 358 587
260 56 936 318
270 55 357 581
270 56 930 318
280 55 357 575
280 56 924 318
290 55 360 570
290 56 919 318
300 55 363 565
300 56 913 317
310 55 367 560
310 56 908 317
320 55 374 555
320 56 902 317
330 55 381 551
330 56 897 317
340 55 387 546
340 56 891 317
350 55 393 541
350 56 886 317
360 55 400 537
360 56 880 317
370 55 407 533
370 56 875 317
380 55 414 530
380 56 869 317
390 55 420 526
390 56 864 317
400 55 422 522
400 56 858 317
410 55 424 518
410 56 853 317
420 55 425 513
420 56 847 316
430 55 425 509
430 56 842 316
440 55 424 506
440 56 837 316
450 55 421 503
450 56 831 315
460 55 416 499
460 56 825 315
470 55 411 495
470 56 819 315
480 55 405 491
480 56 813 314
490 55 399 487
490 56 807 314
500 55 393 484
500 56 801 313
510 55 386 481
510 56 796 313
520 55 379 478
520 56 790 313
530 55 373 474
530 56 784 313
540 55 366 470
540 56 779 313
550 55 360 466
550 56 773 312
560 55 353 462
560 56 768 312
570 55 346 460
570 56 762 312
580 55 338 442
580 56 757 312
590 55 331 441
590 56 752 312
600 55 321 446
600 56 741 312
600 60 760 263
610 55 316 444
610 56 736 312
610 60 764 263
620 55 311 442
620 56 730 312
620 60 769 263
620 68 994 365
630 55 307 439
630 56 725 312
630 60 773 263
630 68 992 365
640 55 305 436
640 56 719 312
640 60 777 263
640 68 990 365
650 55 303 433
650 56 714 311
650 60 781 264
650 68 988 366
660 55 301 430
660 56 708 311
660 60 784 264
660 68 983 375
670 55 301 428
670 56 703 311
670 60 786 265
670 68 981 376
680 55 302 426
680 56 698 311
680 60 788 265
680 68 978 377
690 55 302 424
690 56 692 311
690 60 789 265
690 68 978 378
700 55 305 422
700 56 687 311
700 60 789 265
700 68 978 379
710 55 309 420
710 56 682 311
710 60 788 265
710 68 978 380
710 69 1036 380
720 55 313 418
720 56 678 311
720 60 787 265
720 67 754 264
720 68 982 381
720 69 1037 382
730 55 316 416
730 56 673 311
730 60 785 266
730 67 758 263
730 68 987 383
730 69 1037 381
740 55 323 414
740 56 668 311
740 60 784 267
740 67 762 263
740 68 993 384
740 69 1037 380
750 55 329 412
750 56 663 311
750 60 781 267
750 67 767 263
750 68 1002 382
750 69 1041 379
760 55 336 410
760 56 659 311
760 60 779 267
760 67 772 264
760 68 1011 380
760 69 1043 379
770 55 344 405
770 56 654 311
770 60 777 268
770 67 775 264
770 68 1019 380
770 69 1043 379
780 55 353 400
780 56 649 311
780 60 775 268
780 67 779 264
780 68 1025 380
780 69 1043 379
790 55 370 399
790 56 639 311
790 60 770 269
790 67 783 264
790 68 1030 380
790 69 1046 380
800 55 378 397
800 56 633 310
800 60 765 269
800 67 788 265
800 68 1033 380
800 69 1048 381
810 55 386 394
810 56 628 310
810 60 761 269
810 67 789 265
810 68 1035 381
810 69 1050 383
820 55 394 393
820 56 622 310
820 60 757 269
820 67 790 265
820 68 1036 381
820 69 1053 384
830 55 401 391
830 56 617 310
830 60 752 269
830 67 790 265
830 68 1037 381
830 69 1056 384
840 55 409 389
840 56 611 310
840 60 747 269
840 67 790 265
840 68 1036 380
840 69 1057 384
850 55 416 387
850 56 604 310
850 60 742 269
850 67 790 265
850 68 1036 380
850 69 1059 384
860 55 425 386
860 56 598 310
860 60 737 269
860 67 790 265
860 68 1035 380
860 69 1060 384
870 55 432 385
870 56 594 309
870 60 732 269
870 67 789 266
870 68 1034 380
870 69 1060 384
880 55 444 384
880 56 584 309
880 60 725 269
880 67 789 266
880 68 1033 379
880 69 1060 384
890 55 452 382
890 56 579 309
890 60 719 269
890 67 789 266
890 68 1032 378
890 69 1060 384
900 55 467 380
900 56 566 308
900 60 716 269
900 67 788 267
900 68 1031 378
900 69 1060 384
910 55 474 381
910 56 559 308
910 60 713 269
910 67 788 268
910 68 1031 378
910 69 1060 384
920 55 481 380
920 56 553 308
920 60 710 269
920 67 787 268
920 68 1030 379
920 69 1060 384
930 55 488 380
930 56 547 309
930 60 708 269
930 67 787 269
930 68 1030 379
930 69 1060 384
940 55 495 379
940 56 541 308
940 60 706 269
940 67 786 270
940 68 1030 379
940 69 1060 384
950 55 502 377
950 56 536 308
950 60 703 270
950 67 785 270
950 68 1030 378
950 69 1060 384
960 55 509 376
960 56 530 308
960 60 700 270
960 67 784 270
960 68 1030 378
960 69 1060 384
970 55 515 374
970 56 525 308
970 60 697 270
970 67 783 270
970 68 1030 378
970 69 1060 384
980 55 521 373
980 56 519 307
980 60 694 270
980 67 782 270
980 68 1030 378
980 69 1060 384
990 55 527 372
990 56 513 307
990 60 691 270
990 67 781 271
990 68 1030 378
990 69 1059 384
1000 55 533 370
1000 56 507 307
1000 60 688 270
1000 67 781 271
1000 68 1030 378
1000 69 1058 384
1010 55 540 370
1010 56 501 307
1010 60 685 270
1010 67 780 272
1010 68 1030 378
1010 69 1057 383
1020 55 546 369
1020 56 496 307
1020 60 682 270
1020 67 780 272
1020 68 1030 378
1020 69 1057 383
1030 55 552 369
1030 56 491 307
1030 60 679 270
1030 67 780 272
1030 68 1030 378
1030 69 1055 382
1040 55 559 368
1040 56 486 307
1040 60 676 270
1040 67 780 273
1040 68 1030 378
1040 69 1053 382
1050 55 579 366
1050 56 466 307
1050 60 665 272
1050 67 780 274
1050 68 1030 378
1050 69 1053 382
1060 55 585 365
1060 56 461 307
1060 60 662 272
1060 67 780 275
1060 68 1030 378
1060 69 1053 382
1070 55 591 364
1070 56 455 307
1070 60 659 273
1070 67 780 276
1070 68 1030 378
1070 69 1053 382
1080 55 597 364
1080 56 449 308
1080 60 656 273
1080 67 780 276
1080 68 1030 378
1080 69 1053 382
1090 55 601 362
1090 56 443 308
1090 60 652 274
1090 67 781 277
1090 68 1030 378
1090 69 1053 382
1100 55 606 362
1100 56 436 308
1100 60 649 274
1100 67 781 277
1100 68 1030 378
1100 69 1053 382
1110 55 611 361
1110 56 430 308
1110 60 645 275
1110 67 782 278
1110 68 1030 378
1110 69 1053 382
1120 55 617 359
1120 56 424 308
1120 60 642 275
1120 67 782 278
1120 68 1030 378
1120 69 1053 382
1130 55 622 359
1130 56 419 308
1130 60 639 275
1130 67 783 278
1130 68 1030 378
1130 69 1053 382
1140 55 627 358
1140 56 413 308
1140 60 636 275
1140 67 784 278
1140 68 1030 378
1140 69 1053 382
1150 55 632 357
1150 56 408 308
1150 60 632 275
1150 67 785 279
1150 68 1030 378
1150 69 1053 382
1160 55 637 356
1160 56 402 308
1160 60 629 275
1160 67 785 279
1160 68 1030 378
1160 69 1053 382
1170 55 641 356
1170 56 397 308
1170 60 626 275
1170 67 786 280
1170 68 1030 378
1170 69 1053 382
1180 55 646 355
1180 56 391 308
1180 60 623 275
1180 67 786 280
1180 68 1030 378
1180 69 1053 382
1190 55 650 355
1190 56 385 308
1190 60 620 276
1190 67 787 281
1190 68 1030 378
1190 69 1053 382
1200 55 655 355
1200 56 380 308
1200 60 617 276
1200 67 787 281
1200 68 1030 378
1200 69 1053 382
1210 55 659 354
1210 56 374 308
1210 60 614 276
1210 67 787 282
1210 68 1030 378
1210 69 1054 382
1220 55 662 354
1220 56 369 308
1220 60 612 277
1220 67 787 282
1220 68 1030 378
1220 69 1054 382
1230 55 678 353
1230 56 349 309
1230 60 598 279
1230 67 791 284
1230 68 1030 378
1230 69 1054 382
1240 55 682 353
1240 56 343 309
1240 60 595 279
1240 67 791 284
1240 68 1030 378
1240 69 1054 382
1250 55 687 352
1250 56 337 309
1250 60 591 279
1250 67 791 285
1250 68 1030 378
1250 69 1054 382
1260 55 691 352
1260 56 332 309
1260 60 588 279
1260 67 792 286
1260 68 1030 378
1260 69 1054 382
1270 55 696 352
1270 56 326 309
1270 60 584 279
1270 67 792 286
1270 68 1030 378
1270 69 1054 382
1280 55 699 351
1280 56 321 310
1280 60 580 279
1280 67 792 286
1280 68 1030 378
1280 69 1054 382
1290 55 703 350
1290 56 316 310
1290 60 577 280
1290 67 792 286
1290 68 1030 378
1290 69 1054 382
1300 55 707 349
1300 56 312 310
1300 60 573 280
1300 67 792 286
1300 68 1030 378
1300 69 1054 382
1310 55 710 348
1310 56 307 310
1310 60 570 280
1310 67 791 287
1310 68 1030 378
1310 69 1054 382
1320 55 714 347
1320 56 302 310
1320 60 566 280
1320 67 790 288
1320 68 1030 378
1320 69 1054 382
1330 55 718 346
1330 56 297 311
1330 60 563 280
1330 67 790 288
1330 68 1030 378
1330 69 1054 382
1340 55 722 345
1340 56 291 311
1340 60 559 280
1340 67 789 289
1340 68 1030 378
1340 69 1054 382
1350 55 727 344
1350 56 286 312
1350 60 556 281
1350 67 789 289
1350 68 1030 378
1350 69 1054 382
1360 55 731 343
1360 56 280 312
1360 60 552 281
1360 67 788 289
1360 68 1030 378
1360 69 1054 382
1370 55 736 342
1370 56 275 313
1370 60 548 282
1370 67 787 290
1370 68 1030 378
1370 69 1054 382
1380 55 740 342
1380 56 269 313
1380 60 544 282
1380 67 787 290
1380 68 1030 378
1380 69 1057 380
1390 55 744 341
1390 56 263 313
1390 60 540 283
1390 67 786 291
1390 68 1030 378
1390 69 1063 383
1400 55 748 340
1400 56 258 313
1400 60 536 283
1400 67 786 291
1400 68 1030 378
1400 69 1073 382
1410 55 752 339
1410 56 252 312
1410 60 532 284
1410 67 786 291
1410 68 1030 378
1410 69 1079 384
1420 55 756 338
1420 56 245 312
1420 60 528 284
1420 67 786 292
1420 68 1030 378
1420 69 1085 384
1430 55 760 338
1430 56 239 312
1430 60 524 284
1430 67 786 292
1430 68 1030 378
1430 69 1093 384
1440 55 763 338
1440 56 234 312
1440 60 519 284
1440 67 786 293
1440 68 1030 378
1440 69 1100 386
1450 55 767 337
1450 56 228 312
1450 60 515 284
1450 67 786 293
1450 68 1030 378
1450 69 1104 389
1460 55 771 337
1460 56 223 312
1460 60 511 284
1460 67 786 293
1460 68 1030 378
1460 69 1106 389
