0 0 956 359
0 79 1219 300
0 82 572 329
0 84 799 331
0 85 909 327
10 0 958 360
10 77 1192 425
10 79 1214 297
10 82 575 328
10 84 791 331
10 85 902 327
20 0 959 361
20 77 1186 433
20 79 1209 297
20 82 578 327
20 84 784 331
20 85 897 327
30 0 960 362
30 77 1175 438
30 79 1204 297
30 82 580 326
30 84 777 331
30 85 891 328
40 0 962 363
40 77 1164 444
40 79 1198 297
40 82 583 325
40 84 770 331
40 85 886 329
50 0 964 364
50 77 1155 452
50 79 1193 296
50 82 585 324
50 84 763 331
50 85 881 329
60 0 968 365
60 77 1146 458
60 79 1187 295
60 82 587 322
60 84 756 331
60 85 875 329
70 0 974 367
70 77 1135 465
70 79 1182 294
70 82 590 321
70 84 751 331
70 85 870 329
80 0 992 371
80 77 1101 484
80 79 1168 293
80 82 595 320
80 84 734 331
80 85 854 329
90 0 1014 372
90 77 1067 505
90 79 1153 292
90 82 599 319
90 84 716 331
90 85 840 330
100 0 1022 372
100 77 1054 514
100 79 1148 292
100 82 602 318
100 84 708 332
100 85 834 330
110 0 1029 373
110 77 1040 522
110 79 1142 291
110 82 604 317
110 84 702 332
110 85 827 331
120 0 1037 375
120 77 1024 533
120 79 1137 290
120 82 606 316
120 84 694 332
120 85 820 331
130 0 1042 375
130 77 1008 541
130 79 1132 290
130 82 608 315
130 84 687 331
130 85 814 331
140 0 1047 375
140 77 991 552
140 79 1127 290
140 82 609 314
140 84 680 331
140 85 808 331
150 0 1050 376
150 77 972 566
150 79 1121 289
150 82 611 313
150 84 671 331
150 85 802 331
160 0 1051 377
160 77 953 576
160 79 1116 287
160 82 612 312
160 84 665 332
160 85 795 332
170 0 1051 377
170 77 932 590
170 79 1111 287
170 82 615 312
170 84 658 332
170 85 789 331
180 0 1051 377
180 77 911 603
180 79 1106 286
180 82 617 311
180 84 651 332
180 85 782 331
190 0 1051 377
190 77 887 615
190 79 1101 286
190 82 619 310
190 84 644 332
190 85 775 331
200 0 1051 377
200 77 862 629
200 79 1096 286
200 82 621 309
200 84 637 332
200 85 768 331
210 0 1051 377
210 77 836 643
210 79 1090 286
210 82 624 309
210 84 630 332
210 85 762 331
220 0 1051 377
220 77 809 658
220 79 1085 285
220 82 626 308
220 84 622 332
220 85 754 330
230 0 1051 377
230 77 780 674
230 79 1081 285
230 82 628 307
230 84 614 332
230 85 747 330
240 0 1051 377
240 77 745 689
240 79 1074 284
240 82 630 307
240 84 607 332
240 85 739 330
250 0 1051 377
250 77 709 697
250 79 1069 284
250 82 632 307
250 84 598 332
250 85 731 331
260 0 1051 377
260 77 675 705
260 79 1064 283
260 82 635 307
260 84 589 332
260 85 724 331
270 0 1051 377
270 77 625 714
270 79 1059 282
270 82 638 306
270 84 581 332
270 85 716 331
280 0 1051 377
280 79 1054 281
280 82 640 306
280 84 574 332
280 85 708 332
290 0 1051 377
290 79 1049 280
290 82 643 305
290 84 566 332
290 85 701 331
300 0 1051 377
300 79 1044 280
300 82 646 305
300 84 559 332
300 85 694 331
310 0 1051 377
310 79 1039 281
310 82 649 304
310 84 551 332
310 85 687 331
320 0 1051 377
320 79 1034 280
320 82 652 304
320 84 543 331
320 85 680 331
330 0 1051 377
330 79 1029 280
330 82 655 304
330 84 535 331
330 85 673 331
340 0 1051 377
340 79 1024 278
340 82 657 303
340 84 527 331
340 85 666 332
350 0 1051 377
350 79 1019 277
350 82 660 303
350 84 518 330
350 85 658 332
360 0 1051 377
360 79 1014 277
360 82 662 302
360 84 510 330
360 85 652 332
370 0 1051 377
370 79 1009 276
370 82 665 302
370 84 501 330
370 85 646 332
380 0 1051 377
380 79 1004 276
380 82 668 301
380 84 493 329
380 85 639 332
390 0 1051 377
390 79 999 276
390 82 670 300
390 84 485 329
390 85 632 332
400 0 1051 377
400 79 994 276
400 82 673 300
400 84 477 330
400 85 624 332
410 0 1051 377
410 79 989 276
410 82 675 299
410 84 469 330
410 85 616 332
420 0 1051 377
420 79 985 276
420 82 677 299
420 84 460 330
420 85 609 332
430 0 1051 377
430 79 980 275
430 82 680 298
430 84 451 329
430 85 601 332
440 0 1051 377
440 79 975 274
440 82 682 298
440 84 442 329
440 85 595 332
450 0 1051 377
450 79 971 273
450 82 684 297
450 84 433 329
450 85 587 333
460 0 1051 377
460 79 966 272
460 82 686 297
460 84 425 329
460 85 579 332
470 0 1052 377
470 79 961 272
470 82 689 296
470 84 417 329
470 85 572 332
480 0 1052 376
480 79 957 272
480 82 691 295
480 84 408 329
480 85 565 332
490 0 1052 376
490 79 952 271
490 82 693 295
490 84 398 329
490 85 558 332
500 0 1052 376
500 79 947 271
500 82 695 294
500 84 390 329
500 85 550 332
510 0 1052 376
510 79 942 271
510 82 698 294
510 84 381 328
510 85 543 333
520 0 1052 376
520 79 938 270
520 82 700 293
520 84 371 328
520 85 536 333
530 0 1052 376
530 79 933 270
530 82 702 293
530 84 363 328
530 85 528 333
540 0 1052 376
540 79 929 270
540 82 704 292
540 84 354 328
540 85 521 334
550 0 1052 376
550 79 924 270
550 82 706 292
550 84 345 328
550 85 513 334
560 0 1052 376
560 79 919 269
560 82 709 291
560 84 336 328
560 85 506 334
570 0 1052 376
570 79 914 268
570 82 711 290
570 84 327 328
570 85 499 333
580 0 1052 376
580 79 909 267
580 82 713 290
580 84 319 328
580 85 489 333
590 0 1052 376
590 79 905 266
590 82 716 289
590 84 310 328
590 85 482 334
600 0 1052 376
600 79 900 266
600 82 718 288
600 84 301 328
600 85 476 334
610 0 1052 376
610 79 896 266
610 82 721 288
610 84 292 328
610 85 469 333
620 0 1052 376
620 79 889 266
620 82 723 287
620 84 280 328
620 85 460 333
630 0 1052 376
630 79 884 266
630 82 725 286
630 84 272 327
630 85 452 332
640 0 1052 376
640 79 879 265
640 82 728 285
640 84 262 327
640 85 445 332
650 0 1052 376
650 79 874 264
650 82 729 285
650 84 253 327
650 85 436 332
660 0 1052 376
660 79 869 264
660 82 731 285
660 84 245 327
660 85 428 333
670 0 1052 376
670 79 864 264
670 82 733 284
670 84 237 328
670 85 420 333
680 0 1052 376
680 79 860 263
680 82 735 284
680 84 227 328
680 85 412 333
690 0 1052 376
690 79 855 263
690 82 736 284
690 84 218 327
690 85 405 334
700 0 1052 376
700 79 850 262
700 82 738 283
700 84 209 327
700 85 397 335
710 0 1052 376
710 79 846 262
710 82 740 283
710 84 200 327
710 85 389 336
720 0 1052 376
720 79 841 262
720 82 742 283
720 84 191 326
720 85 382 338
730 0 1052 376
730 79 837 260
730 82 744 282
730 84 182 327
730 85 374 338
740 0 1052 376
740 79 832 260
740 82 745 282
740 84 173 327
740 85 366 339
750 0 1052 376
750 79 827 260
750 82 747 282
750 84 165 326
750 85 358 338
760 0 1052 376
760 79 824 260
760 82 749 281
760 84 156 326
760 85 350 337
770 0 1052 376
770 82 751 281
770 84 147 326
770 85 342 337
780 0 1052 376
780 82 752 281
780 84 138 326
780 85 334 337
790 0 1052 376
790 82 754 280
790 84 128 325
790 85 324 338
800 0 1052 376
800 82 755 280
800 84 118 325
800 85 315 340
810 0 1052 376
810 82 757 279
810 84 109 326
810 85 306 341
820 0 1052 376
820 80 792 259
820 82 758 279
820 84 101 325
820 85 299 341
830 0 1052 376
830 80 787 259
830 82 760 279
830 84 91 323
830 85 291 341
840 0 1052 376
840 80 783 259
840 82 761 278
840 84 82 322
840 85 282 341
850 0 1052 376
850 80 778 260
850 82 762 278
850 84 75 321
850 85 275 341
860 0 1052 376
860 80 774 259
860 82 764 277
860 84 65 318
860 85 268 342
870 0 1052 376
870 80 769 259
870 82 765 277
870 84 56 315
870 85 260 342
880 0 1052 376
880 80 764 259
880 82 766 277
880 84 46 313
880 85 252 342
890 0 1052 376
890 80 759 259
890 82 768 276
890 84 36 313
890 85 243 341
900 0 1052 376
900 82 775 275
900 85 187 340
910 0 1052 376
910 82 776 273
910 85 179 340
920 0 1052 376
920 82 778 272
920 85 161 340
930 0 1052 376
930 82 779 271
930 85 151 341
940 0 1052 376
940 82 780 271
940 85 142 342
950 0 1052 376
950 82 782 269
950 85 132 343
960 0 1052 376
960 82 783 269
960 85 124 344
970 0 1052 376
970 82 784 269
970 85 115 345
980 0 1052 376
980 82 785 269
980 85 105 347
990 0 1052 376
990 82 787 268
990 85 96 348
1000 0 1052 376
1000 82 788 268
1000 85 86 346
1010 0 1052 376
1010 82 791 268
1010 85 76 345
1020 0 1052 376
1020 82 793 267
1020 85 66 346
1030 0 1052 376
1030 85 57 348
1040 0 1052 376
1040 85 48 348
1050 0 1052 376
1050 85 38 350
1060 0 1052 376
1060 85 29 350
1070 0 1052 376
1070 85 19 352
1080 0 1052 376
1080 85 10 352
1090 0 1052 376
1090 85 2 350
1100 0 1052 376
1110 0 1052 376
1120 0 1052 376
1130 0 1052 376
1140 0 1052 376
1140 83 793 261
1150 0 1052 376
1150 83 790 263
1160 0 1052 376
1160 83 784 263
1170 0 1052 376
1170 83 781 263
1180 0 1052 376
1180 83 777 262
1190 0 1052 376
1190 83 772 262
1200 0 1052 376
1200 83 767 262
1210 0 1052 376
1210 83 764 264
1220 0 1052 376
1220 83 758 264
1230 0 1052 376
1230 83 753 264
1240 0 1052 376
1250 0 1052 376
1260 0 1052 376
1270 0 1052 376
1280 0 1052 376
1290 0 1052 376
1300 0 1052 376
1310 0 1052 376
1320 0 1052 376
1330 0 1052 376
1340 0 1053 376
1350 0 1053 376
1360 0 1053 376
1370 0 1053 376
1380 0 1053 376
1390 0 1053 376
1400 0 1053 376
1410 0 1053 376
1420 0 1053 376
1430 0 1053 376
1440 0 1053 376
1450 0 1053 376
1460 0 1053 376
1470 0 1053 376
1480 0 1053 376
1490 0 1053 376
1500 0 1053 376
1510 0 1053 376
1520 0 1053 376
1530 0 1053 376
1540 0 1053 376
1550 0 1053 376
1560 0 1053 376
1570 0 1053 376
1580 0 1053 376
1590 0 1053 376
1600 0 1053 376
1610 0 1053 376
1620 0 1053 376
1630 0 1053 376
1640 0 1053 376
1650 0 1053 377
1660 0 1053 377
1670 0 1053 377
1680 0 1053 377
1690 0 1053 377
1700 0 1053 377
1710 0 1052 377
1720 0 1052 377
1730 0 1052 377
1740 0 1052 376
1750 0 1052 376
1760 0 1052 376
1770 0 1052 376
1780 0 1047 375
1790 0 1043 374
1800 0 1039 373
1810 0 1033 373
1820 0 1028 373
1830 0 1023 373
1840 0 1017 373
1850 0 1011 373
1860 0 1006 374
1870 0 999 374
1880 0 995 373
1890 0 986 372
1900 0 982 370
1910 0 975 368
1920 0 970 368
1930 0 968 365
1940 0 964 365
1950 0 960 366
1960 0 958 365
1970 0 957 364
1980 0 956 363
1990 0 955 363
2000 0 954 362
2010 0 952 362
2020 0 952 361
2030 0 952 360
2040 0 952 360
2050 0 952 359
2060 0 952 358
2070 0 950 357
2080 0 948 356
2090 0 946 355
2100 0 945 354
2110 0 940 351
2120 0 936 348
2130 0 933 346
2140 0 930 344
2140 81 1275 543
2150 0 926 342
2150 81 1275 551
2160 0 923 341
2160 81 1273 555
2170 0 920 340
2170 81 1271 556
2180 0 917 339
2180 81 1270 559
2190 0 914 337
2190 81 1268 562
2200 0 913 337
2200 81 1266 565
2210 0 912 337
2210 81 1263 568
2220 0 911 337
2220 81 1259 571
2230 0 910 337
2230 81 1256 574
2240 0 910 337
2240 81 1253 577
2250 0 910 337
2250 81 1250 580
2260 0 911 337
2260 81 1248 583
2270 0 911 337
2270 81 1245 585
2280 0 911 337
2280 81 1242 588
2290 0 911 337
2290 81 1238 592
2300 0 911 337
2300 81 1236 596
2310 0 911 337
2310 81 1233 599
2320 0 911 337
2320 81 1229 601
2330 0 910 336
2330 81 1226 605
2340 0 908 336
2340 81 1221 608
2350 0 907 336
2350 81 1216 610
2360 0 906 336
2360 81 1212 614
2370 0 905 336
2370 81 1208 617
2380 0 904 336
2380 81 1204 620
2390 0 904 335
2390 81 1204 624
2400 0 903 335
2400 81 1200 628
2410 0 902 335
2410 81 1196 631
2420 0 902 335
2420 81 1193 635
2430 0 901 335
2430 81 1191 640
2440 0 901 335
2440 81 1187 644
2450 0 900 335
2450 81 1183 648
2460 0 900 336
2460 81 1178 652
2470 0 900 336
2470 81 1174 656
2480 0 900 336
2480 81 1169 661
2490 0 900 336
2490 81 1164 665
2500 0 899 337
2500 81 1159 669
2510 0 899 337
2510 81 1157 676
2520 0 899 337
2520 81 1152 682
2530 0 901 337
2530 81 1145 684
2540 0 902 337
2540 81 1142 688
2550 0 904 337
2550 81 1142 690
2560 0 905 337
2560 81 1142 692
2570 0 907 337
2570 81 1147 694
2580 0 908 337
2580 81 1156 697
2590 0 909 337
2590 81 1165 701
2600 0 910 337
2600 81 1175 704
2610 0 912 338
2610 81 1185 707
2620 0 913 338
2620 81 1194 711
2630 0 915 338
2630 81 1206 714
2640 0 916 338
2650 0 918 339
2650 86 1252 313
2660 0 920 339
2660 86 1248 313
2670 0 922 340
2670 86 1242 312
2680 0 923 340
2680 86 1239 311
2690 0 925 340
2690 86 1235 311
2700 0 926 341
2700 86 1232 311
2710 0 926 341
2710 86 1226 313
2720 0 925 341
2720 86 1221 315
2730 0 925 341
2730 86 1218 315
2740 0 925 341
2740 86 1215 315
2750 0 925 341
2750 86 1211 316
2760 0 925 341
2760 86 1207 316
2770 0 925 341
2770 86 1203 316
2780 0 924 342
2780 86 1198 316
2790 0 922 341
2790 86 1194 316
2800 0 920 340
2800 86 1190 315
2810 0 919 339
2810 86 1186 315
2820 0 918 338
2820 86 1180 315
2830 0 916 337
2830 86 1175 315
2840 0 915 336
2840 86 1170 315
2850 0 914 336
2850 86 1165 315
2860 0 914 336
2860 86 1159 315
2870 0 914 336
2870 86 1152 315
2880 0 914 336
2880 86 1148 315
2890 0 914 337
2890 86 1143 314
2900 0 914 337
2900 86 1137 313
2910 0 914 337
2910 86 1132 313
2920 0 914 338
2920 86 1128 313
2930 0 914 338
2930 86 1122 313
2940 0 914 338
2940 86 1117 313
2950 0 914 338
2950 86 1112 313
2960 0 915 338
2960 86 1107 312
2970 0 915 338
2970 86 1102 312
2980 0 915 338
2980 86 1097 311
2990 0 915 338
2990 86 1091 307
3000 0 916 338
3000 86 1087 306
3010 0 916 338
3010 86 1080 306
3020 0 916 338
3020 86 1075 306
3030 0 916 338
3030 86 1071 307
3040 0 917 339
3040 86 1066 307
3050 0 917 339
3050 86 1059 308
3060 0 917 339
3060 86 1057 308
3070 0 917 339
3070 86 1052 310
3080 0 917 339
3080 86 1044 313
3090 0 917 339
3090 86 1040 313
3100 0 917 339
3100 86 1037 312
3110 0 917 339
3110 86 1031 312
3120 0 917 339
3120 86 1026 312
3130 0 917 339
3130 86 1017 312
3140 0 917 339
3140 86 1012 312
3150 0 917 339
3150 86 1007 312
3160 0 917 339
3160 86 1002 312
3170 0 917 339
3170 86 997 312
3180 0 917 339
3180 86 992 312
3190 0 917 339
3190 86 986 312
3200 0 917 339
3200 86 980 312
3210 0 917 339
3210 86 976 312
3220 0 917 339
3220 86 971 312
3230 0 917 339
3230 86 965 311
3240 0 917 339
3240 86 960 311
3250 0 917 339
3250 86 955 311
3260 0 918 339
3260 86 951 311
