0 15 607 74
10 15 594 77
20 15 583 72
30 15 578 77
40 15 567 72
50 15 551 77
60 15 543 77
70 15 533 77
80 15 519 85
90 15 509 85
100 15 490 82
110 15 466 88
120 15 466 88
130 15 466 88
140 15 455 88
150 15 442 90
160 15 426 93
170 15 413 90
180 15 407 90
190 15 386 93
200 15 378 98
210 15 367 101
220 15 365 112
230 15 338 109
240 15 327 109
250 15 311 109
260 15 298 109
270 15 293 109
280 15 277 106
290 15 266 114
300 15 253 114
310 15 236 112
320 15 218 112
330 15 202 112
340 15 188 114
350 15 174 114
360 15 159 117
370 15 143 120
380 15 130 120
390 15 118 122
400 15 102 120
410 15 82 125
420 15 64 126
430 15 48 127
430 16 1848 679
440 15 32 127
440 16 1852 682
450 15 16 128
450 16 1856 682
460 16 1858 683
470 16 1852 682
470 34 1715 603
480 16 1850 683
480 34 1702 606
480 37 751 9
490 16 1857 689
490 34 1685 617
490 37 751 9
500 16 1866 696
500 34 1666 626
500 37 752 9
510 16 1874 702
510 34 1652 634
510 37 752 9
520 16 1875 714
520 34 1641 641
520 35 1382 73
520 37 753 10
530 16 1878 723
530 34 1618 648
530 35 1376 74
530 37 753 10
540 16 1881 736
540 34 1595 654
540 35 1369 71
540 36 1358 66
540 37 754 10
550 16 1880 746
550 34 1586 662
550 35 1362 68
550 36 1351 66
550 37 754 10
560 16 1873 758
560 34 1578 672
560 35 1355 66
560 36 1344 66
560 37 755 10
570 16 1854 773
570 34 1571 681
570 35 1348 67
570 36 1337 66
570 37 755 10
580 16 1834 785
580 34 1563 689
580 35 1340 68
580 36 1329 67
580 37 755 10
590 16 1814 793
590 34 1569 701
590 35 1333 70
590 36 1322 68
590 37 756 10
600 16 1793 799
600 34 1582 714
600 35 1326 71
600 36 1315 69
600 37 756 10
610 16 1766 806
610 34 1589 726
610 35 1319 72
610 36 1308 70
610 37 757 11
610 38 749 10
620 16 1744 805
620 34 1597 741
620 35 1313 73
620 36 1300 71
620 37 757 11
620 38 749 10
630 16 1726 793
630 34 1606 751
630 35 1306 74
630 36 1293 72
630 37 758 11
630 38 749 10
640 16 1707 790
640 34 1609 753
640 35 1299 75
640 36 1287 73
640 37 758 11
640 38 749 11
650 16 1706 786
650 34 1606 753
650 35 1291 76
650 36 1279 75
650 37 759 11
650 38 749 11
660 16 1701 786
660 27 20 136
660 34 1603 753
660 35 1284 77
660 36 1272 76
660 37 759 11
660 38 750 11
670 16 1702 786
670 27 33 137
670 34 1605 753
670 35 1276 78
670 36 1264 77
670 37 760 11
670 38 750 11
680 16 1703 789
680 27 45 138
680 34 1609 753
680 35 1268 78
680 36 1257 78
680 37 760 11
680 38 750 11
690 16 1706 791
690 27 57 140
690 34 1611 753
690 35 1261 79
690 36 1250 79
690 37 761 12
690 38 750 11
700 16 1708 791
700 27 70 141
700 34 1614 753
700 35 1253 80
700 36 1242 80
700 37 761 12
700 38 750 11
710 16 1710 794
710 27 83 142
710 34 1617 752
710 35 1245 81
710 36 1235 81
710 37 761 12
710 38 750 12
720 16 1711 797
720 27 95 144
720 34 1617 752
720 35 1237 82
720 36 1227 81
720 37 762 12
720 38 750 12
730 16 1714 799
730 27 108 145
730 34 1617 752
730 35 1228 83
730 36 1219 82
730 37 762 12
730 38 751 12
740 16 1715 799
740 27 121 145
740 34 1617 752
740 35 1219 84
740 36 1211 83
740 37 763 12
740 38 752 12
750 16 1718 802
750 27 132 142
750 34 1611 752
750 35 1210 85
750 36 1203 83
750 37 763 12
750 38 752 12
760 16 1720 805
760 27 142 139
760 34 1607 752
760 35 1200 86
760 36 1195 84
760 37 764 12
760 38 753 13
760 39 744 13
770 16 1723 807
770 27 153 137
770 34 1607 753
770 35 1189 87
770 36 1186 84
770 37 765 13
770 38 754 13
770 39 744 13
780 16 1729 799
780 27 164 136
780 34 1611 757
780 35 1178 87
780 36 1175 85
780 37 765 13
780 38 754 13
780 39 745 13
790 16 1735 791
790 27 174 133
790 34 1623 762
790 35 1168 88
790 36 1165 85
790 37 766 13
790 38 755 14
790 39 745 13
800 16 1735 795
800 27 185 130
800 34 1634 766
800 35 1157 88
800 36 1155 85
800 37 767 13
800 38 755 14
800 39 746 13
810 16 1735 799
810 27 196 129
810 34 1634 766
810 35 1145 88
810 36 1145 84
810 37 768 13
810 38 756 15
810 39 747 14
820 16 1735 803
820 27 206 128
820 34 1629 767
820 35 1134 87
820 36 1136 84
820 37 769 14
820 38 756 15
820 39 747 14
830 16 1735 809
830 27 217 126
830 34 1621 769
830 35 1124 86
830 36 1126 84
830 37 770 14
830 38 757 15
830 39 748 14
840 16 1735 814
840 27 228 123
840 34 1613 769
840 35 1115 86
840 36 1117 83
840 37 771 14
840 38 757 15
840 39 749 14
850 16 1722 820
850 27 238 123
850 34 1614 770
850 35 1105 85
850 36 1107 83
850 37 772 15
850 38 758 15
850 39 749 15
860 16 1709 828
860 27 249 121
860 34 1617 777
860 35 1096 84
860 36 1097 82
860 37 773 15
860 38 758 16
860 39 750 15
870 16 1715 836
870 27 257 121
870 34 1614 783
870 35 1086 84
870 36 1088 82
870 37 774 15
870 38 759 16
870 39 750 15
880 16 1715 841
880 27 268 118
880 34 1610 781
880 35 1077 83
880 36 1078 81
880 37 775 15
880 38 760 16
880 39 751 15
890 16 1711 841
890 27 278 118
890 34 1609 775
890 35 1067 82
890 36 1069 81
890 37 776 15
890 38 760 17
890 39 752 15
900 16 1711 830
900 27 289 118
900 34 1606 771
900 35 1058 81
900 36 1059 81
900 37 777 16
900 38 761 17
900 39 752 16
910 16 1717 817
910 27 299 115
910 34 1602 765
910 35 1048 81
910 36 1049 81
910 37 777 16
910 38 761 17
910 39 753 16
920 16 1718 806
920 27 310 115
920 34 1601 761
920 35 1039 81
920 36 1040 80
920 37 778 17
920 38 763 18
920 39 753 16
930 16 1707 804
930 27 321 115
930 34 1601 765
930 35 1029 81
930 36 1030 80
930 37 779 17
930 38 765 18
930 39 754 16
940 16 1700 798
940 27 329 113
940 34 1602 768
940 35 1019 81
940 36 1020 80
940 37 780 17
940 38 766 18
940 39 755 17
950 16 1695 792
950 27 339 110
950 34 1602 772
950 35 1009 80
950 36 1011 79
950 37 781 17
950 38 768 18
950 39 757 17
960 16 1690 789
960 27 347 110
960 34 1605 777
960 35 1000 80
960 36 1002 78
960 37 782 17
960 38 770 19
960 39 759 18
970 16 1686 786
970 27 358 110
970 34 1609 782
970 35 990 79
970 36 993 77
970 37 783 18
970 38 772 19
970 39 761 18
980 16 1684 786
980 27 369 110
980 34 1609 780
980 35 982 78
980 36 984 76
980 37 784 18
980 38 773 20
980 39 762 19
990 16 1690 786
990 27 377 107
990 34 1606 774
990 35 973 77
990 36 975 76
990 37 786 18
990 38 775 20
990 39 764 19
1000 16 1698 789
1000 27 387 105
1000 34 1605 769
1000 35 963 77
1000 36 966 75
1000 37 788 19
1000 38 777 20
1000 39 766 20
1010 16 1705 792
1010 27 398 102
1010 34 1602 761
1010 35 954 76
1010 36 957 74
1010 37 789 19
1010 38 778 21
1010 39 768 20
1020 16 1710 799
1020 27 406 99
1020 34 1601 750
1020 35 945 75
1020 36 949 73
1020 37 791 19
1020 38 780 21
1020 39 770 20
1030 16 1717 804
1030 27 417 99
1030 34 1602 738
1030 35 936 74
1030 36 940 72
1030 37 793 20
1030 38 782 21
1030 39 772 21
1040 16 1713 802
1040 27 427 97
1040 34 1605 727
1040 35 927 73
1040 36 931 72
1040 37 794 20
1040 38 783 22
1040 39 774 21
1050 16 1701 803
1050 27 435 94
1050 34 1621 718
1050 35 918 72
1050 36 922 71
1050 37 796 21
1050 38 785 22
1050 39 775 22
1060 16 1690 806
1060 27 443 93
1060 34 1639 694
1060 35 909 71
1060 36 913 70
1060 37 798 21
1060 38 787 23
1060 39 777 22
1070 16 1691 806
1070 27 451 94
1070 34 1651 678
1070 35 901 70
1070 36 904 69
1070 37 799 21
1070 38 789 23
1070 39 779 23
1080 16 1693 806
1080 27 459 94
1080 34 1657 678
1080 35 892 70
1080 36 895 69
1080 37 801 22
1080 38 791 24
1080 39 781 23
1090 16 1695 806
1090 27 470 94
1090 34 1648 693
1090 35 883 70
1090 36 886 69
1090 37 803 22
1090 38 793 24
1090 39 783 24
1100 16 1701 809
1100 27 481 92
1100 34 1634 711
1100 35 877 70
1100 36 877 68
1100 37 805 23
1100 38 795 25
1100 39 785 24
1110 16 1711 815
1110 27 489 89
1110 34 1625 719
1110 35 871 71
1110 36 868 68
1110 37 808 23
1110 38 797 25
1110 39 787 25
1120 16 1717 824
1120 27 499 89
1120 34 1619 722
1120 35 865 72
1120 36 859 67
1120 37 812 24
1120 38 799 26
1120 39 788 25
1130 16 1715 826
1130 27 507 89
1130 34 1617 731
1130 35 854 71
1130 36 850 67
1130 37 815 24
1130 38 801 27
1130 39 791 26
1140 16 1716 826
1140 27 515 89
1140 34 1616 742
1140 35 844 71
1140 36 842 67
1140 37 819 25
1140 38 804 27
1140 39 794 26
1150 16 1714 825
1150 27 526 86
1150 34 1611 751
1150 35 834 70
1150 36 833 66
1150 37 822 26
1150 38 807 27
1150 39 797 26
1160 16 1714 825
1160 27 531 86
1160 34 1610 762
1160 35 824 70
1160 36 824 66
1160 37 825 26
1160 38 810 27
1160 39 800 26
1170 16 1710 825
1170 27 542 86
1170 34 1609 773
1170 35 815 67
1170 36 815 66
1170 37 828 27
1170 38 813 27
1170 39 802 27
1180 16 1707 825
1180 27 553 84
1180 34 1609 780
1180 35 806 65
1180 36 806 65
1180 37 832 27
1180 38 817 27
1180 39 805 27
1190 16 1709 830
1190 27 561 84
1190 34 1607 778
1190 35 798 64
1190 36 797 65
1190 37 835 28
1190 38 820 28
1190 39 808 27
1200 16 1713 838
1200 27 571 84
1200 34 1607 772
1200 35 789 64
1200 36 788 65
1200 37 839 28
1200 38 823 28
1200 39 811 28
1210 16 1714 833
1210 27 578 81
1210 34 1601 770
1210 35 780 63
1210 36 779 64
1210 37 842 29
1210 38 826 29
1210 39 815 29
1220 16 1717 830
1220 27 586 81
1220 34 1601 762
1220 35 771 63
1220 36 770 64
1220 37 846 29
1220 38 830 30
1220 39 819 30
1230 16 1718 826
1230 27 594 78
1230 34 1606 762
1230 35 762 62
1230 36 761 63
1230 37 849 30
1230 38 833 30
1230 39 822 31
1240 16 1722 824
1240 27 603 78
1240 34 1610 762
1240 35 753 62
1240 36 752 63
1240 37 852 30
1240 38 836 31
1240 39 825 31
1250 16 1723 829
1250 27 609 78
1250 34 1610 762
1250 35 744 61
1250 36 743 63
1250 37 855 31
1250 38 840 31
1250 39 829 32
1260 16 1717 840
1260 27 617 78
1260 34 1599 762
1260 35 735 61
1260 36 734 62
1260 37 859 32
1260 38 843 32
1260 39 832 33
1270 16 1708 853
1270 27 625 78
1270 34 1594 762
1270 35 726 60
1270 36 725 62
1270 37 862 32
1270 38 846 33
1270 39 835 34
1280 16 1694 862
1280 27 630 78
1280 34 1591 758
1280 35 717 60
1280 36 716 62
1280 37 866 33
1280 38 850 34
1280 39 838 34
1290 16 1679 870
1290 27 638 78
1290 34 1591 755
1290 35 708 60
1290 36 708 61
1290 37 869 33
1290 38 853 34
1290 39 841 35
1300 16 1650 870
1300 27 646 78
1300 34 1590 754
1300 35 699 59
1300 36 699 61
1300 37 873 34
1300 38 857 35
1300 39 845 35
1310 16 1641 876
1310 27 651 76
1310 34 1590 754
1310 35 690 59
1310 36 690 61
1310 37 876 34
1310 38 860 36
1310 39 848 36
1320 16 1621 881
1320 27 659 76
1320 34 1590 754
1320 35 681 58
1320 36 681 60
1320 37 879 35
1320 38 863 36
1320 39 851 36
1330 16 1613 886
1330 27 667 73
1330 34 1590 753
1330 35 672 58
1330 36 672 60
1330 37 883 35
1330 38 867 37
1330 39 854 37
1340 16 1586 886
1340 27 673 73
1340 34 1590 753
1340 35 663 57
1340 36 663 59
1340 37 888 37
1340 38 870 37
1340 39 858 38
1350 16 1573 878
1350 27 681 70
1350 34 1590 753
1350 35 655 57
1350 36 654 59
1350 37 891 38
1350 38 874 38
1350 39 861 39
1360 16 1548 881
1360 27 689 70
1360 34 1590 753
1360 35 647 57
1360 36 645 59
1360 37 895 39
1360 38 877 39
1360 39 864 39
1370 16 1542 881
1370 27 695 69
1370 34 1588 751
1370 35 638 57
1370 36 636 58
1370 37 898 39
1370 38 880 39
1370 39 867 40
1380 16 1523 881
1380 27 701 68
1380 34 1588 750
1380 35 630 57
1380 36 626 58
1380 37 901 40
1380 38 884 40
1380 39 870 41
1390 16 1511 875
1390 27 708 67
1390 34 1588 749
1390 35 622 57
1390 36 617 58
1390 37 904 41
1390 38 887 41
1390 39 874 41
1400 16 1494 877
1400 27 714 66
1400 34 1586 747
1400 35 613 57
1400 36 607 58
1400 37 907 42
1400 38 890 41
1400 39 877 42
1410 16 1477 882
1410 27 720 65
1410 34 1586 746
1410 35 604 57
1410 36 597 58
1410 37 910 42
1410 38 894 42
1410 39 880 42
1420 16 1446 890
1420 27 726 65
1420 34 1586 745
1420 35 594 57
1420 36 588 57
1420 37 914 43
1420 38 897 43
1420 39 883 43
1430 16 1431 896
1430 27 732 64
1430 34 1586 746
1430 35 585 57
1430 36 578 57
1430 37 917 44
1430 38 900 44
1430 39 887 44
1440 16 1403 903
1440 27 739 63
1440 34 1586 732
1440 35 575 57
1440 36 569 57
1440 37 920 45
1440 38 904 44
1440 39 890 44
1450 16 1378 909
1450 27 744 62
1450 34 1593 721
1450 35 566 57
1450 36 559 57
1450 37 924 46
1450 38 907 45
1450 39 893 45
1460 16 1355 917
1460 27 751 61
1460 34 1609 710
1460 35 557 57
1460 36 550 56
1460 37 927 46
1460 38 911 45
1460 39 896 46
1470 16 1320 934
1470 27 756 60
1470 34 1618 699
1470 35 547 57
1470 36 540 56
1470 37 931 47
1470 38 914 46
1470 39 900 47
1480 16 1287 943
1480 27 761 60
1480 34 1628 691
1480 35 538 57
1480 36 530 56
1480 37 934 48
1480 38 917 47
1480 39 903 48
1490 16 1255 954
1490 27 765 59
1490 34 1639 683
1490 35 528 57
1490 36 521 56
1490 37 938 49
1490 38 921 47
1490 39 907 49
1500 16 1226 967
1500 27 770 59
1500 34 1650 678
1500 35 518 57
1500 36 511 56
1500 37 941 50
1500 38 924 48
1500 39 911 50
1510 16 1194 976
1510 27 775 58
1510 34 1657 669
1510 35 508 57
1510 36 502 55
1510 37 945 50
1510 38 927 49
1510 39 914 51
1520 16 1163 985
1520 27 780 58
1520 34 1665 661
1520 35 498 57
1520 36 492 55
1520 37 948 51
1520 38 931 50
1520 39 918 52
1530 16 1137 993
1530 27 784 57
1530 34 1671 653
1530 35 488 57
1530 36 482 55
1530 37 952 52
1530 38 934 50
1530 39 922 53
1540 16 1102 998
1540 27 789 57
1540 34 1679 645
1540 35 478 57
1540 36 473 55
1540 37 955 52
1540 38 937 51
1540 39 925 54
1550 16 1065 1003
1550 27 794 56
1550 34 1685 638
1550 35 468 57
1550 36 463 55
1550 37 956 53
1550 38 941 51
1550 39 929 55
1560 16 1027 1009
1560 27 799 56
1560 34 1690 631
1560 35 458 55
1560 36 454 54
1560 37 955 53
1560 38 944 52
1560 39 933 56
1570 16 988 1013
1570 27 805 55
1570 34 1701 619
1570 35 449 54
1570 36 444 54
1570 37 954 53
1570 38 948 53
1570 39 936 57
1580 16 942 1014
1580 27 811 55
1580 34 1703 615
1580 35 440 53
1580 36 434 54
1580 37 950 52
1580 38 953 54
1580 39 940 58
1590 16 898 1017
1590 27 816 54
1590 35 431 52
1590 36 424 54
1590 37 944 52
1590 38 958 55
1590 39 944 59
1600 16 853 1018
1600 27 819 54
1600 35 422 51
1600 36 414 54
1600 37 938 52
1600 38 962 56
1600 39 948 59
1610 16 810 1019
1610 27 823 53
1610 35 412 51
1610 36 404 53
1610 37 932 52
1610 38 967 57
1610 39 952 59
1620 16 769 1021
1620 27 826 53
1620 35 403 51
1620 36 395 53
1620 37 926 52
1620 38 972 58
1620 39 956 59
1630 16 730 1023
1630 27 829 52
1630 35 393 50
1630 36 386 53
1630 37 921 51
1630 38 977 59
1630 39 960 59
1640 16 689 1025
1640 27 833 52
1640 35 384 51
1640 36 377 53
1640 37 915 51
1640 38 982 60
1640 39 964 59
1650 16 645 1026
1650 27 836 51
1650 35 375 51
1650 36 368 53
1650 37 909 51
1650 38 987 61
1650 39 969 60
1660 16 602 1026
1660 27 839 50
1660 35 367 51
1660 36 359 53
1660 37 904 52
1660 38 991 62
1660 39 974 61
1670 16 557 1029
1670 27 843 50
1670 35 358 51
1670 36 350 53
1670 37 903 54
1670 38 996 63
1670 39 980 62
1680 16 517 1033
1680 27 846 49
1680 35 351 51
1680 36 341 53
1680 37 906 53
1680 38 1001 64
1680 39 985 63
1690 16 474 1037
1690 27 850 48
1690 35 344 51
1690 36 332 53
1690 37 908 53
1690 38 1006 65
1690 39 990 65
1700 16 431 1039
1700 27 853 48
1700 35 337 51
1700 36 323 53
1700 37 910 53
1700 38 1011 65
1700 39 996 66
1710 16 394 1045
1710 27 857 47
1710 35 333 51
1710 36 314 53
1710 37 913 53
1710 38 1016 66
1710 39 1001 67
1720 16 359 1051
1720 27 860 46
1720 35 330 51
1720 36 313 52
1720 37 916 53
1720 38 1021 67
1720 39 1006 68
1730 16 325 1058
1730 27 864 46
1730 35 327 50
1730 36 313 52
1730 37 923 53
1730 38 1026 69
1730 39 1011 69
1740 16 298 1063
1740 27 867 45
1740 35 327 50
1740 36 313 52
1740 37 929 53
1740 38 1032 70
1740 39 1017 70
1750 27 870 45
1750 35 327 50
1750 36 313 51
1750 37 935 53
1750 38 1037 71
1750 39 1022 72
1760 27 874 44
1760 35 327 50
1760 36 313 51
1760 37 941 54
1760 38 1042 72
1760 39 1029 72
1770 27 877 43
1770 35 327 50
1770 36 313 51
1770 37 947 55
1770 38 1048 73
1770 39 1035 73
1780 27 880 43
1780 35 326 50
1780 36 313 51
1780 37 954 56
1780 38 1055 75
1780 39 1042 74
1790 27 884 42
1790 35 326 50
1790 36 313 51
1790 37 961 57
1790 38 1061 76
1790 39 1048 75
1800 27 887 42
1800 35 326 50
1800 36 313 51
1800 37 967 58
1800 38 1067 77
1800 39 1055 76
1810 27 891 41
1810 35 326 50
1810 36 313 51
1810 37 974 59
1810 38 1073 78
1810 39 1061 77
1820 27 894 40
1820 35 325 50
1820 36 314 50
1820 37 981 60
1820 38 1080 80
1820 39 1068 78
1830 27 898 39
1830 35 325 50
1830 36 314 50
1830 37 987 60
1830 38 1087 80
1830 39 1074 79
1840 27 901 39
1840 35 325 50
1840 36 314 50
1840 37 994 61
1840 38 1094 80
1840 39 1083 79
1850 27 903 39
1850 35 325 50
1850 36 314 50
1850 37 1001 62
1850 38 1101 81
1850 39 1091 80
1860 27 907 39
1860 35 325 50
1860 36 314 50
1860 37 1008 63
1860 38 1109 81
1860 39 1100 81
1870 27 911 38
1870 35 325 50
1870 36 314 50
1870 37 1014 64
1870 38 1116 82
1870 39 1108 82
1880 27 916 38
1880 35 325 50
1880 36 315 50
1880 37 1021 66
1880 38 1123 82
1880 39 1117 83
1890 27 920 37
1890 35 325 50
1890 36 315 51
1890 37 1027 67
1890 38 1130 83
1890 39 1125 84
1890 40 765 15
1900 27 924 37
1900 35 325 50
1900 36 314 52
1900 37 1033 69
1900 38 1138 83
1900 39 1134 84
1900 40 765 15
1910 27 928 36
1910 35 324 50
1910 36 313 52
1910 37 1039 70
1910 38 1145 84
1910 39 1142 85
1910 40 765 15
1920 27 932 36
1920 35 324 50
1920 36 312 52
1920 37 1046 72
1920 38 1152 84
1920 39 1151 86
1920 40 765 15
1930 27 936 35
1930 35 324 50
1930 36 311 52
1930 37 1052 72
1930 38 1159 85
1930 39 1159 87
1930 40 766 15
1940 27 941 34
1940 35 324 50
1940 36 311 53
1940 37 1058 73
1940 38 1167 85
1940 39 1168 88
1940 40 766 16
1950 27 945 34
1950 35 323 50
1950 36 312 53
1950 37 1065 74
1950 38 1174 86
1950 39 1176 89
1950 40 766 16
1960 27 949 33
1960 35 323 50
1960 36 312 53
1960 37 1071 75
1960 38 1181 86
1960 39 1185 89
1960 40 767 17
1970 27 954 33
1970 35 323 49
1970 36 313 53
1970 37 1078 76
1970 38 1187 86
1970 39 1192 89
1970 40 769 17
1980 27 958 33
1980 35 323 49
1980 36 314 53
1980 37 1087 77
1980 38 1192 85
1980 39 1200 88
1980 40 771 17
1990 27 963 32
1990 35 323 49
1990 36 314 53
1990 37 1096 78
1990 38 1197 84
1990 39 1207 87
1990 40 773 18
2000 27 968 32
2000 35 322 49
2000 36 315 52
2000 37 1105 80
2000 38 1203 83
2000 39 1214 86
2000 40 775 18
2010 27 973 32
2010 35 322 49
2010 36 315 52
2010 37 1114 81
2010 38 1208 82
2010 39 1221 85
2010 40 777 19
2020 27 977 31
2020 35 322 49
2020 36 315 52
2020 37 1123 82
2020 38 1213 81
2020 39 1229 85
2020 40 779 19
2030 27 982 31
2030 35 322 49
2030 36 315 52
2030 37 1132 84
2030 38 1219 80
2030 39 1236 84
2030 40 781 20
2040 27 987 30
2040 35 322 49
2040 36 314 51
2040 37 1141 85
2040 38 1224 79
2040 39 1242 82
2040 40 783 20
2050 27 991 30
2050 35 322 49
2050 36 313 51
2050 37 1152 86
2050 38 1230 79
2050 39 1248 81
2050 40 785 21
2060 27 996 30
2060 35 322 49
2060 36 312 51
2060 37 1164 87
2060 38 1236 78
2060 39 1254 79
2060 40 787 22
2070 27 1001 29
2070 35 322 49
2070 36 311 51
2070 37 1176 87
2070 38 1241 78
2070 39 1260 78
2070 40 791 22
2080 27 1005 29
2080 35 322 48
2080 36 310 51
2080 37 1187 86
2080 38 1247 77
2080 39 1266 77
2080 40 795 22
2090 27 1010 29
2090 35 322 48
2090 36 309 50
2090 37 1198 86
2090 38 1253 77
2090 39 1273 77
2090 40 798 22
2100 27 1014 28
2100 35 322 48
2100 36 309 50
2100 37 1206 85
2100 38 1259 76
2100 39 1279 76
2100 40 802 23
2110 27 1019 28
2110 35 322 48
2110 36 309 50
2110 37 1214 84
2110 38 1265 75
2110 39 1285 75
2110 40 806 23
2120 27 1024 28
2120 35 322 48
2120 36 309 50
2120 37 1222 83
2120 38 1271 75
2120 39 1290 74
2120 40 809 24
2130 27 1028 28
2130 36 309 50
2130 37 1231 83
2130 38 1277 74
2130 39 1295 73
2130 40 813 25
2140 27 1033 27
2140 36 309 50
2140 37 1239 82
2140 38 1283 74
2140 39 1299 72
2140 40 817 25
2150 27 1037 27
2150 36 310 50
2150 37 1247 81
2150 38 1288 73
2150 39 1304 71
2150 40 820 26
2160 27 1042 27
2160 37 1255 80
2160 38 1293 72
2160 39 1309 70
2160 40 824 26
2170 27 1047 26
2170 37 1262 79
2170 38 1299 71
2170 39 1315 70
2170 40 828 27
2180 27 1052 24
2180 37 1270 77
2180 38 1304 70
2180 39 1320 69
2180 40 832 28
2190 27 1057 23
2190 37 1277 76
2190 38 1310 69
2190 39 1326 69
2190 40 835 29
2200 27 1062 21
2200 37 1285 74
2200 38 1315 68
2200 39 1332 68
2200 40 839 29
2210 27 1067 19
2210 37 1292 73
2210 38 1321 67
2210 39 1337 68
2210 40 843 30
2220 27 1072 18
2220 37 1300 72
2220 38 1326 66
2220 39 1343 67
2220 40 847 31
2230 27 1077 18
2230 37 1307 71
2230 38 1331 65
2230 39 1348 67
2230 40 850 32
2240 27 1081 17
2240 37 1313 70
2240 38 1336 65
2240 40 854 32
2250 27 1086 17
2250 37 1320 69
2250 38 1340 64
2250 40 858 33
2260 37 1326 68
2260 38 1344 64
2260 40 862 33
2270 3 192 1060
2270 37 1333 68
2270 38 1349 63
2270 40 865 34
2280 3 258 1053
2280 37 1338 67
2280 40 869 35
2290 3 324 1046
2290 37 1344 67
2290 40 873 36
2300 3 389 1041
2300 40 877 36
2310 3 457 1035
2310 40 880 37
2320 3 510 1022
2320 40 884 38
2330 3 566 1009
2330 40 888 39
2340 3 625 1001
2340 40 892 40
2350 3 686 993
2350 40 894 40
2360 3 747 985
2360 40 897 41
2370 3 805 966
2370 40 900 41
2380 3 862 949
2380 40 904 42
2390 3 919 931
2390 40 909 43
2400 3 971 917
2400 40 913 44
2410 3 1010 897
2410 40 918 45
2420 3 1051 878
2420 40 923 45
2430 3 1092 859
2430 40 927 46
2440 3 1133 841
2440 40 930 46
2450 3 1173 825
2450 40 933 47
2460 3 1209 806
2460 40 935 47
2470 3 1246 790
2470 40 938 48
2480 3 1277 774
2480 40 941 49
2490 3 1305 762
2490 40 942 49
2500 3 1332 749
2500 40 944 50
2510 3 1361 737
2510 40 946 51
2520 3 1382 724
2520 40 947 51
2530 3 1406 710
2530 40 949 52
2540 3 1427 697
2540 40 950 52
2550 3 1451 685
2550 40 955 54
2560 3 1467 674
2560 40 959 55
2570 3 1481 663
2570 40 964 56
2580 3 1494 654
2580 40 969 57
2590 3 1507 646
2590 40 973 58
2600 3 1518 641
2600 40 978 59
2610 3 1531 635
2610 40 982 60
2620 3 1537 635
2620 40 987 61
2630 3 1534 635
2630 40 992 63
2640 3 1531 635
2640 40 997 64
2650 3 1529 635
2650 40 1002 65
2660 3 1529 638
2660 40 1007 66
2670 0 13 127
2670 3 1529 638
2670 40 1012 67
2680 0 21 129
2680 3 1529 638
2680 40 1018 68
2690 0 31 131
2690 3 1529 638
2690 40 1023 69
2700 0 45 131
2700 3 1529 638
2700 40 1029 70
2710 0 58 132
2710 3 1527 637
2710 40 1035 71
2720 0 73 133
2720 3 1526 637
2720 40 1040 72
2730 0 86 130
2730 3 1526 638
2730 40 1046 73
2740 0 99 128
2740 3 1526 637
2740 40 1052 75
2750 0 115 125
2750 3 1526 637
2750 40 1057 76
2760 0 126 122
2760 3 1525 638
2760 40 1063 78
2770 0 137 122
2770 3 1525 638
2770 40 1070 79
2780 0 150 122
2780 3 1525 637
2780 40 1079 79
2790 0 161 120
2790 3 1525 638
2790 40 1088 80
2800 0 174 120
2800 3 1524 638
2800 40 1097 81
2810 0 185 120
2810 3 1525 640
2810 40 1106 82
2820 0 198 120
2820 3 1525 645
2820 40 1115 82
2830 0 225 117
2830 3 1526 650
2830 40 1124 83
2840 0 235 114
2840 3 1532 664
2840 40 1133 84
2850 0 246 114
2850 3 1535 677
2850 40 1142 84
2860 0 259 112
2860 3 1541 690
2860 40 1151 85
2870 0 270 112
2870 3 1544 715
2870 40 1160 86
2880 0 283 112
2880 3 1548 740
2880 40 1169 86
2890 0 291 109
2890 3 1562 765
2890 40 1178 86
2900 0 302 106
2900 3 1582 783
2900 40 1186 85
2910 0 315 104
2910 3 1621 799
2910 40 1195 84
2920 0 329 101
2920 3 1651 826
2920 40 1204 83
2930 0 342 98
2930 3 1701 826
2930 40 1211 82
2940 0 355 96
2940 3 1755 826
2940 40 1219 81
2950 0 369 96
2950 3 1781 818
2950 40 1226 80
2960 0 379 96
2960 3 1806 806
2960 40 1233 79
2970 0 393 96
2970 3 1825 792
2970 40 1241 78
2980 0 406 96
2980 3 1821 781
2980 40 1248 78
2990 0 419 96
2990 3 1832 762
2990 40 1256 77
3000 0 433 96
3000 3 1834 762
3000 40 1263 76
3010 0 441 96
3010 3 1830 759
3010 40 1269 75
3020 0 451 96
3020 3 1829 759
3020 40 1276 74
3030 0 465 93
3030 3 1828 758
3030 40 1283 73
3040 0 476 91
3040 3 1826 758
3040 40 1289 72
3050 0 488 89
3050 3 1830 758
3050 40 1296 72
3060 0 500 87
3060 3 1837 759
3060 40 1303 71
3070 0 512 85
3070 3 1841 758
3070 40 1309 70
3080 0 524 83
3080 3 1841 753
3080 40 1316 69
3090 0 536 81
3090 3 1841 748
3090 40 1322 68
3100 0 547 80
3100 3 1841 741
3100 40 1327 67
3110 0 557 79
3110 3 1841 735
3110 40 1331 65
3120 0 567 79
3120 3 1841 730
3120 40 1336 64
3130 0 578 78
3130 3 1841 727
3130 40 1341 62
3140 0 588 77
3140 3 1841 723
3140 40 1345 61
3150 0 598 75
3150 3 1838 718
3150 40 1348 61
3160 0 608 75
3160 3 1838 714
3160 40 1352 61
3170 0 619 74
3170 3 1835 710
3170 40 1355 61
3180 0 629 73
3180 3 1833 705
3180 40 1359 61
3190 0 639 72
3190 3 1832 699
3200 0 649 71
3200 3 1830 693
3210 0 660 70
3210 3 1830 689
3220 0 670 69
3220 3 1828 689
3230 0 680 68
3230 3 1825 689
3240 0 689 68
3240 3 1822 689
3250 0 697 67
3260 0 706 66
3270 0 715 66
3280 0 723 65
3290 0 732 64
3300 0 741 64
3310 0 748 63
3320 0 754 62
3330 0 761 61
3340 0 767 61
3350 0 774 60
3360 0 780 59
3370 0 787 58
3380 0 793 58
3390 0 800 57
3400 0 805 56
3410 0 809 55
3420 0 813 55
3430 0 817 54
3440 0 822 53
3450 0 826 53
3460 0 830 52
3470 0 834 52
3480 0 838 51
3490 0 842 50
3500 0 847 50
3510 0 851 49
3520 0 855 48
3530 0 859 48
3540 0 863 47
3550 0 868 47
3560 0 872 46
3570 0 876 45
3580 0 880 44
