0 68 717 615
0 69 695 606
0 70 1192 402
0 71 1183 390
10 68 726 613
10 69 703 603
10 70 1189 402
10 71 1181 390
20 68 736 611
20 69 712 600
20 70 1186 403
20 71 1180 391
30 68 743 608
30 69 721 597
30 70 1183 404
30 71 1178 391
40 68 751 605
40 69 730 595
40 70 1180 405
40 71 1177 392
50 68 759 603
50 69 739 592
50 70 1177 406
50 71 1175 393
60 68 766 600
60 69 747 589
60 70 1174 407
60 71 1174 393
70 68 774 598
70 69 756 586
70 70 1171 408
70 71 1173 394
80 68 782 595
80 69 764 584
80 70 1168 410
80 71 1171 396
90 68 790 593
90 69 773 581
90 70 1166 411
90 71 1170 397
100 68 798 590
100 69 781 579
100 70 1163 412
100 71 1168 398
110 68 806 588
110 69 790 576
110 70 1160 413
110 71 1167 399
120 68 814 585
120 69 798 574
120 70 1157 414
120 71 1164 400
130 68 822 582
130 69 807 571
130 70 1154 415
130 71 1162 400
140 68 830 579
140 69 815 569
140 70 1151 416
140 71 1160 401
150 68 838 577
150 69 821 567
150 70 1147 417
150 71 1158 402
160 68 846 574
160 69 828 564
160 70 1144 418
160 71 1155 403
170 68 854 572
170 69 835 562
170 70 1141 419
170 71 1153 404
180 68 862 569
180 69 841 560
180 70 1139 420
180 71 1151 405
190 68 869 566
190 69 848 557
190 70 1136 421
190 71 1149 405
200 68 876 564
200 69 855 555
200 70 1133 423
200 71 1147 406
210 68 883 561
210 69 862 553
210 70 1131 424
210 71 1144 407
220 68 890 559
220 69 869 551
220 70 1128 425
220 71 1142 408
230 68 896 557
230 69 876 550
230 70 1125 427
230 71 1140 409
230 72 1274 551
240 68 902 555
240 69 883 548
240 70 1123 428
240 71 1139 410
240 72 1273 553
250 68 908 553
250 69 891 546
250 70 1120 429
250 71 1137 412
250 72 1271 556
260 68 913 551
260 69 895 544
260 70 1117 430
260 71 1135 413
260 72 1269 558
270 68 919 549
270 69 900 542
270 70 1113 432
270 71 1133 414
270 72 1268 561
280 68 925 547
280 69 905 540
280 70 1109 433
280 71 1132 415
280 72 1266 563
290 68 930 545
290 69 910 538
290 70 1105 435
290 71 1129 416
290 72 1263 567
300 68 935 543
300 69 916 536
300 70 1102 436
300 71 1126 417
300 72 1260 570
310 68 940 541
310 69 921 534
310 70 1098 437
310 71 1123 418
310 72 1256 573
320 68 945 539
320 69 926 532
320 70 1094 439
320 71 1121 419
320 72 1253 576
330 68 950 537
330 69 931 530
330 70 1090 440
330 71 1119 420
330 72 1249 580
340 68 955 535
340 69 936 528
340 70 1087 441
340 71 1117 421
340 72 1246 583
340 73 1213 371
350 68 960 532
350 69 941 526
350 70 1083 442
350 71 1115 422
350 72 1243 586
350 73 1211 372
360 68 965 530
360 69 945 524
360 70 1079 445
360 71 1113 423
360 72 1239 589
360 73 1210 373
370 68 970 528
370 69 950 522
370 70 1076 446
370 71 1111 424
370 72 1236 592
370 73 1208 375
380 68 975 526
380 69 955 520
380 70 1072 448
380 71 1109 425
380 72 1232 596
380 73 1206 376
390 68 979 524
390 69 959 518
390 70 1068 449
390 71 1107 426
390 72 1228 600
390 73 1204 377
400 68 983 522
400 69 963 516
400 70 1064 450
400 71 1105 427
400 72 1224 604
400 73 1203 378
410 68 987 521
410 69 968 514
410 70 1060 451
410 71 1102 428
410 72 1221 608
410 73 1201 378
420 68 991 519
420 69 972 512
420 70 1056 453
420 71 1100 429
420 72 1217 611
420 73 1200 379
430 68 995 518
430 69 977 510
430 70 1052 455
430 71 1098 430
430 72 1213 615
430 73 1198 380
440 68 999 516
440 69 981 508
440 70 1048 456
440 71 1096 431
440 72 1209 619
440 73 1197 381
450 68 1003 514
450 69 984 506
450 70 1045 457
450 71 1093 432
450 72 1205 623
450 73 1195 382
460 68 1007 512
460 69 987 505
460 70 1041 458
460 71 1091 434
460 72 1201 627
460 73 1194 383
470 68 1011 511
470 69 991 503
470 70 1037 460
470 71 1089 435
470 72 1197 631
470 73 1192 384
480 68 1015 509
480 69 994 502
480 70 1034 462
480 71 1086 436
480 72 1193 635
480 73 1191 385
490 68 1019 507
490 69 997 500
490 70 1031 463
490 71 1084 437
490 72 1188 639
490 73 1189 386
500 68 1023 505
500 69 1001 499
500 70 1027 465
500 71 1081 438
500 72 1184 643
500 73 1188 387
510 68 1027 504
510 69 1004 497
510 70 1023 467
510 71 1079 440
510 72 1179 647
510 73 1186 387
520 68 1031 502
520 69 1008 496
520 70 1019 469
520 71 1077 441
520 72 1175 651
520 73 1185 388
530 68 1035 500
530 69 1013 494
530 70 1015 470
530 71 1074 442
530 72 1171 655
530 73 1184 389
540 68 1039 499
540 69 1018 493
540 70 1011 472
540 71 1071 443
540 72 1167 661
540 73 1182 390
550 68 1042 497
550 69 1022 491
550 70 1007 474
550 71 1068 444
550 72 1163 666
550 73 1181 391
560 68 1045 495
560 69 1026 489
560 70 1003 476
560 71 1065 445
560 72 1160 673
560 73 1179 392
570 68 1048 493
570 69 1029 487
570 70 1000 478
570 71 1062 446
570 72 1153 678
570 73 1178 393
580 68 1051 491
580 69 1032 485
580 70 996 479
580 71 1060 447
580 72 1146 683
580 73 1176 394
590 68 1055 489
590 69 1036 484
590 70 992 481
590 71 1057 448
590 72 1139 685
590 73 1174 394
600 68 1058 487
600 69 1039 482
600 70 989 483
600 71 1054 449
600 72 1134 687
600 73 1173 395
610 68 1061 485
610 69 1042 480
610 70 985 485
610 71 1051 450
610 72 1129 689
610 73 1171 396
620 68 1064 484
620 69 1046 479
620 70 982 487
620 71 1048 452
620 72 1124 691
620 73 1168 397
630 68 1067 482
630 69 1049 477
630 70 978 488
630 71 1046 454
630 72 1121 694
630 73 1166 398
640 68 1071 480
640 69 1052 475
640 70 975 490
640 71 1043 456
640 72 1117 697
640 73 1164 399
650 68 1074 478
650 69 1056 473
650 70 972 492
650 71 1041 457
650 72 1113 700
650 73 1162 400
660 68 1077 476
660 69 1059 472
660 70 968 494
660 71 1038 459
660 72 1110 703
660 73 1160 401
670 68 1080 475
670 69 1062 470
670 70 965 496
670 71 1035 460
670 72 1105 706
670 73 1157 402
680 68 1082 473
680 69 1065 469
680 70 961 498
680 71 1033 462
680 72 1099 708
680 73 1155 403
690 68 1085 472
690 69 1068 467
690 70 956 500
690 71 1029 464
690 72 1089 711
690 73 1153 404
700 68 1088 470
700 69 1071 466
700 70 951 502
700 71 1026 465
700 72 1086 715
700 73 1151 405
710 68 1090 468
710 69 1075 464
710 70 947 504
710 71 1022 467
710 73 1148 406
720 68 1093 466
720 69 1077 462
720 70 942 507
720 71 1018 468
720 73 1146 406
730 68 1096 465
730 69 1079 461
730 70 937 508
730 71 1015 470
730 73 1143 407
740 68 1098 464
740 69 1081 459
740 70 932 511
740 71 1012 472
740 73 1141 408
750 68 1101 462
750 69 1083 458
750 70 927 513
750 71 1008 473
750 73 1139 409
760 68 1104 460
760 69 1084 456
760 70 922 516
760 71 1005 475
760 73 1136 410
770 68 1106 458
770 69 1086 455
770 70 916 519
770 71 1001 476
770 73 1134 411
780 68 1109 457
780 69 1087 454
780 70 910 521
780 71 998 478
780 73 1132 412
790 68 1112 456
790 69 1091 453
790 70 904 524
790 71 994 479
790 73 1130 413
800 68 1115 455
800 69 1094 452
800 70 897 527
800 71 990 481
800 73 1128 414
810 68 1117 453
810 69 1098 451
810 70 891 529
810 71 986 482
810 73 1126 416
820 68 1120 452
820 69 1102 449
820 70 884 531
820 71 982 483
820 73 1124 417
830 68 1123 451
830 69 1105 448
830 70 877 534
830 71 978 485
830 73 1122 418
840 68 1126 450
840 69 1109 447
840 70 870 537
840 71 974 486
840 73 1120 419
850 68 1128 449
850 69 1112 446
850 70 864 539
850 71 971 487
850 73 1118 420
860 68 1131 447
860 69 1116 445
860 70 857 542
860 71 968 489
860 73 1116 421
870 68 1134 446
870 69 1119 444
870 70 851 544
870 71 965 491
870 73 1114 422
880 68 1137 445
880 69 1123 443
880 70 844 547
880 71 962 492
880 73 1112 423
890 68 1139 443
890 69 1125 441
890 70 838 549
890 71 959 494
890 73 1110 424
900 68 1141 442
900 69 1127 440
900 70 831 552
900 71 956 496
900 73 1108 425
910 68 1144 441
910 69 1129 439
910 70 824 555
910 71 953 497
910 73 1106 426
920 68 1146 440
920 69 1131 438
920 70 817 557
920 71 949 499
920 73 1102 428
930 68 1148 439
930 69 1134 436
930 70 810 559
930 71 946 501
930 73 1099 429
940 68 1150 438
940 69 1136 435
940 70 803 563
940 71 942 502
940 73 1096 431
950 68 1153 437
950 69 1138 434
950 70 796 566
950 71 939 504
950 73 1093 432
960 68 1155 436
960 69 1140 433
960 70 787 569
960 71 935 506
960 73 1090 433
970 68 1157 435
970 69 1142 432
970 70 778 572
970 71 930 508
970 73 1087 434
980 68 1159 434
980 69 1145 431
980 70 769 575
980 71 925 510
980 73 1084 436
990 68 1162 433
990 69 1147 430
990 70 760 578
990 71 921 511
990 73 1081 437
1000 68 1164 432
1000 69 1149 429
1000 70 751 581
1000 71 918 512
1000 73 1078 438
1010 68 1166 431
1010 69 1151 428
1010 70 741 584
1010 71 914 514
1010 73 1075 440
1020 68 1169 429
1020 69 1153 426
1020 70 733 588
1020 71 910 516
1020 73 1072 441
1030 68 1171 428
1030 69 1156 425
1030 70 724 592
1030 71 907 518
1030 73 1069 442
1040 68 1174 427
1040 69 1158 424
1040 70 716 596
1040 71 903 519
1040 73 1066 443
1050 68 1176 426
1050 69 1160 423
1050 70 707 600
1050 71 900 521
1050 73 1063 445
1060 68 1178 426
1060 69 1162 422
1060 70 697 604
1060 71 895 522
1060 73 1059 446
1070 68 1181 425
1070 69 1164 421
1070 70 687 608
1070 71 891 525
1070 73 1056 448
1080 68 1183 424
1080 69 1166 420
1080 70 677 612
1080 71 887 527
1080 73 1053 449
1090 68 1185 423
1090 69 1169 419
1090 70 667 616
1090 71 883 529
1090 73 1050 451
1100 68 1186 422
1100 69 1171 419
1100 70 652 620
1100 71 879 531
1100 73 1046 452
1110 68 1188 421
1110 69 1173 418
1110 70 641 623
1110 71 875 534
1110 73 1043 454
1120 68 1190 421
1120 69 1175 417
1120 70 631 627
1120 71 871 536
1120 73 1040 455
1130 68 1192 420
1130 69 1177 416
1130 70 616 631
1130 71 867 538
1130 73 1036 457
1140 68 1193 419
1140 69 1180 415
1140 70 601 636
1140 71 864 540
1140 73 1033 458
1150 69 1183 413
1150 70 587 641
1150 71 860 542
1150 73 1029 460
1160 69 1186 412
1160 70 573 646
1160 71 856 544
1160 73 1026 462
1170 69 1188 411
1170 70 558 650
1170 71 852 547
1170 73 1023 463
1180 69 1190 409
1180 70 543 655
1180 71 847 549
1180 73 1019 465
1190 69 1192 408
1190 70 529 660
1190 71 841 551
1190 73 1016 466
1200 69 1194 407
1200 70 513 664
1200 71 836 553
1200 73 1012 468
1210 69 1197 404
1210 70 494 667
1210 71 831 555
1210 73 1008 470
1220 69 1200 400
1220 70 475 670
1220 71 825 557
1220 73 1004 472
1230 69 1202 396
1230 70 457 674
1230 71 820 559
1230 73 1000 473
1230 76 733 359
1240 69 1202 394
1240 70 438 677
1240 71 815 562
1240 73 996 475
1240 76 734 359
1250 69 1203 393
1250 70 418 679
1250 71 810 564
1250 73 992 477
1250 76 735 359
1260 70 403 681
1260 71 805 567
1260 73 988 478
1260 76 731 357
1270 70 389 682
1270 71 799 570
1270 73 984 479
1270 76 727 355
1280 70 372 684
1280 71 794 573
1280 73 980 481
1280 74 1269 612
1280 76 722 354
1290 70 355 687
1290 71 789 576
1290 73 976 483
1290 74 1256 611
1290 76 717 353
1300 70 337 689
1300 71 783 578
1300 73 972 485
1300 74 1238 609
1300 76 711 352
1310 70 320 691
1310 71 776 581
1310 73 968 486
1310 74 1224 610
1310 76 706 351
1320 70 303 695
1320 71 769 584
1320 73 964 488
1320 74 1215 612
1320 76 699 350
1330 70 287 698
1330 71 761 587
1330 73 960 489
1330 74 1205 614
1330 76 695 350
1340 70 270 701
1340 71 753 590
1340 73 957 491
1340 74 1198 616
1340 76 692 351
1350 70 253 705
1350 71 746 593
1350 73 953 492
1350 74 1194 620
1350 76 690 351
1360 70 234 709
1360 71 737 596
1360 73 949 494
1360 74 1190 623
1360 76 690 352
1370 70 190 710
1370 71 723 600
1370 73 944 500
1370 74 1183 628
1370 76 690 352
1380 71 714 603
1380 73 940 502
1380 74 1180 633
1380 75 1212 371
1380 76 691 352
1390 71 705 606
1390 73 936 504
1390 74 1177 638
1390 75 1211 372
1390 76 692 352
1400 71 697 609
1400 73 932 506
1400 74 1174 643
1400 75 1210 373
1400 76 692 352
1410 71 688 612
1410 73 927 508
1410 74 1171 648
1410 75 1208 374
1410 76 692 352
1420 71 679 615
1420 73 923 510
1420 74 1167 652
1420 75 1207 375
1420 76 692 352
1430 71 671 619
1430 73 919 511
1430 74 1164 658
1430 75 1205 376
1430 76 692 352
1440 71 664 622
1440 73 914 513
1440 74 1161 662
1440 75 1203 376
1440 76 692 352
1450 71 655 625
1450 73 908 515
1450 74 1158 667
1450 75 1201 377
1450 76 692 352
1460 71 647 628
1460 73 903 517
1460 74 1153 672
1460 75 1199 378
1460 76 692 352
1470 71 639 631
1470 73 898 519
1470 74 1149 677
1470 75 1197 379
1470 76 692 352
1480 71 626 638
1480 73 891 521
1480 74 1139 684
1480 75 1195 380
1480 76 692 352
1490 71 615 642
1490 73 884 523
1490 74 1132 686
1490 75 1193 380
1490 76 692 352
1500 71 604 646
1500 73 878 525
1500 74 1125 689
1500 75 1191 381
1500 76 692 353
1510 71 593 650
1510 73 871 527
1510 74 1118 691
1510 75 1189 382
1510 76 690 353
1520 71 582 655
1520 73 865 529
1520 74 1110 694
1520 75 1187 383
1520 76 689 353
1530 71 571 658
1530 73 858 531
1530 74 1106 696
1530 75 1186 384
1530 76 689 353
1540 71 561 663
1540 73 853 533
1540 74 1102 699
1540 75 1184 385
1540 76 689 353
1550 71 549 667
1550 73 847 535
1550 74 1099 702
1550 75 1182 386
1550 76 690 353
1560 71 537 672
1560 73 841 538
1560 74 1096 705
1560 75 1180 387
1560 76 690 353
1570 71 525 676
1570 73 835 541
1570 74 1093 708
1570 75 1179 388
1570 76 690 353
1580 71 513 679
1580 73 829 543
1580 74 1089 709
1580 75 1177 389
1580 76 690 353
1590 71 500 681
1590 73 823 546
1590 74 1085 712
1590 75 1174 390
1590 76 690 353
1600 71 487 682
1600 73 817 548
1600 75 1172 391
1600 76 690 352
1610 71 473 683
1610 73 811 551
1610 75 1169 392
1610 76 690 352
1620 71 460 684
1620 73 806 554
1620 75 1168 393
1620 76 690 352
1630 71 446 686
1630 73 800 556
1630 75 1166 394
1630 76 690 352
1640 71 431 687
1640 73 794 559
1640 75 1164 395
1640 76 689 352
1650 71 416 689
1650 73 788 562
1650 75 1162 396
1650 76 689 352
1660 71 399 691
1660 73 781 565
1660 75 1160 397
1660 76 689 352
1670 71 383 692
1670 73 774 568
1670 75 1159 398
1670 76 689 352
1680 71 367 694
1680 73 767 572
1680 75 1157 399
1680 76 689 352
1690 71 350 696
1690 73 760 575
1690 75 1155 400
1690 76 689 352
1700 71 334 698
1700 73 753 578
1700 75 1153 401
1700 76 689 352
1710 71 316 700
1710 73 746 581
1710 75 1151 402
1710 76 688 352
1720 71 296 702
1720 73 738 584
1720 75 1149 403
1720 76 688 352
1730 71 277 703
1730 73 730 587
1730 75 1148 404
1730 76 687 352
1740 71 259 705
1740 73 723 589
1740 75 1146 405
1740 76 687 352
1750 71 231 707
1750 73 712 593
1750 75 1144 406
1750 76 686 352
1760 71 211 708
1760 73 703 597
1760 75 1142 408
1760 76 686 352
1760 77 1249 321
1770 71 190 709
1770 73 694 602
1770 75 1139 409
1770 76 684 353
1770 77 1245 321
1780 71 171 711
1780 73 685 605
1780 75 1137 410
1780 76 682 353
1780 77 1242 321
1790 73 676 609
1790 75 1135 412
1790 76 680 353
1790 77 1238 321
1800 73 667 612
1800 75 1133 413
1800 76 679 353
1800 77 1234 321
1810 73 658 615
1810 75 1130 414
1810 76 680 353
1810 77 1229 321
1820 73 649 619
1820 75 1128 415
1820 76 681 354
1820 77 1225 321
1830 73 640 623
1830 75 1125 416
1830 76 683 355
1830 77 1221 321
1840 73 630 627
1840 75 1123 417
1840 76 686 355
1840 77 1217 321
1850 73 620 631
1850 75 1120 418
1850 76 692 357
1850 77 1212 321
1860 73 600 637
1860 75 1117 420
1860 76 700 360
1860 77 1203 321
1870 73 587 643
1870 75 1115 421
1870 76 707 362
1870 77 1198 321
1880 73 574 648
1880 75 1112 422
1880 76 713 366
1880 77 1193 321
1890 73 562 652
1890 75 1109 423
1890 76 718 369
1890 77 1189 321
1900 73 549 656
1900 75 1106 424
1900 76 725 370
1900 77 1185 321
1910 73 537 660
1910 75 1103 426
1910 76 731 371
1910 77 1180 321
1920 73 523 664
1920 75 1100 427
1920 76 738 372
1920 77 1175 321
1930 73 509 668
1930 75 1097 428
1930 76 744 373
1930 77 1170 321
1940 73 494 671
1940 75 1094 429
1940 76 750 374
1940 77 1166 321
1950 73 479 674
1950 75 1091 431
1950 76 756 375
1950 77 1161 321
1960 73 464 678
1960 75 1088 432
1960 76 762 375
1960 77 1157 321
1970 73 449 681
1970 75 1086 433
1970 76 769 376
1970 77 1153 321
1980 73 436 683
1980 75 1083 435
1980 76 774 380
1980 77 1148 321
1990 73 423 684
1990 75 1080 436
1990 76 780 384
1990 77 1144 321
2000 73 410 686
2000 75 1077 439
2000 76 786 388
2000 77 1140 321
2010 73 397 688
2010 75 1072 439
2010 76 790 392
2010 77 1136 321
2020 73 383 690
2020 75 1069 440
2020 76 793 393
2020 77 1132 321
2030 73 370 692
2030 75 1066 441
2030 76 797 394
2030 77 1129 321
2040 73 356 694
2040 75 1063 443
2040 76 800 395
2040 77 1125 322
2050 73 342 696
2050 75 1060 444
2050 76 804 397
2050 77 1121 322
2060 73 328 699
2060 75 1056 445
2060 76 803 398
2060 77 1118 322
2070 73 312 701
2070 75 1053 447
2070 76 803 400
2070 77 1114 322
2080 73 294 703
2080 75 1050 449
2080 76 803 401
2080 77 1110 322
2090 73 277 705
2090 75 1047 450
2090 76 802 403
2090 77 1106 322
2100 73 256 707
2100 75 1044 451
2100 76 802 405
2100 77 1103 322
2110 73 233 708
2110 75 1041 451
2110 76 802 406
2110 77 1099 322
2120 73 210 709
2120 75 1038 453
2120 76 802 408
2120 77 1095 322
2130 73 186 710
2130 75 1034 455
2130 76 801 410
2130 77 1091 323
2140 75 1031 457
2140 76 800 411
2140 77 1087 323
2150 75 1025 460
2150 76 798 412
2150 77 1079 323
2160 75 1021 462
2160 76 797 414
2160 77 1074 323
2170 75 1018 463
2170 76 796 415
2170 77 1069 323
2180 75 1014 465
2180 76 794 416
2180 77 1065 323
2190 75 1010 467
2190 76 793 417
2190 77 1060 323
2200 75 1006 469
2200 76 790 419
2200 77 1056 323
2210 75 1002 471
2210 76 788 421
2210 77 1052 323
2220 75 999 473
2220 76 786 423
2220 77 1047 323
2230 75 995 475
2230 76 783 424
2230 77 1042 323
2240 75 991 477
2240 76 781 426
2240 77 1037 323
2250 75 988 479
2250 76 778 428
2250 77 1031 323
2260 75 984 481
2260 76 777 429
2260 77 1026 323
2270 75 979 482
2270 76 775 431
2270 77 1020 323
2280 75 973 484
2280 76 774 432
2280 77 1015 323
2290 75 968 485
2290 76 772 434
2290 77 1009 323
2290 78 1273 525
2300 75 963 487
2300 76 771 435
2300 77 1004 323
2300 78 1270 525
2310 75 958 489
2310 76 769 436
2310 77 998 323
2310 78 1270 526
2320 75 953 491
2320 76 767 438
2320 77 993 323
2320 78 1268 528
2330 75 948 493
2330 76 764 439
2330 77 989 323
2330 78 1264 530
2340 75 943 495
2340 76 762 441
2340 77 984 323
2340 78 1260 533
2350 75 938 496
2350 76 760 442
2350 77 980 323
2350 78 1256 535
2360 75 933 499
2360 76 757 443
2360 77 975 323
2360 78 1252 538
2370 75 930 501
2370 76 755 444
2370 77 971 323
2370 78 1247 540
2380 75 926 503
2380 76 752 446
2380 77 966 323
2380 78 1244 542
2380 83 196 710
2390 75 920 505
2390 76 749 446
2390 77 961 323
2390 78 1242 545
2390 83 221 708
2400 75 914 507
2400 76 747 448
2400 77 957 323
2400 78 1240 548
2400 83 247 706
2410 75 909 509
2410 76 744 449
2410 77 952 323
2410 78 1237 551
2410 83 271 702
2420 75 903 511
2420 76 739 451
2420 77 946 324
2420 78 1235 554
2420 83 295 698
2430 75 897 513
2430 76 735 453
2430 77 940 324
2430 78 1232 556
2430 83 319 695
2440 75 892 515
2440 76 731 455
2440 77 934 324
2440 78 1230 559
2440 83 340 692
2450 75 887 517
2450 76 727 457
2450 77 927 324
2450 78 1227 562
2450 83 361 689
2460 75 882 520
2460 76 722 459
2460 77 921 324
2460 78 1225 566
2460 83 382 686
2470 75 877 522
2470 76 718 461
2470 77 915 324
2470 78 1222 569
2470 83 403 684
2480 75 871 525
2480 76 714 463
2480 77 909 324
2480 78 1220 572
2480 83 418 680
2490 75 866 527
2490 76 709 465
2490 77 903 324
2490 78 1217 576
2490 83 436 677
2500 75 860 530
2500 76 704 467
2500 77 898 324
2500 78 1214 579
2500 83 454 674
2510 75 854 532
2510 76 699 468
2510 77 893 324
2510 78 1212 582
2510 83 471 670
2520 75 848 534
2520 76 694 470
2520 77 887 324
2520 78 1209 586
2520 83 487 665
2530 75 841 537
2530 76 689 472
2530 77 881 324
2530 78 1206 589
2530 83 503 661
2540 75 835 539
2540 76 683 474
2540 77 875 324
2540 78 1204 592
2540 83 520 657
2550 75 829 542
2550 76 676 476
2550 77 870 324
2550 78 1202 596
2550 79 1268 510
2550 83 536 652
2560 75 823 544
2560 76 670 479
2560 77 864 324
2560 78 1195 600
2560 79 1267 513
2560 83 551 648
2570 75 817 547
2570 76 663 481
2570 77 858 324
2570 78 1190 603
2570 79 1266 516
2570 83 566 643
2580 75 811 549
2580 76 657 483
2580 77 851 323
2580 78 1185 605
2580 79 1265 518
2580 83 580 638
2590 75 804 552
2590 76 650 485
2590 77 845 323
2590 78 1181 609
2590 79 1262 520
2590 83 594 634
2600 75 798 554
2600 76 642 486
2600 77 838 323
2600 78 1176 613
2600 79 1261 522
2600 83 609 629
2610 75 791 557
2610 76 635 488
2610 77 832 323
2610 78 1172 616
2610 79 1258 525
2610 83 623 624
2620 75 784 559
2620 76 627 490
2620 77 826 323
2620 78 1167 620
2620 79 1256 527
2620 83 638 619
2630 75 777 562
2630 76 619 491
2630 77 819 322
2630 78 1163 624
2630 79 1254 529
2630 80 1273 553
2630 83 651 615
2640 75 771 565
2640 76 611 493
2640 77 813 322
2640 78 1160 628
2640 79 1252 531
2640 80 1271 555
2640 83 663 612
2650 75 764 568
2650 76 600 494
2650 77 806 322
2650 78 1156 633
2650 79 1250 533
2650 80 1270 556
2650 83 675 609
2660 75 757 570
2660 76 592 496
2660 77 800 322
2660 78 1153 637
2660 79 1247 536
2660 80 1269 559
2660 83 687 606
2670 75 751 572
2670 76 586 498
2670 77 793 322
2670 78 1149 641
2670 79 1245 538
2670 80 1268 562
2670 83 698 603
2680 75 746 574
2680 76 579 500
2680 77 786 322
2680 78 1146 645
2680 79 1243 540
2680 80 1266 564
2680 83 708 600
2690 75 740 576
2690 76 570 502
2690 77 780 321
2690 78 1143 649
2690 79 1241 542
2690 80 1264 567
2690 81 1273 513
2690 83 718 597
2700 75 735 577
2700 76 561 503
2700 77 774 321
2700 78 1140 654
2700 79 1239 545
2700 80 1262 570
2700 81 1272 516
2700 82 1210 372
2700 83 726 595
2710 75 727 579
2710 76 552 505
2710 77 768 321
2710 78 1137 659
2710 79 1237 547
2710 80 1260 573
2710 81 1271 518
2710 82 1208 375
2710 83 731 593
2720 75 722 580
2720 76 543 507
2720 77 762 321
2720 78 1133 664
2720 79 1235 549
2720 80 1257 576
2720 81 1270 520
2720 82 1207 377
2720 83 737 591
2730 75 718 582
2730 76 533 509
2730 77 755 321
2730 78 1130 670
2730 79 1233 551
2730 80 1254 579
2730 81 1267 522
2730 82 1205 379
2730 83 742 590
2740 75 714 584
2740 76 523 510
2740 77 749 321
2740 78 1127 676
2740 79 1230 554
2740 80 1251 583
2740 81 1264 524
2740 82 1203 381
2740 83 744 590
2750 75 711 585
2750 76 514 512
2750 77 743 322
2750 78 1123 681
2750 79 1228 556
2750 80 1248 585
2750 81 1260 527
2750 82 1202 383
2750 83 746 590
2760 75 711 585
2760 76 505 514
2760 77 737 322
2760 78 1116 683
2760 79 1225 559
2760 80 1244 589
2760 81 1255 530
2760 82 1200 384
2760 83 746 590
2770 75 711 585
2770 76 496 516
2770 77 731 322
2770 78 1110 685
2770 79 1222 562
2770 80 1240 593
2770 81 1253 533
2770 82 1199 384
2770 83 746 590
2780 75 711 585
2780 76 488 517
2780 77 725 322
2780 78 1104 688
2780 79 1218 564
2780 80 1236 597
2780 81 1251 536
2780 82 1197 385
2780 83 746 590
2790 75 711 585
2790 76 479 519
2790 77 719 322
2790 78 1097 690
2790 79 1215 567
2790 80 1231 601
2790 81 1249 540
2790 82 1195 386
2790 83 746 590
2800 75 711 585
2800 76 470 521
2800 77 714 322
2800 78 1091 692
2800 79 1213 570
2800 80 1227 606
2800 81 1247 543
2800 82 1194 388
2800 83 746 590
2810 75 711 585
2810 76 438 531
2810 77 690 322
2810 78 1068 701
2810 79 1205 580
2810 80 1223 610
2810 81 1239 558
2810 82 1188 391
2810 83 746 590
2820 75 711 585
2820 76 428 534
2820 77 683 322
2820 78 1062 704
2820 79 1202 582
2820 80 1219 613
2820 81 1235 561
2820 82 1185 391
2820 83 746 590
2830 75 711 585
2830 76 419 537
2830 77 677 322
2830 78 1056 708
2830 79 1200 585
2830 80 1215 618
2830 81 1233 565
2830 82 1183 392
2830 83 746 590
2840 75 711 585
2840 76 410 541
2840 77 671 322
2840 78 1050 711
2840 79 1198 588
2840 80 1211 622
2840 81 1229 569
2840 82 1181 393
2840 83 746 590
2850 75 711 585
2850 76 400 544
2850 77 664 322
2850 78 1044 713
2850 79 1195 591
2850 80 1206 626
2850 81 1227 573
2850 82 1179 394
2850 83 746 590
2860 75 711 585
2860 76 391 547
2860 77 658 322
2860 79 1193 594
2860 80 1202 630
2860 81 1224 576
2860 82 1177 395
2860 83 746 590
2870 75 711 585
2870 76 382 551
2870 77 652 322
2870 79 1191 597
2870 80 1199 635
2870 81 1221 580
2870 82 1175 396
2870 83 746 590
2880 75 711 585
2880 76 374 554
2880 77 645 322
2880 79 1189 600
2880 80 1193 638
2880 81 1218 584
2880 82 1173 397
2880 83 746 590
2890 75 711 585
2890 76 366 557
2890 77 639 322
2890 79 1186 603
2890 80 1188 642
2890 81 1215 588
2890 82 1171 398
2890 83 746 590
2900 75 711 585
2900 76 359 561
2900 77 633 323
2900 79 1184 606
2900 80 1183 646
2900 81 1212 592
2900 82 1169 399
2900 83 746 590
2910 75 711 585
2910 76 352 565
2910 77 626 323
2910 79 1182 609
2910 80 1179 650
2910 81 1208 596
2910 82 1167 400
2910 83 746 590
2920 75 711 585
2920 76 347 569
2920 77 620 323
2920 79 1180 613
2920 80 1174 654
2920 81 1205 600
2920 82 1165 401
2920 83 746 590
2930 75 711 585
2930 76 342 573
2930 77 613 323
2930 79 1176 616
2930 80 1169 658
2930 81 1202 604
2930 82 1163 402
2930 83 746 590
2940 75 711 585
2940 76 338 577
2940 77 607 323
2940 79 1172 620
2940 80 1164 662
2940 81 1198 608
2940 82 1162 403
2940 83 746 590
2950 75 711 585
2950 76 337 581
2950 77 600 323
2950 79 1168 625
2950 80 1159 666
2950 81 1195 612
2950 82 1160 405
2950 83 746 590
2960 75 711 586
2960 76 336 585
2960 77 593 323
2960 79 1164 629
2960 80 1154 670
2960 81 1192 616
2960 82 1159 406
2960 83 746 590
2970 75 711 586
2970 76 335 590
2970 77 586 323
2970 79 1160 633
2970 80 1149 675
2970 81 1188 621
2970 82 1157 407
2970 83 746 590
2980 75 711 586
2980 76 337 594
2980 77 578 323
2980 79 1157 637
2980 80 1143 679
2980 81 1184 625
2980 82 1156 408
2980 83 746 590
2990 75 711 586
2990 76 341 600
2990 77 571 322
2990 79 1154 642
2990 80 1138 683
2990 81 1181 629
2990 82 1154 409
2990 83 746 590
3000 75 711 586
3000 76 347 605
3000 77 563 322
3000 79 1151 647
3000 80 1133 686
3000 81 1177 634
3000 82 1152 410
3000 83 746 590
3010 75 711 586
3010 76 352 610
3010 77 555 322
3010 79 1147 651
3010 80 1129 689
3010 81 1174 638
3010 82 1150 412
3010 83 746 590
3020 75 711 586
3020 76 357 615
3020 77 548 322
3020 79 1144 656
3020 80 1124 692
3020 81 1173 644
3020 82 1149 413
3020 83 746 590
3030 75 711 586
3030 76 362 620
3030 77 540 322
3030 79 1141 661
3030 80 1120 694
3030 81 1172 650
3030 82 1147 414
3030 83 746 590
3040 75 711 586
3040 76 371 625
3040 77 532 322
3040 79 1138 666
3040 80 1118 697
3040 81 1170 656
3040 82 1145 415
3040 83 746 590
3050 75 711 586
3050 76 380 630
3050 77 524 322
3050 79 1135 671
3050 80 1116 699
3050 81 1168 662
3050 82 1143 416
3050 83 746 590
3060 75 711 586
3060 76 390 635
3060 77 517 322
3060 79 1132 676
3060 80 1113 702
3060 81 1166 669
3060 82 1141 418
3060 83 746 590
3070 75 711 586
3070 76 399 640
3070 77 508 321
3070 79 1127 680
3070 80 1111 704
3070 81 1164 675
3070 82 1139 419
3070 83 746 590
3080 75 711 586
3080 76 410 645
3080 77 500 321
3080 79 1123 684
3080 80 1110 707
3080 81 1162 681
3080 82 1138 420
3080 83 746 590
3090 75 711 586
3090 76 427 650
3090 77 491 321
3090 79 1119 685
3090 80 1109 710
3090 81 1158 684
3090 82 1135 422
3090 83 746 590
3100 75 711 586
3100 76 446 655
3100 77 483 321
3100 79 1115 687
3100 81 1155 687
3100 82 1133 423
3100 83 746 590
3110 75 711 586
3110 76 466 660
3110 77 474 321
3110 79 1111 688
3110 81 1152 690
3110 82 1131 425
3110 83 746 590
3120 75 711 586
3120 76 484 664
3120 77 467 321
3120 79 1105 690
3120 81 1147 694
3120 82 1129 426
3120 83 746 590
3130 75 711 586
3130 76 524 667
3130 77 453 323
3130 79 1095 694
3130 81 1133 699
3130 82 1127 428
3130 83 746 590
3140 75 710 587
3140 76 543 669
3140 77 445 322
3140 79 1090 696
3140 81 1124 702
3140 82 1124 429
3140 83 746 590
3150 75 710 587
3150 76 566 671
3150 77 437 322
3150 79 1085 698
3150 81 1114 706
3150 82 1122 430
3150 83 746 590
3160 75 710 587
3160 76 589 674
3160 77 429 322
3160 79 1080 700
3160 81 1105 709
3160 82 1119 432
3160 83 746 590
3170 75 710 587
3170 76 610 676
3170 77 421 321
3170 79 1074 703
3170 82 1116 433
3170 83 746 590
3180 75 710 587
3180 76 628 679
3180 77 413 321
3180 79 1069 705
3180 82 1114 435
3180 83 746 590
3190 75 710 587
3190 76 646 681
3190 77 405 321
3190 79 1063 707
3190 82 1111 436
3190 83 746 590
3200 75 710 587
3200 76 665 684
3200 77 397 321
3200 79 1057 710
3200 82 1108 438
3200 83 746 590
3210 75 710 587
3210 76 684 686
3210 77 389 321
3210 79 1049 713
3210 82 1105 440
3210 83 746 590
3220 75 710 587
3220 76 703 688
3220 77 381 321
3220 82 1103 441
3220 83 746 590
3230 75 710 587
3230 76 722 691
3230 77 373 321
3230 82 1100 442
3230 83 746 590
3240 75 710 587
3240 76 741 694
3240 77 365 321
3240 82 1097 444
3240 83 746 590
3250 75 710 587
3250 76 760 697
3250 77 357 321
3250 82 1094 445
3250 83 746 590
3260 75 710 587
3260 76 778 700
3260 77 350 321
3260 82 1092 447
3260 83 746 590
3270 75 710 587
3270 76 797 704
3270 77 342 321
3270 82 1089 449
3270 83 746 590
3280 75 710 587
3280 76 816 707
3280 77 334 321
3280 82 1087 451
3280 83 746 590
3290 75 710 587
3290 77 326 321
3290 82 1083 452
3290 83 746 590
3300 75 710 587
3300 77 317 321
3300 82 1079 453
3300 83 746 590
3310 75 710 587
3310 77 308 321
3310 82 1076 455
3310 83 746 590
3320 75 710 588
3320 77 300 321
3320 82 1072 456
3320 83 746 590
3330 75 710 588
3330 77 291 321
3330 82 1069 458
3330 83 746 590
3340 75 710 588
3340 77 283 321
3340 82 1065 460
3340 83 746 590
3350 75 710 588
3350 77 275 321
3350 82 1061 461
3350 83 746 590
3360 75 710 588
3360 77 267 321
3360 82 1057 463
3360 83 746 590
3370 75 710 588
3370 77 260 321
3370 82 1054 464
3370 83 746 590
3380 75 710 588
3380 77 252 321
3380 82 1050 466
3380 83 746 590
3390 75 710 588
3390 77 244 321
3390 82 1046 467
3390 83 746 590
3400 75 710 588
3400 77 235 321
3400 82 1042 469
3400 83 746 590
3410 75 710 588
3410 77 227 321
3410 82 1039 471
3410 83 746 590
3420 75 710 588
3420 77 219 321
3420 82 1035 473
3420 83 746 590
3430 75 710 588
3430 77 211 321
3430 82 1031 475
3430 83 746 590
3440 75 710 588
3440 77 202 322
3440 82 1027 477
3440 83 746 590
3450 75 710 588
3450 77 194 322
3450 82 1023 479
3450 83 746 590
3460 75 710 588
3460 77 186 322
3460 82 1020 481
3460 83 746 590
3470 75 710 588
3470 77 178 322
3470 82 1016 483
3470 83 746 590
3480 75 710 588
3480 77 170 323
3480 82 1012 485
3480 83 746 590
3490 75 710 588
3490 77 161 323
3490 82 1008 487
3490 83 746 590
3500 75 710 589
3500 77 154 322
3500 82 1005 490
3500 83 746 591
