0 6 379 779
0 7 310 766
0 8 1409 299
10 6 381 780
10 7 308 768
10 8 1413 290
20 6 381 780
20 7 308 768
20 8 1418 284
30 6 380 777
30 7 308 768
30 8 1423 276
40 6 380 777
40 7 308 768
40 8 1429 269
50 6 380 777
50 7 308 768
50 8 1433 262
60 6 380 777
60 7 308 768
60 8 1438 254
70 6 380 777
70 7 308 768
70 8 1441 248
80 6 380 777
80 7 308 768
80 8 1446 240
90 6 380 777
90 7 308 768
90 8 1449 233
100 6 366 782
100 7 308 768
100 8 1454 226
110 6 375 782
110 7 305 768
110 8 1457 219
120 6 377 782
120 7 303 768
120 8 1460 211
130 6 377 782
130 7 303 768
130 8 1462 206
140 6 377 782
140 7 303 768
140 8 1465 199
150 6 377 782
150 7 304 768
150 8 1470 193
160 6 377 782
160 7 305 768
160 8 1473 186
170 6 374 777
170 7 306 769
170 8 1476 181
180 6 374 775
180 7 307 769
180 8 1478 174
190 6 377 775
190 7 307 768
190 8 1481 167
200 6 377 774
200 7 307 768
200 8 1484 162
210 6 379 773
210 7 307 768
210 8 1486 156
220 6 379 773
220 7 307 768
220 8 1489 150
230 6 382 773
230 7 307 768
230 8 1492 145
240 6 385 773
240 7 307 768
240 8 1492 140
250 6 382 773
250 7 307 768
250 8 1494 134
260 6 386 775
260 7 307 768
260 8 1494 130
270 6 379 775
270 7 307 768
270 8 1497 125
280 6 377 775
280 7 307 768
280 8 1497 119
290 6 377 777
290 7 307 768
290 8 1500 115
300 6 374 778
300 7 307 768
300 8 1502 110
310 6 371 778
310 7 307 768
310 8 1505 105
320 6 371 780
320 7 307 768
320 8 1508 99
330 6 369 781
330 7 307 768
330 8 1513 96
340 6 369 782
340 7 307 768
340 8 1516 90
350 6 366 782
350 7 307 768
350 8 1521 88
360 6 366 785
360 7 307 768
360 8 1529 82
370 6 366 785
370 7 307 768
370 8 1537 80
380 6 366 785
380 7 307 768
380 8 1545 77
390 6 366 785
390 7 308 768
390 8 1550 73
400 6 376 780
400 7 308 768
400 8 1558 69
410 6 376 780
410 7 308 769
410 8 1564 65
420 6 376 780
420 7 308 769
420 8 1572 62
430 6 376 780
430 7 308 769
430 8 1577 58
440 6 376 780
440 7 308 769
440 8 1585 54
450 6 369 785
450 7 308 769
450 8 1593 50
460 6 369 785
460 7 308 769
460 8 1598 47
470 6 369 785
470 7 308 769
470 8 1606 42
480 6 369 785
480 7 308 769
480 8 1612 39
490 6 369 785
490 7 308 769
490 8 1620 36
500 6 370 785
500 7 308 769
500 8 1625 34
510 6 370 785
510 7 309 769
510 8 1633 32
520 6 370 785
520 7 309 769
520 8 1638 30
530 6 370 785
530 7 309 769
530 8 1644 29
540 6 372 785
540 7 309 769
540 8 1652 28
550 6 372 785
550 7 309 770
550 8 1657 26
560 6 372 785
560 7 309 770
560 8 1665 24
570 6 372 785
570 7 309 770
570 8 1670 22
580 6 372 785
580 7 309 770
580 8 1676 21
590 6 373 785
590 7 309 770
590 8 1684 20
600 6 373 785
600 7 309 770
600 8 1689 18
610 6 373 785
610 7 309 770
610 8 1697 18
620 6 373 785
620 7 310 770
620 8 1705 17
630 6 374 785
630 7 310 770
630 8 1713 16
640 6 374 785
640 7 310 770
640 8 1718 16
650 6 374 785
650 7 310 770
650 8 1726 14
660 6 374 785
660 7 310 770
660 8 1734 14
670 6 376 788
670 7 310 770
670 8 1740 13
680 6 374 788
680 7 310 770
680 8 1745 12
690 6 374 788
690 7 310 770
690 8 1750 10
700 6 374 788
700 7 310 770
700 8 1753 10
710 6 373 788
710 7 310 770
720 6 373 788
720 7 310 769
730 6 373 788
730 7 310 769
740 6 372 788
740 7 310 769
750 6 372 788
750 7 310 769
760 6 372 788
760 7 310 768
770 6 372 790
770 7 310 768
780 6 370 790
780 7 310 768
790 6 370 790
790 7 310 768
800 6 370 790
800 7 310 768
810 6 369 790
810 7 310 767
820 6 369 790
820 7 310 767
830 6 369 790
830 7 310 767
840 6 368 790
840 7 310 767
850 6 368 790
850 7 310 766
860 6 368 790
860 7 310 766
870 6 366 791
870 7 310 766
880 6 368 790
880 7 310 766
890 6 368 790
890 7 309 766
900 6 379 785
900 7 309 766
910 6 378 783
910 7 309 766
920 6 366 789
920 7 309 766
930 6 366 787
930 7 309 766
940 6 366 787
940 7 309 766
950 6 366 787
950 7 309 766
960 6 366 786
960 7 309 766
970 6 365 786
970 7 309 766
980 6 365 786
980 7 309 766
990 6 365 785
990 7 309 766
1000 6 365 785
1000 7 309 766
1010 6 364 785
1010 7 309 766
1020 6 364 783
1020 7 308 766
1030 6 364 783
1030 7 308 766
1040 6 364 783
1040 7 308 766
1050 6 364 782
1050 7 308 766
1060 6 362 782
1060 7 308 766
1070 6 362 782
1070 7 308 766
1080 6 362 781
1080 7 308 766
1090 6 362 781
1090 7 308 766
1100 6 363 781
1100 7 308 766
1110 6 363 780
1110 7 308 766
1120 6 363 780
1120 7 308 766
1130 6 363 780
1130 7 308 766
1140 6 363 780
1140 7 308 766
1150 6 363 780
1150 7 307 766
1160 6 374 785
1160 7 307 766
1170 6 365 780
1170 7 307 766
1180 6 365 780
1180 7 307 766
1190 6 365 780
1190 7 307 766
1200 6 365 781
1200 7 307 766
1210 6 366 781
1210 7 307 766
1220 6 367 781
1220 7 307 766
1230 6 367 781
1230 7 307 766
1240 6 367 781
1240 7 307 766
1250 6 367 781
1250 7 307 766
1260 6 369 781
1260 7 307 766
1270 6 369 781
1270 7 307 766
1280 6 369 781
1280 7 307 767
1290 6 369 782
1290 7 308 767
1300 6 369 782
1300 7 309 767
1310 6 370 782
1310 7 310 767
1320 6 370 782
1320 7 311 767
1330 6 372 782
1330 7 312 767
1340 6 372 782
1340 7 312 768
1350 6 372 782
1350 7 312 768
1360 6 373 782
1360 7 312 768
1370 6 373 782
1370 7 312 769
1380 6 373 784
1380 7 312 769
1390 6 373 784
1390 7 312 769
1400 6 373 784
1400 7 312 770
1410 6 374 784
1410 7 312 770
1420 6 374 784
1420 7 312 771
1430 6 374 784
1430 7 311 771
1440 6 375 784
1440 7 311 771
1450 6 375 784
1450 7 311 772
1460 6 377 784
1460 7 311 772
1470 6 377 784
1470 7 311 772
1480 6 377 785
1480 7 311 773
1490 6 377 785
1490 7 311 773
1500 6 377 785
1500 7 311 773
1510 6 378 785
1510 7 311 774
1520 6 378 785
1520 7 310 774
1530 6 378 785
1530 7 310 774
1540 6 378 785
1540 7 310 775
1550 6 379 785
1550 7 310 775
1560 6 381 785
1560 7 310 775
1570 6 381 786
1570 7 310 776
1580 6 381 786
1580 7 310 776
1590 6 381 786
1590 7 310 776
1600 6 381 786
1600 7 310 777
1610 6 377 784
1610 7 309 777
1620 6 377 784
1620 7 309 777
1630 6 382 786
1630 7 309 778
1640 6 382 786
1640 7 309 778
1650 6 382 786
1650 7 309 779
1660 6 385 788
1660 7 309 780
1670 6 384 785
1670 7 309 782
1680 6 384 785
1680 7 310 784
1690 6 384 783
1690 7 310 786
1700 6 384 783
1700 7 309 786
1710 6 384 783
1710 7 309 786
1720 6 384 782
1720 7 310 786
1730 6 384 782
1730 7 310 786
1740 6 384 782
1740 7 310 786
1750 6 384 781
1750 7 310 786
1760 2 1900 132
1760 6 384 781
1760 7 310 786
1770 2 1874 126
1770 6 384 781
1770 7 310 786
1780 2 1848 124
1780 6 384 779
1780 7 311 787
1790 2 1825 120
1790 6 384 779
1790 7 311 787
1800 2 1806 116
1800 6 384 779
1800 7 311 787
1810 2 1786 111
1810 6 384 778
1810 7 311 787
1820 2 1765 103
1820 6 384 778
1820 7 311 787
1830 2 1742 97
1830 6 384 778
1830 7 311 788
1840 2 1720 89
1840 6 384 777
1840 7 312 788
1850 2 1698 83
1850 6 384 777
1850 7 312 788
1860 2 1674 74
1860 6 384 777
1860 7 312 788
1870 2 1648 63
1870 6 382 777
1870 7 312 788
1880 2 1626 57
1880 6 382 777
1880 7 312 789
1890 2 1603 48
1890 6 382 777
1890 7 312 789
1900 2 1581 39
1900 6 382 777
1900 7 313 789
1900 10 23 731
1910 2 1564 35
1910 6 383 777
1910 7 313 789
1910 10 43 727
1920 2 1543 32
1920 6 383 777
1920 7 313 789
1920 10 69 730
1920 11 38 769
1930 2 1524 28
1930 6 383 777
1930 7 313 789
1930 10 97 732
1930 11 60 766
1940 2 1503 24
1940 6 383 777
1940 7 313 790
1940 10 125 730
1940 11 86 767
1950 2 1484 20
1950 6 383 777
1950 7 313 790
1950 10 164 728
1950 11 117 762
1960 2 1462 17
1960 6 385 777
1960 7 314 790
1960 10 194 723
1960 11 150 758
1970 2 1446 13
1970 6 385 777
1970 7 314 790
1970 10 225 718
1970 11 173 757
1980 2 1428 9
1980 6 383 777
1980 7 314 790
1980 10 259 720
1980 11 214 760
1990 2 1409 8
1990 6 383 777
1990 7 314 790
1990 10 288 716
1990 11 234 754
2000 6 383 777
2000 7 314 790
2000 10 331 712
2000 11 274 758
2010 6 385 777
2010 7 314 790
2010 10 360 701
2010 11 300 750
2020 6 385 777
2020 7 316 788
2020 9 409 566
2020 10 379 697
2020 11 342 734
2030 6 385 777
2030 7 317 789
2030 9 407 569
2030 10 402 693
2030 11 373 730
2040 6 385 780
2040 7 315 789
2040 9 405 572
2040 10 440 682
2040 11 406 727
2050 6 385 780
2050 7 315 789
2050 9 403 574
2050 10 476 670
2050 11 438 719
2060 6 386 780
2060 7 315 791
2060 9 405 576
2060 10 505 660
2060 11 481 719
2070 6 386 780
2070 7 314 792
2070 9 409 578
2070 10 519 665
2070 11 505 706
2080 6 386 780
2080 7 313 790
2080 9 413 582
2080 10 546 658
2080 11 554 697
2090 6 386 780
2090 7 315 788
2090 9 417 585
2090 10 575 649
2090 11 567 685
2100 6 385 780
2100 7 316 787
2100 9 420 585
2100 10 605 642
2100 11 582 685
2110 6 386 780
2110 7 316 789
2110 9 421 585
2110 10 634 635
2110 11 601 681
2120 6 386 780
2120 7 316 789
2120 9 422 585
2120 10 660 627
2120 11 629 673
2130 6 386 780
2130 7 316 789
2130 9 423 585
2130 10 687 619
2130 11 659 667
2140 6 386 780
2140 7 316 790
2140 9 423 585
2140 10 713 614
2140 11 689 659
2150 6 386 780
2150 7 316 790
2150 9 422 585
2150 10 741 606
2150 11 718 654
2160 6 388 780
2160 7 316 790
2160 9 420 585
2160 10 770 601
2160 11 752 649
2170 6 388 780
2170 7 316 790
2170 9 415 585
2170 10 805 595
2170 11 795 646
2180 6 388 780
2180 7 316 790
2180 9 414 585
2180 10 826 585
2180 11 827 633
2190 6 388 780
2190 7 316 790
2190 9 411 585
2190 10 850 574
2190 11 859 622
2200 6 388 780
2200 7 316 790
2200 9 409 585
2200 10 871 563
2200 11 891 611
2210 6 389 782
2210 7 316 790
2210 9 408 585
2210 10 895 555
2210 11 923 601
2220 6 389 782
2220 7 316 790
2220 9 405 585
2220 10 911 545
2220 11 942 585
2230 6 389 782
2230 7 316 790
2230 9 403 586
2230 10 927 534
2230 11 962 569
2240 6 389 782
2240 7 316 790
2240 9 401 586
2240 10 943 526
2240 11 982 555
2250 6 389 782
2250 7 323 790
2250 9 401 586
2250 10 962 515
2250 11 1002 539
2260 6 389 782
2260 7 324 790
2260 9 398 586
2260 10 978 507
2260 11 1022 526
2270 6 389 782
2270 7 324 790
2270 9 398 586
2270 10 994 497
2270 11 1042 510
2280 6 389 782
2280 7 322 791
2280 9 398 586
2280 10 1013 489
2280 11 1063 497
2290 6 389 782
2290 7 321 791
2290 9 395 586
2290 10 1026 478
2290 11 1077 485
2300 6 389 782
2300 7 321 791
2300 9 395 586
2300 10 1042 467
2300 11 1093 474
2310 6 389 782
2310 7 321 791
2310 9 395 586
2310 10 1055 459
2310 11 1109 464
2320 6 389 782
2320 7 321 791
2320 9 395 584
2320 10 1071 449
2320 11 1125 453
2330 6 389 782
2330 7 321 791
2330 9 398 584
2330 10 1085 441
2330 11 1141 442
2340 6 389 782
2340 7 321 791
2340 9 401 584
2340 10 1101 430
2340 11 1154 430
2350 6 389 782
2350 7 321 791
2350 9 403 584
2350 10 1114 419
2350 11 1170 419
2360 6 389 782
2360 7 321 791
2360 9 406 584
2360 10 1130 411
2360 11 1186 409
2370 6 389 782
2370 7 321 791
2370 9 406 584
2370 10 1143 401
2370 11 1202 398
2380 6 389 783
2380 7 321 791
2380 9 409 584
2380 10 1159 393
2380 11 1218 389
2390 6 389 783
2390 7 321 791
2390 9 411 584
2390 10 1167 385
2390 11 1226 381
2400 6 389 783
2400 7 321 791
2400 9 414 584
2400 10 1177 377
2400 11 1235 373
2410 6 389 783
2410 7 321 791
2410 9 417 584
2410 10 1188 369
2410 11 1245 366
2420 6 390 785
2420 7 321 791
2420 9 419 584
2420 10 1197 362
2420 11 1254 358
2430 6 390 785
2430 7 321 790
2430 9 419 584
2430 10 1207 354
2430 11 1263 351
2440 6 377 790
2440 7 321 789
2440 9 419 584
2440 10 1215 346
2440 11 1273 343
2450 6 377 790
2450 7 321 788
2450 9 419 584
2450 10 1235 329
2450 11 1282 337
2460 6 377 790
2460 7 321 788
2460 9 419 584
2460 10 1250 318
2460 11 1291 329
2470 6 390 785
2470 7 321 788
2470 9 419 584
2470 10 1258 311
2470 11 1301 322
2480 6 390 785
2480 7 321 788
2480 9 419 584
2480 10 1273 305
2480 11 1322 309
2490 6 390 785
2490 7 321 788
2490 9 419 584
2490 10 1279 294
2490 11 1320 309
2500 6 390 785
2500 7 321 788
2500 9 419 584
2500 10 1293 289
2500 11 1329 301
2510 6 390 785
2510 7 321 788
2510 9 419 584
2510 10 1300 282
2510 11 1338 293
2520 6 390 785
2520 7 321 788
2520 9 419 584
2520 10 1305 272
2520 11 1347 286
2530 6 390 785
2530 7 321 788
2530 9 419 584
2530 10 1324 271
2530 11 1357 278
2540 6 390 785
2540 7 321 788
2540 9 419 584
2540 10 1328 261
2540 11 1383 271
2550 6 390 786
2550 7 321 788
2550 9 419 584
2550 10 1333 257
2550 11 1389 257
2560 6 390 786
2560 7 321 788
2560 9 419 584
2560 10 1336 246
2560 11 1393 247
2570 6 390 786
2570 7 321 788
2570 9 419 584
2570 10 1348 245
2570 11 1405 243
2580 6 390 786
2580 7 321 788
2580 9 419 584
2580 10 1356 239
2580 11 1410 235
2590 6 390 786
2590 7 321 788
2590 9 419 584
2590 10 1361 232
2590 11 1410 235
2600 6 390 786
2600 7 321 788
2600 9 419 584
2600 10 1371 226
2600 11 1423 229
2610 6 390 786
2610 7 321 788
2610 9 419 584
2610 10 1374 221
2610 11 1426 223
2620 6 390 786
2620 7 321 788
2620 9 419 584
2620 10 1379 216
2620 11 1431 218
2630 6 393 788
2630 7 321 788
2630 9 419 584
2630 10 1385 211
2630 11 1436 213
2640 6 393 788
2640 7 321 789
2640 9 419 584
2640 10 1390 206
2640 11 1439 207
2650 6 393 788
2650 7 321 790
2650 9 419 584
2650 10 1394 201
2650 11 1444 203
2660 6 393 788
2660 7 322 791
2660 9 419 584
2660 10 1400 197
2660 11 1449 198
2670 6 393 788
2670 7 322 791
2670 9 419 584
2670 10 1417 183
2670 11 1462 185
2680 6 393 788
2680 7 322 791
2680 9 419 584
2680 10 1420 180
2680 11 1467 181
2690 6 393 788
2690 7 322 791
2690 9 419 584
2690 10 1429 174
2690 11 1462 182
2700 6 393 788
2700 7 322 791
2700 9 419 584
2700 10 1435 171
2700 11 1465 178
2710 6 393 788
2710 7 321 791
2710 9 419 584
2710 10 1439 162
2710 11 1483 166
2720 6 393 789
2720 7 322 791
2720 9 419 584
2720 10 1446 155
2720 11 1490 158
2730 6 393 789
2730 7 322 791
2730 9 419 584
2730 10 1446 155
2730 11 1490 158
2740 6 393 789
2740 7 322 791
2740 9 417 581
2740 10 1450 150
2740 11 1496 149
2750 6 393 789
2750 7 326 791
2750 9 417 581
2750 10 1454 144
2750 11 1495 143
2760 6 393 789
2760 7 325 791
2760 9 417 581
2760 10 1456 139
2760 11 1498 137
2770 6 393 789
2770 7 325 791
2770 9 417 581
2770 10 1463 133
2770 11 1507 132
2780 6 393 789
2780 7 326 791
2780 9 417 581
2780 10 1468 129
2780 11 1507 132
2790 6 393 789
2790 7 326 791
2790 9 414 581
2790 10 1472 129
2790 11 1515 123
2800 6 393 789
2800 7 326 791
2800 9 414 581
2800 10 1476 124
2800 11 1519 116
2810 6 393 789
2810 7 326 791
2810 9 414 581
2810 10 1477 117
2810 11 1525 112
2820 6 393 789
2820 7 326 791
2820 9 414 581
2820 10 1481 112
2820 11 1525 112
2830 6 393 789
2830 7 326 791
2830 9 414 581
2830 10 1481 114
2830 11 1531 107
2840 6 394 790
2840 7 326 791
2840 9 414 581
2840 10 1486 110
2840 11 1531 107
2850 6 394 790
2850 7 326 791
2850 9 419 584
2850 10 1490 105
2850 11 1539 101
2860 6 394 790
2860 7 326 791
2860 9 422 586
2860 10 1494 99
2860 11 1540 99
2870 6 394 790
2870 7 327 791
2870 9 427 589
2870 10 1499 95
2870 11 1542 93
2880 6 394 790
2880 7 327 791
2880 9 430 592
2880 10 1505 90
2880 11 1547 91
2890 6 394 791
2890 7 327 791
2890 9 435 594
2890 10 1509 85
2890 11 1549 87
2900 6 394 791
2900 7 327 791
2900 9 441 597
2900 10 1514 81
2900 11 1553 80
2910 6 394 791
2910 7 327 791
2910 9 443 600
2910 10 1519 76
2910 11 1556 77
2920 6 394 791
2920 7 327 791
2920 9 449 600
2920 10 1525 73
2920 11 1558 73
2930 6 394 791
2930 7 327 791
2930 9 454 600
2930 10 1525 69
2930 11 1566 68
2940 6 394 791
2940 7 327 791
2940 9 454 602
2940 10 1527 66
2940 11 1567 65
2950 6 394 791
2950 7 327 791
2950 9 469 607
2950 10 1530 63
2950 11 1571 61
2960 6 394 791
2960 7 327 791
2960 9 473 610
2960 10 1530 61
2960 11 1571 61
2970 6 394 791
2970 7 327 791
2970 9 471 619
2970 10 1533 57
2970 11 1582 53
2980 6 394 791
2980 7 327 791
2980 9 459 618
2980 10 1535 54
2980 11 1580 55
2990 6 394 791
2990 7 327 791
2990 9 470 622
2990 10 1549 47
2990 11 1586 51
3000 6 394 791
3000 7 326 791
3000 9 470 622
3000 10 1549 47
3000 11 1589 47
3010 6 394 791
3010 7 326 791
3010 9 462 627
3010 10 1549 46
3010 11 1587 45
3010 15 1426 449
3020 6 394 791
3020 7 326 792
3020 9 465 630
3020 10 1550 43
3020 11 1586 45
3020 15 1423 434
3030 6 394 791
3030 7 326 792
3030 9 465 633
3030 10 1551 39
3030 11 1589 43
3030 15 1429 431
3040 6 394 791
3040 7 327 794
3040 9 467 633
3040 10 1555 35
3040 11 1592 41
3040 15 1415 429
3050 6 397 794
3050 7 327 794
3050 9 467 635
3050 10 1549 37
3050 11 1594 40
3050 15 1402 425
3060 6 397 793
3060 7 327 794
3060 9 470 638
3060 10 1549 37
3060 11 1594 40
3060 12 29 724
3060 15 1387 424
3070 6 397 793
3070 7 327 794
3070 9 473 641
3070 10 1563 33
3070 11 1593 32
3070 12 53 719
3070 15 1375 422
3080 6 397 793
3080 7 327 794
3080 9 473 642
3080 10 1561 32
3080 11 1592 30
3080 12 92 721
3080 15 1357 420
3090 6 397 793
3090 7 327 794
3090 9 474 645
3090 10 1561 29
3090 11 1593 29
3090 12 123 718
3090 15 1360 418
3100 6 397 793
3100 7 327 794
3100 9 477 647
3100 10 1563 27
3100 11 1594 28
3100 12 155 718
3100 15 1367 425
3110 6 397 793
3110 7 327 794
3110 9 477 650
3110 10 1565 25
3110 11 1597 27
3110 12 185 710
3110 15 1367 425
3120 6 397 793
3120 7 327 794
3120 9 478 653
3120 10 1569 24
3120 11 1601 25
3120 12 217 705
3120 15 1370 425
3130 6 397 793
3130 7 327 794
3130 9 481 655
3130 10 1572 23
3130 11 1603 23
3130 12 249 700
3130 15 1373 425
3140 6 397 793
3140 7 327 794
3140 9 481 658
3140 10 1574 22
3140 11 1605 23
3140 12 281 694
3140 15 1375 425
3150 6 397 793
3150 7 327 794
3150 9 482 661
3150 10 1575 21
3150 11 1603 22
3150 12 305 687
3150 15 1375 425
3160 6 397 793
3160 7 327 794
3160 9 485 661
3160 10 1577 20
3160 11 1607 21
3160 12 330 681
3160 15 1378 425
3170 6 397 793
3170 7 327 794
3170 9 485 661
3170 10 1579 18
3170 11 1610 21
3170 12 356 675
3170 15 1378 423
3180 6 397 793
3180 7 327 794
3180 9 487 661
3180 10 1580 16
3180 11 1611 21
3180 12 381 669
3180 15 1374 421
3190 6 397 793
3190 7 319 792
3190 9 489 661
3190 10 1583 16
3190 11 1617 19
3190 12 407 665
3190 15 1369 418
3200 6 397 793
3200 7 318 791
3200 9 490 660
3200 10 1586 15
3200 11 1622 18
3200 12 410 662
3200 15 1366 415
3210 6 397 793
3210 7 318 791
3210 9 491 660
3210 10 1587 14
3210 11 1622 17
3210 12 415 662
3210 15 1366 414
3220 6 397 793
3220 7 319 791
3220 9 493 660
3220 10 1587 13
3220 11 1622 16
3220 12 421 662
3220 15 1368 413
3230 6 397 793
3230 7 321 791
3230 9 496 660
3230 10 1589 13
3230 11 1624 14
3230 12 426 662
3230 15 1366 411
3240 6 397 793
3240 7 321 791
3240 9 496 658
3240 10 1587 12
3240 11 1623 13
3240 12 431 657
3240 15 1367 411
3250 6 397 793
3250 7 321 791
3250 9 498 658
3250 10 1585 11
3250 11 1622 12
3250 12 437 652
3250 15 1367 411
3260 6 397 793
3260 7 321 791
3260 9 499 658
3260 10 1585 9
3260 11 1619 9
3260 12 442 646
3260 15 1356 417
3270 6 397 793
3270 7 321 791
3270 9 502 658
3270 10 1583 8
3270 11 1617 8
3270 12 446 642
3270 15 1344 413
3280 6 397 793
3280 7 321 791
3280 9 499 655
3280 10 1577 8
3280 11 1615 8
3280 12 450 639
3280 15 1326 415
3290 6 397 793
3290 7 321 791
3290 9 497 653
3290 10 1572 8
3290 11 1610 7
3290 12 454 635
3290 15 1305 430
3300 6 397 793
3300 7 321 791
3300 9 494 652
3300 10 1566 7
3300 11 1607 7
3300 12 458 633
3300 15 1283 446
3310 6 397 793
3310 7 321 791
3310 9 491 650
3310 10 1562 7
3310 11 1598 5
3310 12 462 630
3310 15 1262 461
3320 6 397 793
3320 7 321 791
3320 9 489 649
3320 10 1560 8
3320 11 1591 5
3320 12 466 626
3320 15 1241 477
3330 6 397 793
3330 7 321 791
3330 9 486 646
3330 10 1557 7
3330 11 1583 5
3330 12 470 624
3330 15 1222 491
3340 6 397 793
3340 7 321 791
3340 9 483 646
3340 10 1553 7
3340 11 1580 5
3340 12 475 621
3340 15 1206 507
3350 6 397 793
3350 7 321 791
3350 9 481 639
3350 10 1551 8
3350 11 1576 7
3350 12 489 616
3350 15 1199 523
3360 6 397 793
3360 7 321 791
3360 9 479 635
3360 10 1548 9
3360 11 1575 8
3360 12 502 610
3360 15 1185 536
3370 6 397 793
3370 7 321 791
3370 9 478 629
3370 10 1545 10
3370 11 1574 9
3370 12 518 605
3370 15 1150 555
3380 6 397 793
3380 7 321 791
3380 9 477 625
3380 10 1542 11
3380 11 1573 10
3380 12 531 600
3380 15 1148 579
3390 6 397 793
3390 7 321 791
3390 9 477 621
3390 10 1539 12
3390 11 1570 10
3390 12 547 597
3390 15 1125 595
3400 6 397 793
3400 7 321 791
3400 9 480 618
3400 10 1537 13
3400 11 1568 12
3400 12 547 594
3400 15 1100 620
3410 6 397 793
3410 7 321 791
3410 9 482 618
3410 10 1534 14
3410 11 1565 12
3410 12 550 592
3410 15 1074 649
3420 6 397 793
3420 7 321 791
3420 9 485 618
3420 10 1533 15
3420 11 1563 13
3420 12 568 589
3420 15 1049 659
3430 6 397 793
3430 7 321 791
3430 9 488 615
3430 10 1531 16
3430 11 1562 14
3430 12 570 590
3430 15 1018 682
3440 6 397 793
3440 7 321 791
3440 9 490 615
3440 10 1530 16
3440 11 1558 15
3440 12 570 590
3440 15 975 709
3450 6 397 793
3450 7 321 791
3450 9 493 615
3450 10 1529 17
3450 11 1556 17
3450 12 565 588
3450 15 945 727
3460 6 397 793
3460 7 321 791
3460 9 488 613
3460 10 1524 18
3460 11 1552 20
3460 12 567 591
3460 15 917 749
3470 6 397 793
3470 7 321 791
3470 9 482 610
3470 10 1526 20
3470 11 1549 23
3470 12 559 591
3470 15 883 770
3480 6 397 793
3480 7 321 791
3480 9 494 614
3480 10 1522 21
3480 11 1549 23
3480 12 555 589
3480 15 838 786
3490 6 397 793
3490 7 321 791
3490 9 494 614
3490 10 1522 23
3490 11 1548 24
3490 12 558 592
3490 15 806 801
3500 6 397 793
3500 7 325 791
3500 9 494 614
3500 10 1519 24
3500 11 1547 24
3500 12 558 594
3500 15 758 823
3510 6 397 793
3510 7 329 791
3510 9 494 614
3510 10 1515 26
3510 11 1544 26
3510 12 558 594
3510 15 711 832
3520 6 397 793
3520 7 329 791
3520 9 481 611
3520 10 1512 27
3520 11 1541 27
3520 12 558 597
3520 15 650 847
3530 6 397 793
3530 7 329 791
3530 9 480 609
3530 10 1508 29
3530 11 1540 29
3530 12 561 600
3530 15 594 858
3540 6 397 793
3540 7 329 791
3540 9 473 613
3540 10 1503 31
3540 11 1536 30
3540 12 561 600
3540 15 548 869
3550 6 397 793
3550 7 329 791
3550 9 466 600
3550 10 1499 32
3550 11 1531 31
3550 12 561 602
3550 15 484 879
3560 6 397 793
3560 7 329 791
3560 9 462 596
3560 10 1496 34
3560 11 1526 34
3560 12 563 605
3560 15 430 887
3570 6 397 793
3570 7 329 791
3570 9 453 596
3570 10 1492 35
3570 11 1522 35
3570 12 562 603
3570 15 379 890
3580 6 397 793
3580 7 325 791
3580 9 436 604
3580 10 1488 38
3580 11 1519 36
3580 12 562 603
3580 15 329 893
3590 6 397 793
3590 7 326 791
3590 9 433 600
3590 10 1484 41
3590 11 1513 38
3590 12 561 603
3590 15 278 898
3600 6 397 793
3600 7 326 791
3600 9 421 589
3600 10 1480 43
3600 11 1507 42
3600 12 561 603
3600 15 227 898
3610 6 398 793
3610 7 326 791
3610 9 418 589
3610 10 1476 46
3610 11 1505 46
3610 12 543 611
3610 15 174 895
3620 6 398 793
3620 7 326 791
3620 9 418 588
3620 10 1472 49
3620 11 1502 49
3620 12 548 613
3620 15 123 893
3630 6 398 793
3630 7 326 791
3630 9 419 588
3630 10 1468 52
3630 11 1499 51
3630 12 553 609
3630 15 77 890
3640 6 398 793
3640 7 326 791
3640 9 421 586
3640 10 1465 54
3640 11 1493 54
3640 12 558 603
3640 15 42 869
3650 6 398 793
3650 7 327 789
3650 9 422 587
3650 10 1461 57
3650 11 1493 57
3650 12 560 605
3650 15 17 878
3660 6 398 793
3660 7 327 789
3660 9 422 586
3660 10 1458 60
3660 11 1492 57
3660 12 552 605
3670 6 398 793
3670 7 327 789
3670 9 406 589
3670 10 1454 63
3670 11 1485 62
3670 12 545 607
3680 6 398 793
3680 7 327 789
3680 9 426 586
3680 10 1451 66
3680 11 1478 65
3680 12 538 609
3690 6 398 793
3690 7 327 789
3690 9 426 586
3690 10 1447 69
3690 11 1475 70
3690 12 532 612
3700 6 398 793
3700 7 327 789
3700 9 429 586
3700 10 1444 74
3700 11 1473 71
3700 12 525 613
3710 6 398 793
3710 7 327 789
3710 9 429 585
3710 10 1441 79
3710 11 1468 75
3710 12 518 614
3720 6 398 793
3720 7 327 789
3720 9 430 585
3720 10 1437 81
3720 11 1464 77
3720 12 513 617
3730 6 398 793
3730 7 327 789
3730 9 430 583
3730 10 1433 84
3730 11 1458 80
3730 12 509 617
3740 6 398 793
3740 7 327 789
3740 9 429 582
3740 10 1428 89
3740 11 1455 84
3740 12 508 617
3750 6 398 793
3750 7 327 789
3750 9 428 581
3750 10 1423 94
3750 11 1452 87
3750 12 507 617
3760 6 398 793
3760 7 327 789
3760 9 426 579
3760 10 1416 95
3760 11 1446 90
3760 12 505 615
3770 6 398 793
3770 7 327 789
3770 9 423 578
3770 10 1412 99
3770 11 1443 93
3770 12 508 617
3780 6 398 793
3780 7 327 789
3780 9 422 575
3780 10 1409 102
3780 11 1438 97
3780 12 523 614
3790 6 398 793
3790 7 329 791
3790 9 419 574
3790 10 1403 105
3790 11 1432 99
3790 12 539 616
3800 6 398 793
3800 7 329 791
3800 9 418 573
3800 10 1398 109
3800 11 1427 102
3800 12 550 615
3810 6 398 793
3810 7 329 791
3810 9 417 571
3810 10 1393 113
3810 11 1425 106
3810 12 546 621
3820 6 398 793
3820 7 329 791
3820 9 416 569
3820 10 1389 115
3820 11 1424 112
3820 12 542 626
3830 6 398 793
3830 7 329 791
3830 9 413 568
3830 10 1386 118
3830 11 1420 115
3830 12 533 634
3840 6 398 793
3840 7 329 791
3840 9 411 566
3840 10 1383 124
3840 11 1415 119
3840 12 527 642
3850 6 398 793
3850 7 329 791
3850 9 409 565
3850 10 1379 128
3850 11 1411 122
3850 12 496 650
3860 6 398 793
3860 7 329 791
3860 9 409 565
3860 10 1375 130
3860 11 1407 128
3860 12 474 659
3870 6 398 793
3870 7 329 791
3870 9 410 561
3870 10 1371 134
3870 11 1404 133
3870 12 440 667
3880 6 398 793
3880 7 329 791
3880 9 412 558
3880 10 1367 138
3880 11 1399 135
3880 12 381 677
3890 6 398 793
3890 7 329 791
3890 9 413 554
3890 10 1363 143
3890 11 1395 140
3890 12 344 685
3900 6 398 793
3900 7 329 791
3900 9 417 551
3900 10 1358 148
3900 11 1394 144
3900 12 321 694
3910 6 398 793
3910 7 329 791
3910 9 417 551
3910 10 1353 154
3910 11 1391 148
3910 12 269 701
3920 6 398 793
3920 7 329 791
3920 9 417 551
3920 10 1346 158
3920 11 1384 152
3920 12 232 709
3930 6 398 793
3930 7 329 791
3930 9 417 551
3930 10 1341 163
3930 11 1377 157
3930 12 193 711
3940 6 398 793
3940 7 329 791
3940 10 1336 167
3940 11 1373 165
3940 12 154 714
3950 6 398 793
3950 7 329 791
3950 10 1331 171
3950 11 1369 169
3950 12 116 717
3960 6 398 793
3960 7 329 791
3960 10 1323 174
3960 11 1361 171
3960 12 78 719
3970 6 398 793
3970 7 329 791
3970 10 1317 178
3970 11 1355 177
3970 12 40 719
3980 6 398 793
3980 7 328 790
3980 10 1313 184
3980 11 1353 182
3980 12 23 722
3990 6 398 793
3990 7 328 790
3990 10 1309 190
3990 11 1351 186
4000 6 398 793
4000 7 328 790
4000 10 1301 192
4000 11 1346 191
4010 6 398 793
4010 7 328 790
4010 10 1298 198
4010 11 1338 197
4020 6 398 793
4020 7 328 790
4020 10 1295 204
4020 11 1335 199
4030 6 398 793
4030 7 328 790
4030 10 1290 208
4030 11 1331 204
4040 6 398 793
4040 7 328 790
4040 10 1285 214
4040 11 1328 211
4050 6 398 793
4050 7 328 790
4050 10 1281 220
4050 11 1319 216
4060 6 398 793
4060 7 328 790
4060 10 1275 225
4060 11 1317 223
4070 6 398 793
4070 7 328 790
4070 10 1269 229
4070 11 1312 226
4080 6 398 793
4080 7 328 790
4080 10 1262 232
4080 11 1306 232
4090 6 398 793
4090 7 328 790
4090 10 1256 237
4090 11 1298 237
4100 6 398 793
4100 7 328 790
4100 10 1250 242
4100 11 1292 242
4110 6 398 793
4110 7 328 790
4110 10 1245 247
4110 11 1289 247
4120 6 398 793
4120 7 328 790
4120 10 1240 254
4120 11 1282 255
4130 6 398 793
4130 7 327 789
4130 10 1233 261
4130 11 1274 260
4140 6 398 793
4140 7 323 789
4140 10 1225 268
4140 11 1265 265
4150 6 398 793
4150 7 321 789
4150 10 1218 274
4150 11 1261 272
4160 6 398 793
4160 7 321 789
4160 10 1210 280
4160 11 1255 275
4170 6 400 793
4170 7 321 789
4170 10 1204 284
4170 11 1248 280
4180 6 400 793
4180 7 320 789
4180 10 1197 290
4180 11 1242 288
4190 6 400 793
4190 7 317 792
4190 10 1190 295
4190 11 1236 294
4200 6 400 793
4200 7 317 793
4200 10 1183 301
4200 11 1228 303
4210 6 400 793
4210 7 317 793
4210 10 1173 308
4210 11 1219 310
4220 6 400 793
4220 7 317 793
4220 10 1166 313
4220 11 1213 314
4230 6 400 793
4230 7 317 793
4230 10 1163 322
4230 11 1208 322
4240 6 400 793
4240 7 317 793
4240 10 1153 329
4240 11 1201 325
4250 6 400 793
4250 7 317 793
4250 10 1144 336
4250 11 1193 333
4260 6 400 793
4260 7 317 793
4260 10 1135 343
4260 11 1183 338
4270 6 400 793
4270 7 317 793
4270 10 1130 352
4270 11 1174 345
4280 6 400 793
4280 7 317 793
4280 10 1117 361
4280 11 1167 355
4290 6 400 793
4290 7 317 793
4290 10 1109 367
4290 11 1156 361
4290 35 19 880
4300 6 400 793
4300 7 317 793
4300 10 1100 373
4300 11 1146 366
4300 35 34 881
4310 6 400 793
4310 7 317 793
4310 10 1091 383
4310 11 1136 371
4310 35 46 890
4320 6 400 793
4320 7 317 793
4320 10 1081 389
4320 11 1126 376
4320 35 57 902
4330 6 400 793
4330 7 317 793
4330 10 1073 392
4330 11 1116 388
4330 35 75 915
4340 6 400 793
4340 7 317 794
4340 10 1060 401
4340 11 1103 398
4340 35 105 923
4350 6 400 793
4350 7 317 794
4350 10 1046 409
4350 11 1090 406
4350 35 120 926
4360 6 400 793
4360 7 317 794
4360 10 1032 416
4360 11 1077 414
4360 35 145 940
4370 6 400 793
4370 7 317 794
4370 10 1020 422
4370 11 1062 423
4370 35 165 947
4380 6 400 793
4380 7 317 794
4380 10 1004 432
4380 11 1050 429
4380 35 200 958
4390 6 400 793
4390 7 317 798
4390 10 989 441
4390 11 1033 434
4390 35 213 960
4400 6 400 793
4400 7 317 798
4400 10 974 450
4400 11 1014 439
4400 35 241 971
4410 6 400 793
4410 7 317 798
4410 10 956 457
4410 11 997 444
4410 35 274 976
4420 6 400 793
4420 7 317 798
4420 10 937 463
4420 11 982 452
4420 35 301 984
4430 6 400 793
4430 7 320 795
4430 10 923 468
4430 11 961 466
4430 35 325 990
4440 6 400 793
4440 7 320 795
4440 10 907 477
4440 11 948 471
4440 35 354 997
4450 6 400 793
4450 7 320 795
4450 10 890 485
4450 11 928 477
4450 35 396 1002
4460 6 400 793
4460 7 320 795
4460 10 872 493
4460 11 913 485
4460 35 408 1003
4470 6 400 793
4470 7 320 795
4470 10 853 501
4470 11 899 493
4470 35 435 1009
4480 6 400 793
4480 7 318 794
4480 10 836 511
4480 11 876 505
4480 35 465 1012
4490 6 400 793
4490 7 316 792
4490 10 814 520
4490 11 862 512
4490 35 503 1012
4500 6 400 793
4500 7 316 792
4500 10 795 530
4500 11 846 529
4500 35 525 1012
4510 6 400 793
4510 7 316 792
4510 10 775 540
4510 11 817 535
4510 35 555 1015
4520 6 400 793
4520 7 316 792
4520 10 754 550
4520 11 802 555
4520 35 590 1019
4530 6 400 793
4530 7 316 792
4530 10 732 560
4530 11 786 561
4530 35 627 1022
4540 6 400 793
4540 7 316 792
4540 10 711 570
4540 11 768 572
4540 35 657 1026
4550 6 400 793
4550 7 316 792
4550 10 689 580
4550 11 732 586
4550 35 690 1026
4560 6 400 793
4560 7 316 792
4560 10 668 590
4560 11 718 598
4560 35 723 1032
4570 6 400 793
4570 7 314 792
4570 10 646 600
4570 11 699 618
4570 35 761 1033
4580 6 400 793
4580 7 314 793
4580 10 625 610
4580 11 675 627
4580 35 792 1038
4590 6 400 793
4590 7 314 793
4590 10 604 619
4590 11 644 641
4590 35 823 1041
4600 6 400 793
4600 7 314 793
4600 10 582 629
4600 11 635 653
4600 35 855 1047
4610 6 400 793
4610 7 314 793
4610 10 561 639
4610 11 610 663
4610 35 886 1052
4620 6 400 793
4620 7 314 793
4620 10 535 642
4620 11 593 669
4620 35 910 1057
4630 6 400 793
4630 7 314 793
4630 10 513 654
4630 11 559 681
4630 35 947 1064
4640 6 400 793
4640 7 314 793
4640 10 488 662
4640 11 546 693
4650 6 400 793
4650 7 314 793
4650 10 472 673
4650 11 529 698
4660 6 400 793
4660 7 314 793
4660 10 447 682
4660 11 507 708
4670 6 400 793
4670 7 314 793
4670 10 427 690
4670 11 479 713
4680 6 400 793
4680 7 314 793
4680 10 394 693
4680 11 450 719
4680 36 1130 1065
4690 6 400 793
4690 7 314 793
4690 10 374 703
4690 11 426 724
4690 36 1166 1063
4700 6 400 793
4700 7 314 793
4700 10 343 703
4700 11 402 727
4700 36 1200 1057
4710 6 400 793
4710 7 314 793
4710 10 318 714
4710 11 368 734
4710 36 1230 1048
4720 6 400 793
4720 7 314 793
4720 10 299 719
4720 11 334 735
4720 36 1261 1039
4730 6 401 794
4730 7 314 793
4730 10 273 720
4730 11 318 731
4730 36 1291 1033
4740 6 398 792
4740 7 314 793
4740 10 253 722
4740 11 290 735
4740 36 1317 1025
4750 6 398 792
4750 7 314 793
4750 10 247 725
4750 11 273 739
4750 36 1339 1015
4760 6 398 792
4760 7 314 793
4760 10 237 726
4760 11 257 748
4760 36 1362 1004
4770 6 395 792
4770 7 314 793
4770 10 225 725
4770 11 246 755
4770 36 1378 997
4780 6 395 792
4780 7 314 793
4780 10 218 723
4780 11 238 759
4780 36 1393 978
4790 6 395 792
4790 7 315 796
4790 10 214 725
4790 11 230 762
4790 36 1402 956
4800 6 394 792
4800 7 316 797
4800 10 206 729
4800 11 219 763
4800 36 1417 937
4810 6 393 789
4810 7 316 795
4810 10 200 730
4810 11 207 765
4810 36 1433 918
4820 6 393 789
4820 7 316 791
4820 10 204 731
4820 11 200 771
4820 36 1449 894
4830 6 391 789
4830 7 315 798
4830 10 201 731
4830 11 195 773
4830 36 1459 887
4840 6 390 789
4840 7 313 800
4840 10 204 731
4840 11 190 774
4840 36 1467 861
4850 6 390 789
4850 7 311 802
4850 10 214 733
4850 11 185 774
4850 36 1480 844
4860 6 389 789
4860 7 308 802
4860 10 222 734
4860 11 180 775
4860 36 1488 824
4870 6 389 789
4870 7 308 806
4870 10 232 745
4870 11 175 776
4870 36 1493 808
4880 6 387 786
4880 7 308 806
4880 10 251 749
4880 11 170 776
4880 36 1499 791
4890 6 386 786
4890 7 308 806
4890 10 272 747
4890 11 165 776
4890 36 1503 775
4900 6 386 786
4900 7 308 806
4900 10 293 753
4900 11 160 777
4900 36 1507 758
4910 6 373 785
4910 7 308 806
4910 10 303 758
4910 11 155 778
4910 36 1510 735
4920 6 373 785
4920 7 308 806
4920 10 313 770
4920 11 150 778
4920 36 1513 726
4930 6 373 785
4930 7 308 806
4930 10 313 770
4930 11 145 779
4930 36 1521 706
4940 6 371 784
4940 7 308 806
4940 10 313 769
4940 11 146 780
4940 36 1529 691
4950 6 367 784
4950 7 308 806
4950 10 316 765
4950 11 152 780
4950 36 1541 683
4960 6 375 784
4960 7 308 806
4960 10 310 761
4960 11 153 781
4960 36 1555 674
4970 6 381 784
4970 7 308 806
4970 10 306 763
4970 11 161 781
4970 36 1569 657
4980 6 378 784
4980 7 308 806
4980 10 306 770
4980 11 162 781
4980 36 1582 646
4990 6 378 784
4990 7 308 806
4990 10 305 769
4990 11 158 782
4990 36 1599 627
5000 6 378 784
5000 7 307 806
5000 10 301 764
5000 11 157 783
5000 36 1608 625
5010 6 378 784
5010 7 306 808
5010 10 292 759
5010 11 164 782
5010 36 1621 609
5020 6 373 778
5020 7 307 806
5020 10 280 752
5020 11 165 782
5020 36 1637 599
5030 6 368 782
5030 7 308 804
5030 10 262 751
5030 11 159 779
5030 36 1650 588
5040 6 368 782
5040 7 311 804
5040 10 247 747
5040 11 149 780
5040 36 1660 578
5050 6 368 782
5050 7 309 804
5050 10 225 743
5050 11 137 783
5050 36 1672 567
5060 6 368 782
5060 7 308 805
5060 10 201 740
5060 11 122 785
5060 36 1689 556
5070 6 368 789
5070 7 307 806
5070 10 178 740
5070 11 99 786
5070 36 1697 547
5080 6 371 785
5080 7 306 806
5080 10 152 737
5080 11 77 788
5080 36 1706 531
5090 6 378 782
5090 7 305 806
5090 10 124 731
5090 11 42 789
5090 36 1714 521
5100 6 378 782
5100 7 305 806
5100 10 103 728
5100 11 36 793
5100 36 1720 513
5110 6 378 782
5110 7 305 806
5110 10 74 725
5110 11 17 802
5110 36 1723 503
5120 6 378 782
5120 7 306 806
5120 10 52 728
5120 36 1725 492
5130 6 380 782
5130 7 305 804
5130 10 35 725
5130 36 1730 479
5140 6 380 782
5140 7 305 803
5140 10 17 729
5140 36 1732 471
5150 6 381 782
5150 7 305 803
5150 36 1734 462
5160 6 381 782
5160 7 305 803
5160 36 1739 452
5170 6 381 782
5170 7 305 803
5170 36 1742 442
5180 6 381 782
5180 7 305 803
5180 36 1749 437
5190 6 381 782
5190 7 305 803
5190 36 1753 426
5200 6 381 782
5200 7 305 803
5200 36 1757 417
5210 6 381 782
5210 7 305 803
5210 36 1761 411
5220 6 381 782
5220 7 305 803
5220 36 1763 403
5230 6 381 782
5230 7 305 803
5230 36 1765 394
5240 6 381 782
5240 7 305 803
5240 36 1767 384
5250 6 374 800
5250 7 305 803
5250 36 1770 375
5260 6 374 800
5260 7 305 803
5260 36 1772 367
5270 6 374 800
5270 7 305 802
5270 36 1774 359
5280 6 374 800
5280 7 305 802
5280 36 1779 354
5290 6 370 799
5290 7 306 801
5290 36 1782 347
5300 6 370 799
5300 7 307 801
5300 36 1782 335
5310 6 376 791
5310 7 307 801
5310 36 1789 330
5320 6 378 790
5320 7 307 801
5320 36 1794 324
5330 6 383 782
5330 7 303 806
5330 36 1797 320
5340 6 383 782
5340 7 304 804
5340 36 1799 308
5350 6 383 782
5350 7 306 803
5350 36 1806 304
5360 6 385 782
5360 7 309 803
5360 36 1813 298
5370 6 385 782
5370 7 312 803
5370 36 1819 289
5380 6 385 782
5380 7 314 801
5380 36 1820 288
5390 6 385 782
5390 7 315 797
5390 36 1827 278
5400 6 385 782
5400 7 317 797
5400 36 1833 274
5410 6 385 782
5410 7 317 797
5410 36 1833 268
5420 6 386 782
5420 7 315 798
5420 36 1839 263
5430 6 386 782
5430 7 315 799
5430 36 1841 260
5440 6 386 782
5440 7 315 799
5440 36 1843 254
5450 6 386 782
5450 7 315 799
5450 36 1847 248
5460 6 386 782
5460 7 315 799
5460 36 1852 242
5470 6 386 782
5470 7 315 799
5470 36 1855 238
5480 6 388 782
5480 7 315 799
5480 36 1857 231
5490 6 388 782
5490 7 315 799
5490 16 55 700
5490 36 1858 227
5500 6 388 782
5500 7 315 799
5500 16 110 702
5500 36 1860 224
5510 6 388 782
5510 7 315 799
5510 16 188 702
5510 36 1862 217
5520 6 388 782
5520 7 315 799
5520 16 231 705
5520 36 1862 211
5530 6 388 782
5530 7 315 799
5530 16 272 705
5530 36 1865 206
5540 6 388 782
5540 7 315 799
5540 16 318 686
5540 36 1868 202
5550 6 388 782
5550 7 310 799
5550 16 364 690
5550 36 1868 195
5560 6 389 782
5560 7 310 798
5560 16 400 686
5560 36 1868 191
5570 6 389 782
5570 7 310 798
5570 16 437 680
5570 36 1869 185
5580 6 389 782
5580 7 310 798
5580 16 478 669
5580 36 1871 181
5590 6 389 782
5590 7 310 798
5590 16 494 659
5590 36 1873 178
5600 6 390 782
5600 7 310 798
5600 16 511 659
5600 36 1873 175
5610 6 390 782
5610 7 310 798
5610 16 520 648
5610 36 1874 170
5620 6 390 782
5620 7 310 798
5620 16 550 631
5620 36 1876 165
5630 6 383 790
5630 7 310 798
5630 16 566 629
5630 36 1878 159
5640 6 383 788
5640 7 310 798
5640 16 593 620
5640 36 1876 157
5650 6 380 790
5650 7 310 798
5650 16 594 622
5650 36 1879 153
5660 6 380 790
5660 7 310 798
5660 16 583 633
5660 36 1881 150
5670 6 380 790
5670 7 310 798
5670 16 571 634
5670 36 1882 143
5680 6 387 790
5680 7 310 798
5680 16 550 647
5680 36 1884 138
5690 6 391 782
5690 7 310 798
5690 16 549 655
5690 36 1886 136
5700 6 391 782
5700 7 310 798
5700 16 528 664
5700 36 1886 133
5710 6 393 782
5710 7 310 798
5710 16 513 670
5710 36 1889 129
5720 6 393 782
5720 7 310 798
5720 16 513 671
5720 36 1891 126
5730 6 391 785
5730 7 310 798
5730 16 508 672
5730 36 1893 123
5740 6 391 781
5740 7 310 798
5740 16 509 669
5740 36 1894 118
5750 6 387 781
5750 7 310 798
5750 16 509 669
5750 36 1894 113
5760 6 389 781
5760 7 310 798
5760 16 508 667
5760 36 1897 109
5770 6 384 788
5770 7 310 798
5770 16 508 667
5770 36 1898 105
5780 6 384 788
5780 7 310 798
5780 16 519 671
5780 36 1898 101
5790 6 393 782
5790 7 310 798
5790 16 537 665
5790 36 1898 96
5800 6 393 782
5800 7 310 798
5800 16 558 659
5800 36 1899 91
5810 6 393 782
5810 7 310 798
5810 16 578 657
5810 36 1900 89
5820 6 393 782
5820 7 310 798
5820 16 570 651
5820 36 1900 85
5830 6 393 782
5830 7 310 798
5830 16 570 651
5830 36 1904 80
5840 6 393 782
5840 7 310 798
5840 16 587 648
5840 36 1906 79
5850 6 393 782
5850 7 320 789
5850 16 610 645
5850 36 1909 77
5860 6 393 782
5860 7 319 785
5860 16 642 639
5870 6 393 782
5870 7 319 783
5870 16 677 631
5880 6 391 782
5880 7 319 780
5880 16 705 610
5890 6 391 782
5890 7 319 778
5890 16 747 595
5900 6 391 782
5900 7 321 778
5900 16 793 586
5910 6 391 782
5910 7 320 777
5910 16 843 563
5920 6 391 782
5920 7 318 783
5920 16 913 539
5930 6 390 782
5930 7 317 782
5930 16 967 522
5940 6 385 782
5940 7 318 780
5940 16 1029 499
5950 6 384 784
5950 7 321 780
5950 16 1098 480
5960 6 383 783
5960 7 322 780
5960 16 1141 460
5970 6 381 781
5970 7 321 780
5970 16 1198 453
5980 6 381 781
5980 7 321 781
5980 16 1259 444
5990 6 381 781
5990 7 323 781
5990 16 1307 431
6000 6 381 781
6000 7 323 781
6000 16 1347 418
6010 6 381 781
6010 7 326 781
6010 16 1379 419
6020 6 387 782
6020 7 326 779
6020 16 1406 427
6030 6 386 782
6030 7 321 776
6030 16 1417 433
6040 6 386 782
6040 7 322 775
6040 16 1418 436
6050 6 386 782
6050 7 324 773
6050 16 1411 428
6060 6 386 785
6060 7 324 773
6060 16 1414 426
6070 6 386 785
6070 7 324 773
6070 16 1421 429
6080 6 385 785
6080 7 324 773
6080 16 1428 432
6090 6 385 785
6090 7 324 773
6090 16 1430 439
6100 6 385 785
6100 7 324 772
6110 6 385 785
6110 7 326 769
6120 6 385 785
6120 7 327 768
6130 6 385 785
6130 7 328 767
6140 6 382 785
6140 7 329 766
6150 6 382 785
6150 7 327 767
6160 6 382 785
6160 7 327 767
6170 6 382 785
6170 7 327 767
6180 6 382 785
6180 7 327 767
6190 6 381 785
6190 7 327 767
6200 6 381 785
6200 7 325 766
6210 6 381 785
6210 7 325 766
6220 6 381 785
6220 7 325 766
6230 6 381 785
6230 7 325 766
6240 6 380 785
6240 7 325 766
6250 6 380 785
6250 7 325 766
6260 6 380 785
6260 7 324 765
6270 6 380 785
6270 7 324 765
6280 6 380 785
6280 7 324 765
6290 6 380 785
6290 7 324 765
6300 6 380 785
6300 7 324 765
6310 6 380 785
6310 7 324 765
6320 6 380 785
6320 7 324 765
6330 6 380 785
6330 7 324 765
6340 6 380 785
6340 7 324 765
6350 6 380 785
6350 7 324 765
6360 6 381 785
6360 7 324 765
6370 6 381 785
6370 7 324 765
6380 6 381 785
6380 7 324 765
6390 6 381 783
6390 7 324 765
6400 6 381 783
6400 7 324 765
6410 6 381 782
6410 7 324 765
6420 6 381 782
6420 7 324 765
6430 6 381 782
6430 7 324 765
6440 6 383 782
6440 7 324 765
6450 6 383 782
6450 7 324 765
6460 6 383 782
6460 7 324 765
6470 6 383 782
6470 7 324 765
6480 6 383 782
6480 7 324 765
6490 6 383 781
6490 7 324 765
6500 6 383 781
6500 7 324 765
6510 6 385 781
6510 7 324 765
6520 6 385 781
6520 7 324 765
6530 6 385 779
6530 7 324 765
6540 6 385 779
6540 7 324 765
6550 6 385 779
6550 7 324 765
6560 6 385 779
6560 7 324 765
6570 6 385 779
6570 7 324 765
6580 6 385 779
6580 7 324 765
6590 6 387 778
6590 7 324 765
6600 6 387 778
6600 7 324 765
6610 6 387 778
6610 7 324 765
6620 6 387 778
6620 7 324 765
6630 6 387 778
6630 7 324 765
6640 6 387 778
6640 7 324 765
6650 6 387 777
6650 7 324 765
6660 6 389 777
6660 7 324 765
6670 6 389 777
6670 7 324 765
6680 6 389 777
6680 7 324 766
6690 6 389 775
6690 7 324 766
6700 6 389 775
6700 7 324 767
6710 6 389 775
6710 7 324 767
6720 6 389 775
6720 7 324 768
6730 6 389 775
6730 7 324 768
6740 6 392 775
6740 7 324 769
6750 6 392 775
6750 7 325 771
6760 6 392 775
6760 7 325 771
6770 6 392 774
6770 7 325 771
6780 6 392 774
6780 7 325 771
6790 6 392 773
6790 7 325 771
6800 6 392 773
6800 7 324 770
6810 6 393 773
6810 7 324 770
6820 6 393 773
6820 7 324 769
6830 6 393 773
6830 7 324 769
6840 6 393 773
6840 7 324 768
6850 6 393 773
6850 7 324 768
6860 6 393 773
6860 7 323 768
6870 6 393 773
6870 7 323 768
6880 6 393 773
6880 7 322 768
6890 6 393 773
6890 7 322 768
6900 6 393 773
6900 7 322 768
6910 6 390 773
6910 7 321 768
6920 6 385 778
6920 7 321 768
6930 6 383 777
6930 7 321 768
6940 6 383 777
6940 7 321 768
6950 6 383 777
6950 7 321 768
6960 6 383 777
6960 7 321 769
6970 6 383 777
6970 7 321 769
6980 6 383 777
6980 7 321 768
6990 6 381 775
6990 7 321 768
7000 6 381 775
7000 7 321 768
7010 6 380 778
7010 7 322 768
7020 6 380 778
7020 7 322 768
7030 6 393 780
7030 7 322 767
7040 6 393 780
7040 7 322 767
7050 6 380 778
7050 7 322 766
7060 6 380 778
7060 7 322 766
7070 6 380 778
7070 7 322 765
7080 6 380 778
7080 7 322 765
7090 6 380 778
7090 7 322 765
7100 6 380 778
7100 7 322 765
7110 6 380 778
7110 7 322 765
7120 6 380 778
7120 7 322 765
7130 6 380 778
7130 7 322 765
7140 6 380 778
7140 7 321 766
7150 6 380 778
7150 7 320 768
7160 6 380 778
7160 7 320 768
7170 6 380 778
7170 7 320 768
7180 6 380 778
7180 7 320 768
7190 6 380 778
7190 7 319 768
7200 6 380 778
7200 7 319 768
7210 6 380 778
7210 7 319 768
7220 6 380 778
7220 7 319 767
7230 6 380 778
7230 7 319 767
7240 6 380 778
7240 7 319 767
7250 6 380 775
7250 7 319 767
7260 6 380 775
7260 7 319 767
7270 6 380 775
7270 7 319 767
7280 6 380 775
7280 7 319 767
7290 6 380 775
7290 7 319 768
7300 6 380 775
7300 7 319 768
7310 6 380 773
7310 7 319 768
7320 6 380 773
7320 7 319 768
7330 6 381 773
7330 7 319 768
7340 6 381 773
7340 7 319 769
7350 6 381 773
7350 7 319 769
7360 6 381 770
7360 7 319 769
7370 6 381 770
7370 7 319 769
7380 6 381 770
7380 7 319 769
7390 6 381 770
7390 7 319 769
7400 6 381 770
7400 7 319 769
7410 6 381 770
7410 7 319 769
7420 6 382 770
7420 7 319 769
7430 6 382 770
7430 7 319 769
7440 6 382 773
7440 7 319 769
7450 6 382 773
7450 7 319 769
7460 6 382 773
7460 7 319 769
7470 6 382 775
7470 7 319 769
7480 6 382 775
7480 7 319 769
7490 6 382 775
7490 7 319 769
7500 6 382 778
7500 7 319 769
7510 6 382 778
7510 7 319 769
7520 6 382 781
7520 7 318 770
7530 6 382 781
7530 7 317 771
7540 6 382 781
7540 7 317 771
7550 6 382 781
7550 7 318 771
7560 6 387 778
7560 7 319 771
7570 6 390 775
7570 7 320 771
7580 6 393 773
7580 7 320 771
7590 6 385 775
7590 7 321 771
7600 6 385 775
7600 7 322 771
7610 6 385 779
7610 7 323 771
7620 6 385 779
7620 7 324 771
7630 6 385 779
7630 7 324 771
7640 6 391 778
7640 7 325 771
7650 6 402 774
7650 7 330 771
7660 6 404 770
7660 7 335 769
7670 6 404 770
7670 7 336 766
7680 6 399 764
7680 7 342 765
7690 6 416 761
7690 7 351 765
7700 6 425 760
7700 7 353 765
7710 6 429 754
7710 7 358 765
7720 6 432 750
7720 7 362 765
7730 6 436 748
7730 7 362 765
7740 6 449 743
7740 7 363 764
7750 6 453 734
7750 7 365 763
7760 6 456 732
7760 7 367 759
7770 6 456 732
7770 7 372 753
7780 6 456 732
7780 7 373 748
7790 6 454 729
7790 7 382 748
7800 6 453 729
7800 7 385 746
7810 6 453 729
7810 7 388 744
7820 6 451 726
7820 7 394 741
7830 6 451 726
7830 7 389 742
7840 6 451 726
7840 7 389 740
7850 6 451 729
7850 7 392 739
7860 6 453 732
7860 7 398 739
7870 6 456 734
7870 7 398 736
7880 6 453 732
7880 7 403 733
7890 6 453 732
7890 7 414 728
7900 6 451 729
7900 7 413 716
7910 1 1900 124
7910 6 451 729
7910 7 415 706
7920 1 1888 121
7920 6 459 721
7920 7 427 698
7930 1 1874 120
7930 6 467 713
7930 7 437 691
7940 1 1847 120
7940 6 467 724
7940 7 449 683
7950 1 1821 120
7950 6 471 710
7950 7 460 673
7960 1 1794 120
7960 6 482 702
7960 7 473 667
7970 1 1767 120
7970 6 501 690
7970 7 478 657
7980 1 1743 122
7980 6 522 671
7980 7 487 647
7990 1 1719 122
7990 6 541 660
7990 7 502 636
8000 1 1695 125
8000 6 559 649
8000 7 516 625
8010 1 1674 128
8010 6 578 636
8010 7 534 618
8020 1 1650 130
8020 6 598 625
8020 7 558 609
8030 1 1629 133
8030 6 617 614
8030 7 577 595
8040 1 1610 136
8040 6 636 604
8040 7 596 588
8050 1 1591 141
8050 6 652 596
8050 7 616 578
8060 1 1573 144
8060 6 670 588
8060 7 641 571
8070 1 1554 149
8070 6 689 577
8070 7 659 558
8080 1 1535 152
8080 6 705 569
8080 7 678 547
8090 1 1517 157
8090 6 724 561
8090 7 689 538
8100 1 1501 162
8100 6 740 553
8100 7 710 531
8110 1 1482 168
8110 6 758 545
8110 7 728 521
8120 1 1463 173
8120 6 774 534
8120 7 737 513
8130 1 1445 178
8130 6 788 526
8130 7 751 505
8140 1 1429 184
8140 6 804 516
8140 7 766 496
8150 1 1410 189
8150 6 820 508
8150 7 782 485
8160 1 1391 194
8160 6 836 497
8160 7 794 476
8170 1 1373 200
8170 6 852 486
8170 7 812 472
8180 1 1357 205
8180 6 865 478
8180 7 825 463
8190 1 1338 211
8190 6 874 473
8190 7 837 452
8200 1 1322 218
8200 6 884 466
8200 7 846 447
8210 1 1303 226
8210 6 893 461
8210 7 860 442
8220 1 1287 234
8220 6 901 454
8220 7 871 430
8230 1 1269 242
8230 6 919 437
8230 7 883 426
8240 1 1253 249
8240 6 935 425
8240 7 896 417
8250 1 1237 258
8250 6 947 412
8250 7 906 412
8260 1 1215 261
8260 6 957 408
8260 7 915 400
8270 1 1197 266
8270 6 965 405
8270 7 926 398
8280 1 1178 269
8280 6 976 397
8280 7 940 387
8290 1 1159 274
8290 6 981 392
8290 7 948 382
8300 1 1141 279
8300 6 992 384
8300 7 960 378
8310 1 1125 285
8310 6 1006 376
8310 7 967 369
8320 1 1109 290
8320 6 1015 366
8320 7 977 362
8330 1 1093 295
8330 6 1022 362
8330 7 987 357
8340 1 1077 301
8340 6 1035 360
8340 7 995 351
8350 1 1071 303
8350 6 1048 352
8350 7 1002 345
8360 1 1066 306
8360 6 1053 350
8360 7 1009 341
8370 1 1051 316
8370 6 1059 349
8370 7 1017 340
8380 1 1042 318
8380 6 1065 348
8380 7 1028 338
8390 1 1042 318
8390 6 1080 347
8390 7 1040 337
8400 1 1042 318
8400 6 1079 335
8400 7 1047 332
8410 1 1044 311
8410 6 1090 332
8410 7 1058 327
8420 1 1051 309
8420 6 1101 328
8420 7 1069 322
8430 1 1059 304
8430 6 1105 321
8430 7 1077 316
8440 1 1067 303
8440 6 1115 315
8440 7 1088 312
8450 1 1083 295
8450 6 1123 308
8450 7 1094 304
8460 1 1087 293
8460 6 1130 306
8460 7 1102 299
8470 1 1101 285
8470 6 1145 298
8470 7 1111 294
8480 1 1111 279
8480 6 1151 294
8480 7 1120 289
8490 1 1117 274
8490 6 1162 286
8490 7 1130 280
8500 1 1125 269
8500 6 1172 279
8500 7 1138 273
8510 1 1130 263
8510 6 1176 280
8510 7 1145 268
8520 1 1135 258
8520 6 1183 271
8520 7 1155 262
8530 1 1143 253
8530 6 1194 263
8530 7 1163 258
8540 1 1149 247
8540 6 1201 258
8540 7 1171 254
8550 1 1154 242
8550 6 1207 253
8550 7 1179 248
8560 1 1162 237
8560 6 1213 249
8560 7 1186 242
8570 1 1166 229
8570 6 1214 242
8570 7 1189 236
8580 1 1173 223
8580 6 1224 235
8580 7 1192 230
8590 1 1179 215
8590 6 1232 230
8590 7 1197 221
8600 1 1186 210
8600 6 1237 226
8600 7 1200 215
8610 1 1193 205
8610 6 1243 221
8610 7 1204 210
8620 1 1197 199
8620 6 1250 217
8620 7 1212 207
8630 1 1202 194
8630 6 1256 213
8630 7 1221 199
8640 1 1207 189
8640 6 1262 207
8640 7 1227 196
8650 1 1213 183
8650 6 1267 204
8650 7 1232 192
8660 1 1218 181
8660 6 1274 198
8660 7 1239 187
8670 1 1223 175
8670 6 1281 194
8670 7 1246 182
8680 1 1229 170
8680 6 1286 189
8680 7 1252 178
8690 1 1240 166
8690 6 1291 185
8690 7 1257 174
8700 1 1245 160
8700 6 1299 181
8700 7 1266 170
8710 1 1250 157
8710 6 1305 176
8710 7 1271 165
8720 1 1259 152
8720 6 1310 170
8720 7 1274 160
8730 1 1264 145
8730 6 1315 168
8730 7 1282 155
8740 1 1272 144
8740 6 1323 162
8740 7 1287 151
8750 1 1277 141
8750 6 1329 160
8750 7 1291 146
8760 1 1278 135
8760 6 1334 154
8760 7 1296 140
8770 1 1283 133
8770 6 1339 149
8770 7 1303 136
8780 1 1291 127
8780 6 1347 146
8780 7 1308 133
8790 1 1297 125
8790 6 1353 141
8790 7 1314 130
8800 1 1305 119
8800 6 1358 138
8800 7 1322 125
8810 1 1310 117
8810 6 1363 133
8810 7 1328 119
8820 1 1315 111
8820 6 1371 128
8820 7 1331 116
8830 1 1323 109
8830 6 1377 125
8830 7 1338 115
8840 1 1329 103
8840 6 1382 120
8840 7 1348 108
8850 1 1337 101
8850 6 1390 117
8850 7 1351 104
8860 1 1339 95
8860 6 1393 112
8860 7 1356 103
8870 1 1345 93
8870 6 1398 109
8870 7 1363 96
8880 1 1350 90
8880 6 1403 104
8880 7 1369 93
8890 1 1355 87
8890 6 1409 101
8890 7 1375 89
8900 1 1361 85
8900 6 1414 96
8900 7 1381 84
8910 1 1366 79
8910 6 1419 93
8910 7 1387 80
8920 1 1371 77
8920 6 1425 88
8920 7 1392 77
8930 1 1377 74
8930 6 1430 85
8930 7 1397 74
8940 1 1379 71
8940 6 1435 80
8940 7 1401 71
8950 1 1392 62
8950 6 1441 77
8950 7 1405 67
8960 1 1394 62
8960 6 1446 72
8960 7 1409 64
8970 1 1395 61
8970 6 1451 69
8970 7 1415 60
8980 1 1401 58
8980 6 1457 64
8980 7 1421 57
8990 1 1406 55
8990 6 1462 61
8990 7 1425 54
9000 1 1411 53
9000 6 1467 56
9000 7 1430 50
9010 1 1417 50
9010 6 1473 53
9010 7 1436 46
9020 1 1424 42
9020 6 1475 50
9020 7 1440 43
9030 1 1431 39
9030 6 1478 48
9030 7 1444 43
9040 1 1431 36
9040 6 1481 48
9040 7 1450 42
9050 1 1437 35
9050 6 1481 43
9050 7 1455 39
9060 1 1441 35
9060 6 1486 39
9060 7 1458 36
9070 1 1448 34
9070 6 1488 37
9070 7 1462 36
9080 1 1453 33
9080 6 1492 35
9080 7 1468 34
9090 1 1457 32
9090 6 1496 33
9090 7 1472 32
9100 1 1461 30
9100 6 1499 32
9100 7 1476 30
9110 1 1465 28
9110 6 1501 30
9110 7 1481 30
9120 1 1469 26
9120 6 1502 30
9120 7 1485 30
9130 1 1471 25
9130 6 1505 27
9130 7 1489 29
9140 1 1475 24
9140 6 1507 25
9140 7 1491 28
9150 1 1477 22
9150 6 1510 25
9150 7 1494 25
9160 1 1483 23
9160 6 1516 25
9160 7 1495 25
9170 1 1485 20
9170 6 1518 25
9170 7 1494 23
9180 1 1491 19
9180 6 1523 23
9180 7 1496 22
9190 1 1493 18
9190 6 1529 20
9190 7 1501 21
9200 1 1494 17
9200 6 1534 19
9200 7 1505 20
9210 1 1495 17
9210 6 1537 19
9210 7 1506 19
9220 1 1495 17
9220 6 1538 18
9220 7 1508 19
9230 1 1495 17
9230 6 1538 17
9230 7 1510 19
9240 1 1495 17
9240 6 1538 17
9240 7 1509 16
9250 1 1495 17
9250 6 1536 16
9250 7 1508 16
9260 1 1495 17
9260 6 1535 16
9260 7 1507 16
9270 1 1494 17
9270 6 1533 16
9270 7 1507 16
9280 1 1494 17
9280 6 1532 15
9280 7 1507 16
9290 1 1494 17
9290 6 1531 14
9290 7 1507 16
9290 18 1494 375
9300 1 1494 17
9300 6 1531 14
9300 7 1507 16
9300 18 1496 367
9310 1 1494 17
9310 6 1530 14
9310 7 1507 16
9310 18 1490 369
9320 1 1494 17
9320 6 1529 14
9320 7 1507 16
9320 18 1487 366
9330 1 1495 17
9330 6 1529 14
9330 7 1507 17
9330 18 1486 363
9340 1 1496 17
9340 6 1528 14
9340 7 1507 17
9340 18 1485 360
9350 1 1496 17
9350 6 1527 14
9350 7 1507 17
9350 18 1485 360
9360 1 1497 17
9360 6 1527 14
9360 7 1507 17
9360 18 1498 362
9370 1 1505 17
9370 6 1526 14
9370 7 1507 17
9370 18 1524 368
9380 1 1518 17
9380 6 1526 14
9380 7 1504 16
9380 18 1545 379
9390 1 1528 17
9390 6 1525 14
9390 7 1502 16
9390 18 1561 382
9400 1 1547 17
9400 6 1524 13
9400 7 1502 16
9400 18 1579 389
9410 1 1566 19
9410 6 1524 13
9410 7 1502 16
9410 18 1602 392
9420 1 1577 19
9420 6 1523 13
9420 7 1502 16
9420 18 1616 388
9430 1 1596 19
9430 6 1522 13
9430 7 1502 16
9430 18 1639 380
9440 1 1605 18
9440 6 1521 13
9440 7 1502 16
9440 18 1660 370
9450 1 1610 18
9450 6 1521 13
9450 7 1502 16
9450 18 1682 362
9460 1 1619 19
9460 6 1520 13
9460 7 1500 16
9460 18 1699 346
9470 1 1617 19
9470 6 1519 13
9470 7 1500 16
9470 18 1710 332
9470 19 981 661
9480 1 1617 19
9480 6 1519 13
9480 7 1500 16
9480 18 1720 331
9480 19 989 659
9490 1 1618 19
9490 6 1518 13
9490 7 1500 16
9490 18 1741 314
9490 19 997 657
9500 1 1620 19
9500 6 1517 13
9500 7 1500 16
9500 18 1757 305
9500 19 1006 656
9510 1 1621 19
9510 6 1516 13
9510 7 1499 16
9510 18 1770 296
9510 19 1014 654
9510 21 35 717
9520 1 1622 19
9520 6 1515 13
9520 7 1498 16
9520 18 1778 285
9520 19 1018 656
9520 21 65 717
9530 1 1624 19
9530 6 1513 13
9530 7 1494 17
9530 18 1786 274
9530 19 1020 659
9530 21 102 717
9540 1 1626 19
9540 6 1511 12
9540 7 1491 16
9540 18 1797 265
9540 19 1023 661
9540 21 137 714
9550 1 1628 19
9550 6 1507 10
9550 7 1483 14
9550 18 1805 253
9550 19 1025 663
9550 21 169 711
9560 1 1634 18
9560 6 1502 10
9560 7 1479 14
9560 18 1813 243
9560 19 1037 655
9560 21 203 709
9570 1 1643 18
9570 6 1496 10
9570 7 1471 14
9570 18 1821 232
9570 19 1046 646
9570 21 238 706
9580 1 1653 18
9580 6 1492 10
9580 7 1464 13
9580 18 1829 222
9580 19 1057 637
9580 21 270 703
9590 1 1663 18
9590 6 1486 9
9590 7 1455 11
9590 18 1839 214
9590 19 1067 629
9590 21 306 694
9600 1 1675 17
9600 6 1476 9
9600 7 1446 11
9600 18 1847 206
9600 19 1078 619
9600 21 341 686
9610 1 1693 17
9610 6 1468 8
9610 7 1440 10
9610 18 1858 198
9610 19 1073 611
9610 21 375 678
9620 1 1708 17
9620 6 1459 6
9620 7 1430 10
9620 18 1866 190
9620 19 1067 603
9620 21 410 670
9630 1 1724 17
9630 6 1450 6
9630 7 1421 9
9630 18 1877 182
9630 19 1062 596
9630 21 454 661
9640 1 1743 19
9640 18 1885 174
9640 19 1046 569
9640 21 479 652
9650 1 1760 19
9650 18 1890 163
9650 19 1042 564
9650 21 514 645
9660 1 1780 20
9660 18 1894 160
9660 19 1032 552
9660 21 548 636
9670 1 1801 19
9670 18 1907 156
9670 19 1030 551
9670 21 581 629
9680 1 1813 21
9680 19 1025 555
9680 21 614 619
9690 1 1834 23
9690 19 1023 558
9690 21 646 613
9700 1 1853 24
9700 19 1023 561
9700 21 675 605
9710 1 1868 26
9710 19 1027 553
9710 21 705 594
9720 1 1883 28
9720 19 1029 552
9720 21 734 586
9730 1 1895 28
9730 19 1029 553
9730 21 763 578
9740 1 1904 30
9740 19 1027 554
9740 21 789 571
9750 19 1027 554
9750 21 813 564
9760 19 1039 561
9760 21 840 557
9770 19 1054 568
9770 21 866 549
9780 19 1066 573
9780 21 893 541
9790 19 1081 580
9790 21 920 533
9800 19 1083 596
9800 21 946 526
9810 19 1095 604
9810 21 976 529
9820 19 1094 619
9820 21 1002 534
9830 19 1075 636
9830 21 1029 539
9840 19 1067 646
9840 21 1044 548
9850 19 1062 657
9850 21 1065 554
9860 19 1059 668
9860 21 1086 562
9870 19 1065 662
9870 21 1109 569
9870 37 1910 84
9880 19 1073 657
9880 21 1115 579
9880 37 1907 87
9890 19 1081 649
9890 21 1120 587
9890 37 1906 93
9900 19 1089 644
9900 21 1125 595
9900 37 1903 97
9910 19 1091 660
9910 21 1130 603
9910 37 1902 104
9920 19 1086 659
9920 21 1133 609
9920 37 1901 108
9930 19 1081 658
9930 21 1133 611
9930 37 1901 114
9940 19 1073 658
9940 21 1133 617
9940 37 1905 120
9950 19 1067 657
9950 21 1133 619
9950 37 1910 133
9960 19 1049 645
9960 21 1133 625
9970 19 1027 631
9970 21 1133 627
9980 19 1027 630
9980 21 1144 627
9980 23 29 727
9980 38 1900 25
9990 19 1027 630
9990 21 1154 625
9990 23 42 720
9990 38 1885 25
10000 19 1027 630
10000 21 1149 619
10000 23 66 718
10000 24 33 757
10000 38 1868 25
10010 19 1027 630
10010 21 1150 617
10010 23 94 715
10010 24 38 755
10010 38 1851 25
10020 19 1043 627
10020 21 1152 617
10020 23 109 721
10020 24 73 753
10020 38 1830 22
10030 19 1056 654
10030 21 1140 614
10030 23 136 721
10030 24 101 758
10030 38 1816 22
10040 19 1056 654
10040 21 1129 613
10040 23 165 721
10040 24 131 754
10040 38 1796 22
10050 19 1070 649
10050 21 1129 613
10050 23 194 721
10050 24 162 751
10050 38 1776 22
10060 19 1082 645
10060 21 1129 614
10060 23 224 721
10060 24 203 748
10060 38 1761 22
10070 19 1081 645
10070 21 1129 615
10070 23 253 721
10070 24 222 743
10070 38 1746 22
10080 19 1081 646
10080 21 1129 617
10080 23 282 721
10080 24 253 742
10080 38 1728 20
10090 19 1085 649
10090 21 1129 618
10090 23 301 713
10090 24 285 735
10090 38 1712 20
10100 19 1084 649
10100 21 1129 619
10100 23 322 705
10100 24 320 732
10100 38 1696 19
10110 19 1081 648
10110 21 1129 621
10110 23 352 686
10110 24 354 726
10110 38 1678 19
10120 19 1070 646
10120 21 1129 622
10120 23 365 691
10120 24 389 722
10120 38 1658 20
10130 19 1064 642
10130 21 1142 617
10130 23 400 686
10130 24 421 714
10130 38 1647 18
10140 19 1063 648
10140 21 1155 614
10140 23 434 681
10140 24 453 706
10140 38 1631 16
10150 19 1068 647
10150 21 1155 614
10150 23 456 667
10150 24 478 692
10150 38 1616 15
10160 19 1072 653
10160 21 1158 617
10160 23 480 657
10160 24 503 677
10160 38 1601 14
10170 19 1069 663
10170 21 1158 618
10170 23 504 643
10170 24 530 662
10170 38 1584 14
10180 19 1063 669
10180 21 1161 621
10180 23 528 633
10180 24 555 648
10180 38 1568 14
10190 19 1049 673
10190 21 1161 622
10190 23 552 622
10190 24 582 635
10190 38 1558 12
10200 19 1042 673
10200 21 1163 625
10200 23 568 611
10200 24 601 625
10200 38 1542 12
10210 19 1028 678
10210 21 1163 625
10210 23 586 603
10210 24 622 614
10210 38 1524 12
10220 19 1020 680
10220 21 1141 636
10220 23 605 593
10220 24 644 603
10220 38 1512 10
10230 19 1020 680
10230 21 1148 639
10230 23 621 585
10230 24 665 595
10230 38 1493 9
10240 19 1020 680
10240 21 1148 635
10240 23 640 574
10240 24 686 585
10240 38 1478 7
10250 19 1020 680
10250 21 1169 633
10250 23 658 566
10250 24 708 574
10250 38 1467 8
10260 19 1022 678
10260 21 1171 635
10260 23 677 558
10260 24 729 566
10270 19 1022 678
10270 21 1171 633
10270 23 693 546
10270 24 745 553
10280 19 1022 678
10280 21 1171 631
10280 23 712 536
10280 24 761 542
10290 19 1022 678
10290 21 1171 629
10290 23 730 526
10290 24 780 531
10300 19 1022 678
10300 21 1171 627
10300 23 746 514
10300 24 796 518
10310 19 1022 678
10310 21 1171 625
10310 23 765 503
10310 24 812 507
10320 19 1022 678
10320 21 1171 623
10320 23 784 494
10320 24 830 497
10330 19 1022 678
10330 21 1162 620
10330 23 797 484
10330 24 842 487
10340 19 1022 678
10340 21 1154 617
10340 23 810 476
10340 24 855 479
10350 19 1022 678
10350 21 1146 613
10350 23 824 468
10350 24 867 471
10360 19 1022 678
10360 21 1137 610
10360 23 837 460
10360 24 881 462
10370 19 1022 679
10370 21 1129 606
10370 23 853 452
10370 24 893 454
10380 19 1024 678
10380 21 1122 605
10380 23 866 444
10380 24 906 446
10390 19 1024 677
10390 21 1106 597
10390 23 880 436
10390 24 918 437
10400 19 1029 675
10400 21 1090 589
10400 23 893 428
10400 24 931 429
10410 19 1031 676
10410 21 1074 581
10410 23 906 420
10410 24 943 421
10420 19 1031 678
10420 21 1060 573
10420 23 908 400
10420 24 958 413
10430 19 1013 667
10430 21 1027 550
10430 23 921 395
10430 24 969 402
10440 19 993 652
10440 21 997 529
10440 23 931 389
10440 24 980 391
10450 19 988 653
10450 21 973 531
10450 23 948 383
10450 24 990 381
10460 19 976 656
10460 21 949 536
10460 23 963 375
10460 24 1001 370
10470 19 969 658
10470 21 925 541
10470 23 974 369
10470 24 1014 362
10480 19 974 660
10480 21 898 544
10480 23 983 358
10480 24 1025 359
10490 21 872 546
10490 23 995 351
10490 24 1036 357
10500 21 845 549
10500 23 1006 345
10500 24 1049 357
10510 21 810 560
10510 23 1012 333
10510 24 1060 349
10520 21 778 573
10520 23 1025 329
10520 24 1070 341
10530 21 746 586
10530 23 1032 318
10530 24 1081 335
10540 21 721 594
10540 23 1045 315
10540 24 1094 327
10550 21 697 605
10550 23 1056 311
10550 24 1105 322
10560 21 673 613
10560 23 1061 308
10560 24 1116 314
10570 21 650 624
10570 23 1069 297
10570 24 1129 309
10580 21 616 636
10580 23 1079 292
10580 24 1134 303
10590 21 584 649
10590 23 1096 285
10590 24 1142 298
10600 21 552 661
10600 23 1102 283
10600 24 1150 293
10610 21 520 675
10610 23 1113 276
10610 24 1158 287
10620 21 477 683
10620 23 1119 268
10620 24 1166 279
10630 21 434 691
10630 23 1127 266
10630 24 1174 274
10640 21 392 699
10640 23 1142 262
10640 24 1185 269
10650 21 349 707
10650 23 1142 262
10650 24 1193 261
10660 21 306 715
10660 23 1149 251
10660 24 1201 255
10670 21 264 723
10670 23 1158 245
10670 24 1212 250
10680 21 224 726
10680 23 1167 238
10680 24 1220 245
10690 21 184 731
10690 23 1174 233
10690 24 1228 242
10700 21 144 734
10700 23 1190 233
10700 24 1236 237
10710 21 104 739
10710 23 1195 237
10710 24 1244 234
10720 21 66 742
10720 23 1201 230
10720 24 1249 227
10730 21 46 743
10730 23 1209 223
10730 24 1255 222
10740 23 1217 218
10740 24 1261 218
10750 23 1222 211
10750 24 1267 211
10760 23 1230 206
10760 24 1273 206
10770 23 1238 201
10770 24 1280 202
10780 23 1243 194
10780 24 1285 196
10790 23 1251 188
10790 24 1291 190
10800 23 1259 183
10800 24 1298 186
10810 23 1262 181
10810 24 1303 182
10820 23 1267 178
10820 24 1309 178
10830 23 1273 175
10830 24 1314 174
10840 23 1278 173
10840 24 1319 170
10850 23 1283 173
10850 24 1327 167
10860 23 1286 167
10860 24 1330 162
10870 23 1291 165
10870 24 1335 159
10880 23 1297 161
10880 24 1341 157
10890 23 1302 158
10890 24 1346 154
10900 23 1307 154
10900 24 1351 149
10910 23 1310 150
10910 24 1354 146
10920 23 1315 146
10920 24 1359 143
10930 23 1321 144
10930 24 1365 141
10940 23 1326 141
10940 24 1370 135
10950 23 1331 137
10950 24 1375 133
10960 23 1334 133
10960 24 1378 130
10970 23 1339 129
10970 24 1383 127
10980 23 1345 126
10980 24 1389 122
10990 23 1350 122
10990 24 1394 119
11000 23 1355 119
11000 24 1399 117
11010 23 1361 117
11010 24 1405 114
11020 23 1363 111
11020 24 1407 110
11030 23 1366 109
11030 24 1410 107
11040 23 1370 106
11040 24 1413 105
11050 23 1374 103
11050 24 1415 102
11060 23 1377 101
11060 24 1418 99
11070 23 1381 98
11070 24 1422 97
11080 23 1383 94
11080 24 1425 94
11090 23 1389 92
11090 24 1428 91
11100 23 1391 89
11100 24 1430 89
11110 23 1394 86
11110 24 1433 86
11120 23 1399 84
11120 24 1436 83
11130 23 1402 81
11130 24 1439 81
11140 23 1406 77
11140 24 1442 78
11150 23 1409 74
11150 24 1445 75
11160 23 1413 71
11160 24 1447 73
11170 23 1417 69
11170 24 1450 70
11180 23 1420 66
11180 24 1453 67
11190 23 1425 63
11190 24 1457 66
11200 23 1428 61
11200 24 1459 64
11210 23 1436 55
11210 24 1465 62
11220 23 1441 56
11220 24 1470 59
11230 23 1447 54
11230 24 1475 58
11240 23 1455 49
11240 24 1481 55
11250 23 1462 47
11250 24 1486 55
11260 23 1467 50
11260 24 1491 54
11270 23 1473 46
11270 24 1497 52
11280 23 1474 45
11280 24 1499 50
11290 23 1481 42
11290 24 1505 47
11300 23 1485 41
11300 24 1510 46
11310 23 1489 40
11310 24 1515 46
11320 23 1496 38
11320 24 1523 38
11330 23 1499 37
11330 24 1529 38
11340 23 1494 33
11340 24 1529 38
11350 23 1499 32
11350 24 1537 37
11360 23 1505 32
11360 24 1540 35
11370 23 1506 31
11370 24 1546 35
11380 23 1518 30
11380 24 1546 35
11390 23 1519 30
11390 24 1552 33
11400 23 1521 29
11400 24 1552 33
11410 23 1527 28
11410 24 1555 31
11420 23 1533 26
11420 24 1559 30
11430 23 1534 26
11430 24 1562 30
11440 23 1535 26
11440 24 1568 29
11450 23 1539 26
11450 24 1568 29
11460 23 1544 26
11460 24 1569 28
11470 23 1544 25
11470 24 1572 28
11480 23 1544 24
11480 24 1572 26
11490 23 1544 24
11490 24 1572 23
11500 23 1538 22
11500 24 1567 22
11510 23 1529 22
11510 24 1562 22
11520 23 1524 21
11520 24 1554 21
11530 23 1515 20
11530 24 1543 21
11540 23 1507 19
11540 24 1534 20
11550 23 1502 17
11550 24 1527 19
11560 23 1499 16
11560 24 1522 16
11570 23 1492 15
11570 24 1517 15
11580 23 1484 15
11580 24 1512 15
11590 23 1477 15
11590 24 1506 14
11600 23 1473 14
11600 24 1498 13
11610 23 1471 14
11610 24 1495 13
11620 23 1466 11
11620 24 1485 12
11630 23 1459 11
11630 24 1479 11
11640 23 1450 10
11640 24 1473 10
12180 30 28 716
12190 30 58 712
12200 30 77 710
12210 30 112 719
12220 30 138 712
12230 30 180 714
12240 30 211 717
12250 30 249 719
12260 30 283 717
12270 30 321 714
12280 30 358 711
12290 30 395 711
12300 30 417 726
12310 30 451 724
12320 30 486 724
12330 30 517 721
12340 30 564 724
12350 30 601 718
12360 30 631 718
12370 30 674 715
12380 30 720 708
12390 30 763 693
12400 30 801 690
12410 30 835 687
12420 30 873 685
12430 30 910 685
12440 30 947 682
12450 30 985 679
12460 30 1022 679
12470 30 1057 670
12480 30 1091 662
12490 30 1126 653
12500 30 1161 645
12510 30 1195 637
12520 30 1230 627
12530 30 1265 621
12540 30 1299 611
12550 30 1334 603
12560 30 1369 595
12570 30 1403 586
12580 30 1438 578
12590 30 1473 572
12600 30 1497 558
12610 30 1521 548
12620 30 1556 547
12630 30 1569 526
12640 30 1593 516
12650 30 1619 505
12660 30 1627 492
12670 30 1638 479
12680 30 1649 467
12690 30 1659 454
12700 28 42 724
12700 30 1670 442
12710 28 65 719
12710 30 1681 430
12720 28 108 722
12720 30 1686 419
12730 28 153 727
12730 30 1691 410
12740 28 196 730
12740 30 1697 402
12750 28 241 735
12750 30 1705 393
12760 28 286 741
12760 29 35 807
12760 30 1710 383
12770 28 353 722
12770 29 44 799
12770 30 1715 375
12780 28 384 719
12780 29 58 802
12780 30 1721 366
12790 28 486 685
12790 29 75 806
12790 30 1729 355
12800 28 553 666
12800 29 91 810
12800 30 1741 335
12810 28 620 647
12810 29 115 810
12810 30 1749 328
12820 28 687 619
12820 29 139 810
12820 30 1754 319
12830 28 758 592
12830 29 163 810
12830 30 1758 312
12840 28 827 566
12840 29 187 810
12840 30 1765 302
12850 28 898 538
12850 29 211 810
12850 30 1770 291
12860 28 969 513
12860 29 235 813
12860 30 1779 288
12870 28 1019 491
12870 29 257 810
12870 30 1782 275
12880 28 1071 473
12880 29 278 810
12880 30 1782 276
12890 28 1125 453
12890 29 299 810
12890 30 1787 266
12900 28 1177 434
12900 29 321 808
12900 30 1795 257
12910 28 1229 414
12910 29 342 808
12910 30 1801 249
12920 28 1282 395
12920 29 363 808
12920 30 1806 240
12930 28 1336 385
12930 29 385 808
12930 30 1814 232
12940 28 1390 362
12940 29 406 808
12940 30 1817 224
12950 28 1414 365
12950 29 430 810
12950 30 1821 218
12960 28 1441 370
12960 29 451 810
12960 30 1826 210
12970 28 1467 373
12970 29 473 813
12970 30 1829 205
12980 28 1494 378
12980 29 497 813
12980 30 1834 197
12990 28 1485 373
12990 29 518 816
12990 30 1838 192
13000 28 1476 370
13000 29 539 816
13000 30 1843 184
13010 28 1466 365
13010 29 563 818
13010 30 1846 178
13020 28 1457 362
13020 29 579 821
13020 30 1851 170
13030 28 1441 361
13030 29 598 826
13030 30 1855 165
13040 28 1433 355
13040 29 617 829
13040 30 1858 157
13050 28 1419 358
13050 29 635 834
13050 30 1863 152
13060 28 1419 358
13060 29 654 837
13060 30 1868 144
13070 28 1429 363
13070 29 673 842
13070 30 1873 138
13080 28 1441 367
13080 29 691 845
13080 30 1876 130
13090 28 1438 365
13090 29 710 850
13090 30 1881 125
13100 28 1435 362
13100 29 715 858
13100 30 1890 121
13110 28 1433 362
13110 29 723 866
13110 30 1890 112
13120 28 1443 362
13120 29 731 874
13120 30 1890 109
13130 28 1457 365
13130 29 737 882
13130 30 1891 106
13140 28 1470 365
13140 29 745 890
13140 30 1893 104
13150 28 1483 367
13150 29 753 898
13150 30 1894 101
13160 28 1489 370
13160 29 761 906
13160 30 1895 98
13170 28 1494 374
13170 29 741 924
13170 30 1896 96
13180 28 1499 377
13180 29 741 924
13180 30 1906 85
13190 28 1506 381
13190 29 718 934
13190 30 1905 78
13200 29 698 936
13210 29 686 946
13220 29 666 946
13230 29 650 945
13240 29 665 936
13250 29 667 933
13260 29 667 930
13270 29 670 928
13280 29 670 925
13290 29 673 923
13300 29 675 922
13310 29 678 921
13320 29 681 919
13330 29 683 919
13340 29 682 919
13350 29 682 919
13360 29 682 919
13370 29 682 919
13380 29 682 919
13390 29 673 919
13400 29 657 922
13410 29 657 922
13420 29 682 919
13430 29 682 919
13440 29 682 919
13450 29 682 919
13460 29 682 919
13470 29 682 919
13480 29 682 919
13490 29 682 919
13500 29 682 919
13510 29 682 919
13520 29 682 919
13530 29 682 919
13540 29 682 919
13550 29 682 919
13560 29 682 919
13570 29 682 919
13580 29 682 919
13590 29 682 919
13600 29 682 919
13610 29 682 919
13620 29 682 919
13630 29 682 919
13640 29 682 919
13650 29 682 919
13660 29 682 919
13670 29 682 919
13680 29 682 919
13690 29 682 919
13700 29 682 919
13710 29 682 919
13720 29 682 919
13730 29 682 919
13740 29 682 919
13750 29 682 919
13760 29 682 919
13770 29 682 919
13780 29 682 919
13790 29 682 919
13800 29 682 919
13810 29 682 919
13820 29 682 919
13830 29 682 919
13840 29 682 919
13850 29 682 919
13860 29 682 919
13870 29 682 919
13880 29 682 919
13890 29 682 919
13900 29 682 919
13910 29 682 919
13920 29 682 919
13930 29 682 919
13940 29 682 919
13950 29 682 919
13960 29 682 919
13970 29 682 919
13980 29 682 919
13990 29 682 919
14000 29 682 919
14010 29 682 919
14020 29 682 919
14030 29 682 919
14040 29 682 919
14050 29 682 919
14060 29 682 919
14070 29 682 919
14080 29 682 919
14090 29 682 919
14100 29 682 919
14110 29 682 919
14120 29 682 919
14130 29 682 919
14140 29 682 919
14150 29 682 919
14160 29 682 919
14170 29 682 919
14180 29 682 919
14190 29 682 919
14200 29 682 919
14210 29 682 919
14220 29 682 919
14230 29 682 919
14240 29 682 919
14250 29 682 919
14260 29 682 919
14270 29 682 919
14280 29 682 919
14290 29 682 919
14300 29 682 919
14310 29 682 919
14320 29 682 919
14330 29 682 919
14340 29 682 919
14350 29 682 919
14360 29 682 919
14370 29 682 919
14380 29 682 919
14390 29 682 919
14400 29 682 919
14410 29 682 919
14420 29 682 919
14430 29 682 919
14440 29 682 919
14450 29 682 919
14460 29 682 919
14470 29 682 919
14480 29 682 919
14490 29 682 919
14500 29 682 919
14510 29 682 919
14520 29 682 919
14530 29 682 919
14540 29 682 919
14550 29 682 919
14560 29 682 919
14570 29 682 919
14580 29 682 919
14590 29 682 919
14600 29 682 919
14610 29 682 919
14620 29 682 919
14630 29 682 919
14640 29 682 919
14650 29 682 919
14660 29 682 919
14670 29 682 919
14680 29 682 919
14690 29 682 919
14700 29 682 919
14710 29 682 919
14720 29 682 919
14730 29 682 919
14740 29 682 919
14750 29 682 919
14760 29 682 919
14770 29 682 919
14780 29 682 919
14790 29 682 919
14800 29 682 919
14810 29 682 919
14820 29 682 919
14830 29 682 919
14840 29 682 919
14850 29 682 919
14860 29 682 919
14870 29 682 919
14880 29 682 919
14890 29 682 919
14900 29 682 919
14910 29 682 919
14920 29 682 919
14930 29 682 919
14940 29 682 919
14950 29 682 919
14960 29 682 919
14970 29 682 919
14980 29 682 919
14990 29 682 919
15000 29 682 919
15010 29 682 919
15020 29 682 919
15030 29 682 919
15040 29 682 919
15050 29 682 919
15060 29 682 919
15070 29 682 919
15080 29 682 919
15090 29 682 919
15100 29 682 919
15110 29 682 919
15120 29 682 919
15130 29 682 919
15140 29 682 919
15150 29 682 919
15160 29 682 919
15170 29 682 919
15180 29 682 919
15190 29 682 919
15200 29 682 919
15210 29 682 919
15220 29 682 919
15230 29 682 919
15240 29 682 919
15250 29 682 919
15260 29 682 919
15270 29 682 919
15280 29 682 919
15290 29 682 919
15300 29 682 919
15310 29 682 919
15320 29 682 919
15330 29 682 919
15340 29 682 919
15350 29 682 919
15360 29 682 919
15370 29 682 919
15380 29 682 919
15390 29 682 919
15400 29 682 919
15410 29 682 919
15420 29 682 919
15430 29 682 919
15440 29 682 919
15450 29 682 919
15460 29 682 919
15470 29 682 919
15480 29 682 919
15490 29 682 919
15500 29 682 919
15510 29 682 919
15520 29 682 919
15530 29 682 919
15540 29 682 919
15550 29 682 919
15560 29 682 919
15570 29 682 919
15580 29 682 919
15590 29 682 919
15600 29 682 919
15610 29 682 919
15620 29 682 919
15630 29 682 919
15640 29 682 919
15650 29 682 919
15660 29 682 919
15670 29 682 919
15680 29 682 919
15690 29 682 919
15700 29 682 919
15710 29 682 922
15720 29 682 922
15730 29 682 922
15740 29 682 922
15750 29 682 922
15760 29 682 922
15770 29 682 922
15780 29 682 922
15790 29 682 922
15800 29 682 922
15810 29 682 922
15820 29 682 922
15830 29 682 922
15840 29 682 922
15850 29 682 922
15860 29 682 922
15870 29 682 922
15880 29 682 922
15890 29 682 922
15900 29 682 922
15910 29 682 922
15920 29 682 922
15930 29 682 922
15940 29 682 922
15950 29 682 922
15960 29 682 922
15970 29 682 922
15980 29 682 922
15990 29 682 922
16000 29 682 922
16010 29 682 922
16020 29 682 922
16030 29 682 922
16040 29 682 922
16050 29 682 922
16060 29 682 922
16070 29 682 922
16080 29 682 922
16090 29 682 922
16100 29 682 922
16110 29 682 922
16120 29 682 922
16130 29 682 922
16140 29 682 922
16150 29 682 922
16160 29 682 922
16170 29 682 922
16180 29 682 922
16190 29 682 922
16200 29 682 922
16210 29 682 922
16220 29 682 922
16230 29 682 922
16240 29 682 922
16250 29 682 922
16260 29 682 922
16270 29 682 922
16280 29 682 922
16290 29 682 922
16300 29 682 922
16310 29 682 922
16320 29 682 922
16330 29 682 922
16340 29 682 922
16350 29 682 922
16360 29 682 922
16370 29 682 922
16380 29 682 922
16390 29 682 922
16400 29 682 922
16410 29 682 922
16420 29 682 922
16430 29 682 922
16440 29 682 922
16450 29 682 922
16460 29 682 922
16470 29 682 922
16480 29 682 922
16490 29 682 922
16500 29 682 922
16510 29 682 922
16520 29 682 922
16530 29 682 922
16540 29 682 922
16550 29 682 922
16560 29 682 922
16570 29 682 922
16580 29 682 922
16590 29 682 922
16600 29 682 922
16610 29 682 922
16620 29 682 922
16630 29 682 922
16640 29 682 922
16650 29 682 922
16660 29 682 922
16670 29 682 922
16680 29 682 922
16690 29 682 922
16700 29 682 922
16710 29 682 922
16720 29 682 922
16730 29 682 922
16740 29 682 922
16750 29 682 922
16760 29 682 922
16770 29 682 922
16780 29 682 922
16790 29 682 922
16800 29 682 922
16810 29 682 922
16820 29 682 922
16830 29 682 922
16840 29 682 922
16850 29 682 922
16860 29 682 922
16870 29 682 922
16880 29 682 922
16890 29 682 922
16900 29 682 922
16910 29 682 922
16920 29 682 922
16930 29 682 922
16940 29 682 922
16950 29 682 922
16960 29 682 922
16970 29 682 922
16980 29 682 922
16990 29 682 922
17000 29 682 922
17010 29 682 922
17020 29 682 922
17030 29 682 922
17040 29 682 922
17050 29 682 922
17060 29 682 922
17070 29 682 922
17080 29 682 922
17090 29 682 922
17100 29 682 922
17110 29 682 922
17120 29 682 922
17130 29 682 922
17140 29 682 922
17150 29 682 922
17160 29 682 922
17170 29 682 922
17180 29 682 922
17190 29 682 922
17200 29 682 922
17210 29 682 922
17210 31 37 676
17220 29 682 922
17220 31 57 680
17230 29 682 922
17230 31 83 685
17240 29 682 922
17240 31 113 690
17250 29 682 922
17250 31 139 698
17260 29 682 922
17260 31 169 704
17270 29 682 922
17270 31 195 709
17280 29 682 922
17280 31 225 717
17290 29 682 922
17290 31 254 709
17300 29 682 922
17300 31 283 704
17310 29 682 922
17310 31 315 698
17320 29 682 922
17320 31 345 693
17330 29 682 922
17330 31 377 688
17340 29 682 922
17340 31 406 682
17350 29 682 922
17350 31 438 677
17360 29 682 922
17360 31 467 669
17370 29 682 922
17370 31 498 662
17380 29 682 922
17380 31 529 655
17390 29 682 922
17390 31 561 647
17400 29 682 922
17400 31 591 641
17410 29 682 922
17410 31 622 634
17420 29 682 922
17420 31 654 627
17430 29 682 922
17430 31 681 619
17440 29 682 922
17440 31 710 611
17450 29 682 922
17450 31 737 603
17460 29 682 922
17460 31 766 595
17470 29 682 922
17470 31 793 587
17480 29 682 922
17480 31 822 579
17490 29 682 922
17490 31 849 571
17500 29 682 922
17500 31 878 566
17510 29 682 922
17510 31 896 555
17520 29 682 922
17520 31 914 547
17530 29 682 922
17530 31 933 538
17540 29 682 922
17540 31 953 530
17550 29 682 922
17550 31 971 522
17560 29 682 922
17560 31 990 512
17570 29 682 922
17570 31 1010 504
17580 29 682 922
17580 31 1029 494
17590 29 682 922
17590 31 1047 486
17600 29 682 922
17600 31 1068 478
17610 29 682 922
17610 31 1084 470
17620 29 682 922
17620 31 1102 462
17630 29 682 922
17630 31 1121 454
17640 29 682 922
17640 31 1140 446
17650 29 682 922
17650 31 1158 438
17660 29 682 922
17660 31 1174 433
17670 29 682 922
17670 31 1193 425
17680 29 682 922
17680 31 1212 417
17690 29 682 922
17690 31 1230 409
17700 29 682 922
17700 31 1249 401
17710 29 682 922
17710 31 1268 395
17720 29 682 922
17720 31 1281 387
17730 29 682 922
17730 31 1295 382
17740 29 682 922
17740 31 1311 375
17750 29 682 922
17750 31 1326 370
17760 29 682 922
17760 31 1342 364
17770 29 682 922
17770 31 1355 357
17780 29 682 922
17780 31 1371 350
17790 29 682 922
17790 31 1386 345
17800 29 682 922
17800 31 1402 338
17810 29 682 922
17810 31 1417 333
17820 29 682 922
17820 31 1432 327
17830 29 682 922
17830 31 1446 319
17840 29 682 922
17840 31 1462 314
17850 29 682 922
17850 31 1477 307
17860 29 682 922
17860 31 1493 302
17870 29 682 922
17870 31 1508 296
17880 29 682 922
17880 31 1522 290
17890 29 682 922
17890 31 1537 282
17900 29 682 922
17900 31 1550 277
17910 29 682 922
17910 31 1561 272
17920 29 682 922
17920 31 1570 267
17930 29 682 922
17930 31 1581 262
17940 29 682 922
17940 31 1593 257
17950 29 682 922
17950 31 1603 250
17960 29 682 922
17960 31 1614 245
17970 29 682 922
17970 31 1624 239
17980 29 682 922
17980 31 1634 234
17990 29 682 922
17990 31 1645 229
18000 29 682 922
18000 31 1656 223
18010 29 682 922
18010 31 1667 220
18020 29 682 922
18020 31 1673 214
18030 29 682 922
18030 31 1681 210
18040 29 682 922
18040 31 1689 205
18050 29 682 922
18050 31 1694 201
18060 29 682 922
18060 31 1702 195
18070 29 682 922
18070 31 1710 192
18080 29 682 922
18080 31 1715 186
18090 29 681 925
18090 31 1723 182
18100 29 681 925
18100 31 1731 177
18110 29 681 925
18110 31 1739 174
18120 29 681 925
18120 31 1745 170
18130 29 681 925
18130 31 1753 165
18140 29 681 925
18140 31 1761 161
18150 29 681 925
18150 31 1766 156
18160 29 681 925
18160 31 1774 151
18170 29 680 925
18170 31 1782 146
18180 29 680 925
18180 31 1787 142
18190 29 680 925
18190 31 1795 137
18200 29 680 925
18200 31 1803 133
18210 29 680 925
18210 31 1811 130
18220 29 680 925
18220 31 1819 125
18230 29 680 925
18230 31 1830 120
18240 29 680 925
18240 31 1839 117
18250 29 680 925
18250 31 1850 112
18260 29 678 925
18260 31 1858 106
18270 29 678 925
18270 31 1869 104
18280 29 678 925
18280 31 1878 98
18290 29 678 925
18290 31 1889 96
18300 29 678 925
18300 31 1889 96
18310 29 678 925
18310 31 1889 96
18320 29 678 925
18320 31 1897 83
18330 29 678 925
18330 31 1904 80
18340 29 677 925
18340 31 1909 84
18350 29 677 925
18360 29 677 925
18370 29 677 925
18380 29 677 925
18390 29 677 925
18400 29 677 925
18410 29 677 925
18420 29 677 925
18430 29 676 925
18440 29 676 925
18450 29 676 925
18460 29 676 925
18470 29 676 925
18470 40 1409 8
18470 41 1445 8
18480 29 676 925
18480 40 1416 9
18480 41 1458 9
18490 29 676 925
18490 40 1425 10
18490 41 1467 10
18500 29 676 925
18500 40 1434 11
18500 41 1473 11
18510 29 674 925
18510 40 1441 13
18510 41 1478 12
18520 29 674 925
18520 40 1450 13
18520 41 1481 12
18530 29 674 925
18530 40 1457 14
18530 41 1485 13
18540 29 674 925
18540 40 1461 15
18540 41 1488 14
18550 29 674 925
18550 40 1463 16
18550 41 1491 15
18560 29 674 925
18560 40 1460 17
18560 41 1495 16
18570 29 674 925
18570 40 1457 18
18570 41 1494 17
18580 29 674 925
18580 40 1455 19
18580 41 1499 19
18590 29 674 925
18590 40 1452 20
18590 41 1500 20
18600 29 673 925
18600 40 1449 21
18600 41 1498 22
18610 29 673 925
18610 40 1446 22
18610 41 1496 23
18620 29 673 925
18620 40 1444 23
18620 41 1493 25
18630 29 673 925
18630 40 1440 24
18630 41 1490 26
18640 29 673 925
18640 40 1436 27
18640 41 1484 27
18650 29 673 925
18650 40 1432 27
18650 41 1479 29
18660 29 673 925
18660 40 1428 28
18660 41 1475 29
18670 29 673 925
18670 40 1424 29
18670 41 1471 29
18680 29 672 925
18680 40 1421 31
18680 41 1466 29
18690 29 672 925
18690 40 1419 33
18690 41 1459 31
18700 29 672 925
18700 40 1414 33
18700 41 1454 33
18710 29 672 925
18710 40 1410 34
18710 41 1450 35
18720 29 672 925
18720 40 1407 36
18720 41 1445 36
18730 29 672 925
18730 40 1403 39
18730 41 1439 38
18740 29 672 925
18740 40 1399 39
18740 41 1434 39
18750 29 672 925
18750 40 1395 43
18750 41 1430 41
18760 29 672 925
18760 40 1391 47
18760 41 1426 45
18770 29 669 925
18770 40 1388 49
18770 41 1422 49
18780 29 669 925
18780 40 1384 50
18780 41 1420 50
18790 29 669 925
18790 40 1382 54
18790 41 1417 52
18800 29 666 925
18800 40 1380 56
18800 41 1414 56
18810 29 666 925
18810 40 1376 59
18810 41 1411 58
18820 29 665 925
18820 40 1373 61
18820 41 1409 61
18830 29 664 925
18830 40 1370 61
18830 41 1405 62
18840 29 664 925
18840 40 1365 64
18840 41 1401 63
18850 29 662 925
18850 40 1362 67
18850 41 1399 68
18860 29 661 925
18860 40 1359 69
18860 41 1395 71
18870 29 659 925
18870 40 1355 72
18870 41 1390 73
18880 29 659 925
18880 32 1389 524
18880 40 1351 76
18880 41 1387 77
18890 29 658 925
18890 32 1374 518
18890 40 1348 79
18890 41 1383 80
18900 29 657 925
18900 32 1363 516
18900 40 1344 82
18900 41 1379 84
18910 29 657 925
18910 32 1353 510
18910 40 1341 85
18910 41 1375 87
18920 29 657 925
18920 32 1345 508
18920 40 1336 87
18920 41 1370 88
18930 29 659 922
18930 32 1342 506
18930 40 1330 89
18930 41 1365 91
18940 29 662 922
18940 32 1339 505
18940 40 1329 94
18940 41 1360 95
18950 29 665 922
18950 32 1337 505
18950 40 1325 98
18950 41 1358 96
18960 29 667 922
18960 32 1334 504
18960 40 1319 101
18960 41 1354 100
18970 29 673 922
18970 32 1331 504
18970 40 1315 104
18970 41 1350 104
18980 29 675 922
18980 32 1331 506
18980 40 1313 108
18980 41 1347 108
18990 29 678 922
18990 32 1334 509
18990 40 1309 108
18990 41 1343 113
19000 29 681 922
19000 32 1334 514
19000 40 1305 113
19000 41 1338 114
19010 29 686 922
19010 32 1337 517
19010 40 1302 115
19010 41 1332 114
19020 29 705 906
19020 32 1337 522
19020 40 1297 118
19020 41 1328 117
19030 29 723 890
19030 32 1339 525
19030 40 1292 121
19030 41 1324 122
19040 29 742 874
19040 32 1342 530
19040 40 1288 124
19040 41 1321 127
19050 29 761 858
19050 32 1342 530
19050 40 1283 124
19050 41 1318 132
19060 29 779 842
19060 32 1337 525
19060 40 1278 131
19060 41 1314 136
19070 29 798 829
19070 32 1334 522
19070 40 1277 136
19070 41 1309 138
19080 29 813 813
19080 32 1331 517
19080 40 1268 136
19080 41 1305 140
19090 29 829 799
19090 32 1329 514
19090 40 1265 140
19090 41 1302 142
19100 29 845 785
19100 32 1326 512
19100 40 1261 144
19100 41 1296 146
19110 29 859 772
19110 32 1323 506
19110 40 1257 147
19110 41 1290 149
19120 29 868 739
19120 32 1321 504
19120 40 1253 151
19120 41 1285 153
19130 29 888 730
19130 32 1318 501
19130 40 1248 153
19130 41 1284 157
19140 29 904 713
19140 32 1294 508
19140 40 1244 156
19140 41 1279 161
19150 29 932 699
19150 32 1273 515
19150 40 1240 161
19150 41 1270 164
19160 29 945 688
19160 32 1251 523
19160 40 1235 166
19160 41 1265 167
19170 29 962 678
19170 32 1230 533
19170 40 1230 171
19170 41 1260 171
19180 29 985 658
19180 32 1214 541
19180 40 1224 174
19180 41 1255 174
19190 29 1000 646
19190 32 1203 557
19190 40 1219 177
19190 41 1251 178
19200 29 1019 637
19200 32 1185 557
19200 40 1213 181
19200 41 1246 182
19210 29 1019 631
19210 32 1170 568
19210 40 1206 185
19210 41 1240 187
19220 29 1035 617
19220 32 1162 570
19220 40 1200 188
19220 41 1235 191
19230 29 1051 604
19230 32 1157 574
19230 40 1194 192
19230 41 1232 194
19240 29 1069 590
19240 32 1151 577
19240 40 1188 196
19240 41 1227 197
19250 29 1070 591
19250 32 1147 581
19250 40 1183 200
19250 41 1221 201
19260 29 1073 594
19260 32 1142 583
19260 40 1178 204
19260 41 1215 204
19270 29 1070 594
19270 32 1138 587
19270 40 1173 207
19270 41 1209 210
19280 29 1068 597
19280 32 1138 583
19280 40 1167 211
19280 41 1203 216
19290 29 1068 599
19290 32 1138 581
19290 40 1162 215
19290 41 1197 220
19300 29 1065 602
19300 32 1138 577
19300 40 1158 220
19300 41 1193 223
19310 29 1076 579
19310 32 1138 574
19310 40 1154 223
19310 41 1188 225
19320 29 1076 579
19320 32 1143 571
19320 40 1149 227
19320 41 1182 228
19330 29 1076 588
19330 32 1151 569
19330 40 1144 233
19330 41 1177 235
19340 29 1076 588
19340 32 1157 569
19340 40 1138 238
19340 41 1171 240
19350 29 1076 588
19350 32 1165 566
19350 40 1131 242
19350 41 1164 244
19360 29 1071 599
19360 32 1173 566
19360 40 1125 247
19360 41 1160 248
19370 29 1068 608
19370 32 1186 555
19370 40 1119 252
19370 41 1156 253
19380 29 1054 621
19380 32 1202 546
19380 40 1112 257
19380 41 1150 258
19390 29 1054 621
19390 32 1215 535
19390 40 1106 261
19390 41 1144 262
19400 29 1030 629
19400 32 1231 526
19400 40 1099 267
19400 41 1139 267
19410 29 1005 634
19410 32 1247 517
19410 40 1092 272
19410 41 1134 272
19420 29 1004 638
19420 32 1270 514
19420 40 1085 276
19420 41 1130 280
19430 29 986 645
19430 32 1294 511
19430 40 1078 282
19430 41 1125 288
19440 29 955 657
19440 32 1320 509
19440 40 1071 290
19440 41 1118 292
19450 29 925 659
19450 32 1325 509
19450 40 1065 295
19450 41 1111 297
19460 29 895 663
19460 32 1330 509
19460 40 1057 300
19460 41 1103 302
19470 29 853 671
19470 32 1336 509
19470 40 1048 305
19470 41 1096 307
19480 29 820 677
19480 32 1344 509
19480 40 1040 311
19480 41 1087 311
19490 29 788 685
19490 32 1349 509
19490 40 1032 315
19490 41 1078 315
19500 29 753 690
19500 32 1354 509
19500 40 1026 320
19500 41 1073 323
19510 29 721 695
19510 32 1362 512
19510 40 1019 327
19510 41 1068 330
19520 29 686 701
19520 32 1368 514
19520 40 1015 331
19520 41 1062 334
19530 29 654 706
19530 32 1376 517
19530 40 1012 338
19530 41 1054 341
19540 29 620 714
19540 32 1381 520
19540 40 1008 347
19540 41 1050 348
19550 29 585 722
19550 32 1389 522
19550 40 1006 353
19550 41 1049 353
19560 29 550 727
19560 32 1391 523
19560 40 1004 361
19560 41 1045 358
19570 29 516 735
19570 32 1394 525
19570 40 1001 369
19570 41 1043 366
19580 29 484 743
19580 32 1398 529
19580 40 997 374
19580 41 1041 374
19590 29 449 749
19590 32 1401 530
19590 40 996 382
19590 41 1038 381
19600 29 412 754
19600 32 1406 534
19600 40 991 391
19600 41 1036 388
19610 29 374 759
19610 32 1406 534
19610 40 986 398
19610 41 1034 397
19620 29 337 762
19620 40 984 406
19620 41 1032 406
19630 29 300 767
19630 40 982 413
19630 41 1028 414
19640 29 262 773
19640 40 979 421
19640 41 1025 422
19650 29 225 778
19650 40 974 431
19650 41 1022 431
19660 29 188 781
19660 40 970 437
19660 41 1020 440
19670 29 153 781
19670 40 968 447
19670 41 1019 450
19680 29 121 781
19680 40 960 455
19680 41 1012 455
19690 29 86 778
19690 40 951 462
19690 41 1006 464
19700 29 54 778
19700 40 943 470
19700 41 1000 472
19710 29 52 778
19710 40 936 479
19710 41 992 479
19720 29 25 799
19720 40 931 489
19720 41 985 487
19730 40 920 496
19730 41 976 498
19740 40 913 504
19740 41 966 506
19750 40 904 513
19750 41 958 515
19760 40 894 521
19760 41 948 526
19770 40 883 528
19770 41 935 535
19780 40 870 537
19780 41 923 542
19790 40 860 542
19790 41 913 551
19800 40 852 552
19800 41 901 562
19810 40 838 561
19810 41 890 575
19820 40 825 568
19820 41 873 580
19830 40 813 575
19830 41 865 587
19840 40 802 585
19840 41 848 598
19850 40 783 595
19850 41 836 609
19860 40 773 608
19860 41 824 619
19870 40 757 615
19870 41 804 625
19880 40 746 623
19880 41 790 637
19890 40 723 630
19890 41 773 645
19900 40 704 641
19900 41 762 653
19910 40 683 645
19910 41 742 666
19920 40 668 650
19920 41 723 671
19930 0 793 531
19930 40 641 659
19930 41 706 676
19940 0 795 525
19940 40 622 669
19940 41 686 688
19950 0 798 519
19950 40 606 677
19950 41 667 695
19960 0 806 527
19960 40 590 684
19960 41 643 700
19970 0 817 537
19970 40 565 689
19970 41 628 707
19980 0 826 547
19980 40 550 700
19980 41 607 717
19990 0 810 560
19990 40 529 706
19990 41 590 727
20000 0 794 573
20000 40 515 712
20000 41 572 732
20010 0 770 584
20010 40 493 715
20010 41 551 737
20020 0 746 595
20020 40 477 720
20020 41 528 748
20030 0 723 609
20030 40 458 722
20030 41 511 751
20040 0 699 621
20040 40 438 727
20040 41 489 757
20050 0 678 634
20050 40 418 732
20050 41 465 761
20060 0 651 653
20060 40 399 736
20060 41 451 767
20070 0 625 674
20070 40 379 742
20070 41 431 769
20080 0 600 694
20080 40 362 738
20080 41 410 771
20090 0 574 715
20090 40 342 740
20090 41 385 772
20100 0 554 735
20100 40 324 740
20100 41 376 776
20110 0 521 755
20110 40 305 742
20110 41 365 779
20120 0 474 774
20120 40 289 743
20120 41 346 780
20130 0 441 793
20130 40 283 747
20130 41 335 779
20140 0 410 814
20140 40 266 740
20140 41 312 774
20150 0 367 819
20150 40 247 744
20150 41 298 770
20160 0 325 827
20160 40 229 743
20160 41 276 772
20170 0 282 835
20170 40 210 737
20170 41 246 770
20180 0 239 843
20180 40 193 729
20180 41 225 766
20190 0 199 851
20190 40 178 726
20190 41 196 767
20200 0 151 854
20200 40 168 724
20200 41 178 762
20210 0 103 857
20210 40 146 721
20210 41 152 762
20220 0 57 862
20220 40 132 716
20220 41 134 760
20230 0 35 862
20230 40 119 715
20230 41 112 757
20240 40 104 715
20240 41 91 755
20250 40 78 713
20250 41 73 748
20260 40 63 713
20260 41 54 745
20270 40 42 712
20270 41 40 740
20280 40 37 712
20280 41 29 741
20290 40 21 707
20290 41 20 770
20300 40 17 721
