980 0 123 595
990 0 124 596
990 5 53 576
1000 0 125 597
1000 5 45 583
1010 0 125 597
1010 5 33 589
1020 0 126 598
1020 5 25 591
1030 0 126 598
1030 5 11 593
1040 0 126 598
1040 5 9 597
1050 0 126 598
1050 5 4 602
1060 0 130 602
1060 5 9 602
1070 0 129 604
1070 5 6 608
1080 0 130 604
1080 5 11 618
1090 0 126 604
1090 5 13 623
1100 0 119 606
1100 5 10 623
1110 0 107 610
1110 5 9 623
1120 0 94 614
1120 5 9 623
1130 0 77 618
1130 5 10 623
1140 0 59 621
1140 5 12 623
1150 0 41 624
1150 5 13 623
1160 0 24 628
1160 5 14 623
1170 0 8 628
1170 5 16 623
1180 5 17 623
1190 5 18 623
1200 5 20 623
1210 5 26 622
1220 5 33 622
1230 5 32 622
1240 5 32 622
1250 5 30 622
1260 5 26 625
1270 5 20 627
1280 5 17 629
1290 5 16 632
1300 5 16 632
1310 5 16 632
1320 5 14 632
1330 5 14 632
1340 5 14 632
1350 5 13 632
1360 5 13 632
1370 5 13 632
1380 5 12 632
1390 5 12 632
1400 5 12 632
1410 5 12 632
1480 31 14 623
1490 31 14 623
1500 31 16 624
1510 31 14 623
1520 31 14 623
1530 31 13 624
1540 31 13 623
1550 31 13 623
1560 31 12 622
1570 31 12 624
1580 31 12 625
1590 31 12 626
1600 31 12 625
1610 31 12 629
1620 31 12 629
1630 31 12 629
1640 31 12 629
1650 31 12 629
1660 31 12 629
1670 31 12 629
1680 31 12 629
1690 31 12 629
1700 31 12 629
1710 31 12 629
1720 31 12 629
1730 31 12 629
1740 31 12 629
1750 31 12 629
1760 31 12 629
1770 31 12 629
1780 31 12 629
1790 31 12 629
1800 31 12 629
1810 31 13 629
1820 4 1897 623
1820 31 16 629
1830 1 10 613
1830 4 1881 626
1830 31 18 630
1840 1 11 612
1840 4 1867 626
1840 31 20 630
1850 1 12 613
1850 4 1849 623
1850 31 23 633
1860 1 12 614
1860 4 1830 623
1860 31 23 633
1870 1 12 616
1870 4 1814 621
1870 31 25 635
1880 1 12 617
1880 4 1795 615
1880 31 25 635
1890 1 12 618
1890 4 1779 613
1890 31 26 638
1900 1 12 616
1900 4 1761 607
1900 31 27 641
1910 1 12 616
1910 4 1742 602
1910 31 27 641
1920 1 10 617
1920 4 1726 599
1920 31 26 643
1930 1 10 617
1930 4 1707 594
1930 31 22 646
1940 1 10 617
1940 4 1689 589
1940 31 18 649
1950 1 10 617
1950 4 1673 586
1950 31 14 651
1960 1 9 617
1960 4 1657 586
1960 31 10 659
1970 1 9 617
1970 4 1638 583
1980 1 9 617
1980 4 1622 581
1990 1 9 617
1990 4 1606 581
2000 1 9 617
2000 4 1587 578
2010 1 9 617
2010 4 1571 575
2020 1 9 617
2020 4 1555 575
2030 4 1542 574
2040 4 1526 573
2050 4 1513 572
2060 4 1497 570
2070 4 1483 569
2080 4 1467 566
2090 4 1451 563
2100 4 1435 561
2110 4 1418 559
2120 4 1402 559
2130 4 1383 557
2140 4 1367 554
2150 4 1351 554
2160 4 1338 551
2170 4 1327 551
2180 4 1314 549
2190 4 1301 549
2200 4 1287 549
2210 4 1274 546
2220 4 1255 546
2230 4 1239 546
2240 4 1226 541
2250 4 1213 538
2260 4 1199 535
2270 4 1183 535
2280 4 1167 535
2290 4 1154 533
2300 4 1141 530
2310 4 1127 530
2320 4 1111 529
2330 4 1098 529
2340 4 1085 529
2350 4 1074 529
2360 4 1061 529
2370 4 1047 529
2380 4 1034 529
2390 4 1018 526
2400 4 1006 523
2410 4 993 522
2420 4 979 521
2430 4 966 522
2440 4 953 519
2450 4 942 519
2460 4 929 517
2470 4 918 517
2480 4 905 514
2490 4 894 514
2500 4 881 511
2510 4 870 511
2520 4 860 509
2530 4 846 509
2540 4 836 506
2550 4 822 506
2560 4 812 503
2570 4 798 503
2580 4 788 501
2590 4 777 501
2600 4 766 498
2610 4 758 498
2620 4 748 495
2630 4 737 495
2640 4 726 493
2650 4 716 493
2660 4 705 490
2670 4 694 490
2680 4 684 487
2690 4 673 487
2700 4 665 487
2710 4 654 486
2720 4 646 486
2730 4 636 486
2740 4 628 486
2750 4 617 486
2760 4 609 486
2770 4 601 485
2780 4 590 485
2790 4 582 482
2800 4 574 482
2810 4 566 480
2820 4 556 480
2830 4 548 477
2840 4 540 477
2850 4 532 474
2860 4 521 474
2870 4 513 472
2880 4 505 472
2890 4 500 469
2900 4 492 466
2900 22 11 635
2910 4 484 466
2910 22 18 632
2920 4 476 464
2920 22 30 627
2930 4 468 461
2930 22 43 625
2940 4 460 461
2940 22 54 622
2940 36 4 623
2950 4 454 458
2950 22 59 619
2950 36 4 624
2960 4 446 458
2960 22 65 617
2960 36 4 626
2970 4 441 456
2970 22 73 617
2970 36 4 625
2980 4 433 456
2980 22 67 617
2980 36 4 624
2990 4 428 453
2990 22 62 617
3000 4 414 453
3000 9 7 616
3000 22 59 619
3010 4 406 450
3010 9 13 619
3010 22 53 617
3020 4 401 448
3020 9 15 619
3020 22 49 615
3030 4 395 448
3030 9 14 620
3030 22 43 618
3040 4 387 445
3040 9 9 620
3040 22 43 618
3050 4 379 445
3050 9 5 616
3050 22 43 618
3060 4 374 442
3060 9 5 616
3060 22 41 618
3070 4 366 442
3070 9 5 616
3070 22 38 618
3080 4 361 441
3080 9 5 616
3080 22 35 618
3090 4 353 441
3090 9 5 619
3090 22 35 618
3100 4 347 439
3100 22 33 621
3110 4 342 442
3110 22 30 621
3120 4 334 439
3120 22 27 621
3130 4 329 442
3130 22 23 623
3140 4 321 442
3140 22 18 626
3150 4 315 437
3150 22 16 629
3160 4 310 433
3160 22 16 629
3170 4 302 433
3170 22 16 629
3180 4 297 433
3180 22 16 629
3190 4 291 433
3190 22 14 629
3200 4 286 433
3200 22 14 629
3210 4 281 433
3210 22 14 631
3220 4 275 433
3220 22 14 631
3230 4 270 433
3230 22 13 631
3240 4 267 433
3240 22 13 631
3250 4 262 430
3250 22 13 631
3260 4 257 430
3260 22 13 634
3270 4 251 427
3270 22 13 634
3280 4 246 427
3280 22 13 634
3290 4 241 425
3290 22 13 634
3300 4 235 425
3300 22 13 634
3310 4 233 427
3310 22 12 634
3320 4 227 425
3320 22 10 634
3330 4 225 422
3330 22 9 637
3340 4 219 419
3340 22 9 637
3350 4 211 422
3360 4 206 422
3370 4 201 422
3380 4 195 417
3390 4 190 419
3400 4 185 419
3410 4 182 419
3420 4 177 419
3430 4 171 419
3440 4 169 419
3450 4 163 419
3460 4 161 419
3470 4 155 422
3480 4 155 419
3490 4 150 419
3500 4 147 419
3510 4 145 417
3520 4 142 414
3530 4 139 417
3540 4 137 414
3550 4 137 414
3560 4 134 409
3570 4 134 406
3580 4 131 406
3590 4 129 406
3600 4 129 406
3610 4 123 406
3620 4 118 406
3630 4 115 406
3640 4 113 403
3650 4 110 401
3660 4 107 398
3670 4 107 398
3680 4 102 398
3690 4 99 398
3700 4 97 398
3710 4 94 398
3720 4 91 398
3730 4 86 395
3740 4 81 395
3750 4 75 393
3760 4 70 393
3770 4 65 393
3780 4 59 393
3790 4 54 393
3800 4 51 393
3810 4 46 393
3820 4 41 393
3830 4 33 393
3840 4 27 393
3850 4 22 393
3860 4 19 393
3870 4 19 393
3880 4 14 395
3890 4 10 395
3900 4 10 395
