0 9 341 442
10 9 340 442
20 9 339 442
30 9 339 442
40 9 339 442
50 9 340 442
60 9 341 442
70 9 341 442
80 9 341 442
90 9 341 441
100 9 341 441
110 9 341 441
120 9 341 441
130 9 341 441
140 9 341 441
150 9 341 441
160 9 341 441
170 9 341 442
180 9 343 443
190 9 344 443
200 9 346 443
210 9 348 443
220 9 349 444
230 9 349 444
240 9 349 444
250 9 349 444
260 9 348 444
270 9 348 444
280 9 347 445
290 9 345 445
300 9 344 445
310 9 342 444
320 9 340 444
330 9 340 444
340 9 341 444
350 9 341 443
360 8 36 392
360 9 342 443
370 8 41 390
370 9 343 443
380 8 49 387
380 9 343 442
390 8 55 388
390 9 342 442
400 8 61 387
400 9 341 442
410 8 67 387
410 9 340 442
420 8 73 388
420 9 340 442
430 8 78 390
430 9 341 442
440 8 82 390
440 9 341 442
450 8 86 390
450 9 342 442
460 8 90 391
460 9 342 442
470 8 94 391
470 9 343 442
480 8 98 392
480 9 343 442
490 8 102 392
490 9 343 443
500 8 105 392
500 9 343 443
510 8 109 393
510 9 343 443
520 8 113 395
520 9 342 443
530 8 118 394
530 9 342 443
540 8 119 396
540 9 341 444
550 8 124 399
550 9 340 444
560 8 128 401
560 9 340 444
570 8 132 401
570 9 340 444
580 8 136 400
580 9 340 444
590 8 140 400
590 9 340 444
600 8 142 400
600 9 341 443
610 8 145 403
610 9 341 443
620 8 148 403
620 9 341 443
630 8 155 404
630 9 341 443
640 8 159 405
640 9 342 443
650 8 164 406
650 9 342 443
660 8 169 405
660 9 342 443
670 8 174 405
670 9 342 443
680 8 178 406
680 9 342 443
690 8 183 407
690 9 342 443
700 8 189 408
700 9 342 443
710 8 194 408
710 9 342 443
720 8 200 408
720 9 342 442
730 8 206 407
730 9 342 442
740 8 213 407
740 9 342 442
750 8 219 407
750 9 342 442
760 8 225 407
760 9 342 442
770 8 230 409
770 9 342 442
780 8 234 408
780 9 342 442
790 8 238 408
790 9 342 442
800 8 242 409
800 9 343 443
810 8 248 411
810 9 343 443
820 8 257 409
820 9 343 443
830 8 260 409
830 9 343 443
840 8 264 412
840 9 343 443
850 8 270 412
850 9 343 443
860 8 276 413
860 9 342 442
870 8 281 413
870 9 342 442
880 8 286 413
880 9 342 442
890 8 292 414
890 9 341 441
900 8 298 414
900 9 341 441
910 8 303 415
910 9 340 441
920 8 308 416
920 9 340 441
930 8 313 416
930 9 340 441
940 8 318 416
940 9 340 441
950 8 323 417
950 9 341 441
960 8 330 420
960 9 341 442
970 8 334 419
970 9 341 442
980 7 180 569
980 8 339 422
980 9 341 443
990 7 178 564
990 8 345 421
990 9 341 443
1000 7 174 565
1000 8 349 423
1000 9 341 443
1010 7 175 563
1010 8 354 424
1010 9 340 444
1020 7 173 564
1020 8 358 424
1020 9 340 444
1030 7 167 568
1030 8 363 425
1030 9 340 444
1040 7 162 570
1040 8 368 425
1040 9 339 444
1050 7 161 565
1050 8 373 425
1050 9 339 444
1060 7 161 569
1060 8 378 425
1060 9 339 444
1070 7 159 570
1070 8 387 429
1070 9 340 443
1080 7 159 568
1080 8 392 429
1080 9 340 443
1090 7 152 576
1090 8 397 430
1090 9 340 443
1100 7 148 576
1100 8 404 432
1100 9 340 443
1110 7 142 585
1110 8 413 433
1110 9 340 443
1120 7 137 583
1120 8 414 433
1120 9 340 443
1130 7 145 585
1130 8 423 433
1130 9 340 443
1140 7 147 585
1140 8 433 434
1140 9 340 442
1150 7 147 585
1150 8 438 433
1150 9 340 442
1160 7 150 585
1160 8 445 434
1160 9 340 442
1170 7 150 585
1170 8 452 436
1170 9 340 442
1180 7 153 585
1180 8 459 437
1180 9 340 442
1190 7 153 585
1190 8 467 439
1190 9 340 442
1200 7 155 585
1200 8 475 440
1200 9 341 442
1210 7 153 585
1210 8 482 440
1210 9 340 442
1220 7 155 586
1220 8 489 441
1220 9 340 442
1230 7 158 585
1230 8 495 440
1230 9 339 442
1240 7 150 587
1240 8 502 441
1240 9 338 442
1250 7 158 587
1250 8 509 443
1250 9 338 442
1260 7 151 583
1260 8 518 442
1260 9 338 442
1270 7 155 583
1270 8 525 442
1270 9 339 442
1280 7 149 588
1280 8 534 446
1280 9 340 443
1290 7 149 588
1290 8 543 446
1290 9 340 443
1300 7 143 585
1300 8 552 446
1300 9 341 443
1310 7 143 582
1310 8 562 450
1310 9 340 442
1320 7 142 591
1320 8 572 453
1320 9 339 442
1330 7 139 591
1330 8 582 454
1330 9 338 442
1340 7 139 591
1340 8 591 455
1340 9 338 442
1350 7 139 591
1350 8 600 456
1350 9 338 442
1360 7 144 588
1360 8 609 456
1360 9 337 442
1370 7 137 592
1370 8 619 457
1370 9 337 442
1380 7 135 590
1380 8 629 461
1380 9 337 442
1390 7 132 593
1390 8 636 459
1390 9 337 442
1400 7 131 594
1400 8 652 462
1400 9 337 441
1410 7 131 589
1410 8 661 462
1410 9 337 441
1420 7 134 594
1420 8 668 462
1420 9 337 441
1430 7 131 594
1430 8 675 462
1430 9 337 441
1440 7 129 594
1440 8 688 473
1440 9 337 441
1450 7 126 591
1450 8 698 458
1450 9 337 441
1460 7 121 591
1460 8 708 462
1460 9 337 441
1470 7 123 589
1470 8 718 461
1470 9 337 441
1480 7 125 587
1480 8 731 463
1480 9 337 441
1490 7 121 586
1490 8 743 467
1490 9 338 441
1500 7 126 583
1500 8 753 469
1500 9 338 441
1510 7 131 581
1510 8 760 470
1510 9 339 441
1520 7 139 578
1520 8 772 470
1520 9 339 441
1530 7 147 575
1530 8 786 471
1530 9 339 441
1540 7 155 574
1540 8 795 476
1540 9 340 441
1550 7 161 572
1550 8 805 476
1550 9 340 441
1560 7 169 569
1560 8 816 477
1560 9 340 441
1570 7 177 566
1570 8 827 477
1570 9 340 441
1580 7 187 564
1580 8 838 477
1580 9 340 441
1590 7 195 558
1590 8 850 477
1590 9 340 441
