0 2 1280 190
0 5 1001 103
10 2 1266 185
10 5 1003 103
20 2 1256 182
20 5 1006 106
30 2 1245 180
30 5 1011 109
40 2 1234 177
40 5 1014 111
50 2 1224 174
50 5 1019 114
60 2 1213 172
60 5 1022 117
70 2 1202 169
70 5 1027 119
80 2 1192 166
80 5 1033 122
90 2 1181 164
90 5 1038 125
100 2 1168 161
100 5 1043 127
110 2 1157 161
110 5 1049 130
120 2 1144 158
120 5 1054 133
130 2 1130 158
130 5 1059 135
140 2 1120 156
140 5 1067 138
150 2 1106 156
150 5 1078 141
160 2 1093 156
160 5 1086 146
170 2 1082 153
170 5 1094 149
180 2 1072 153
180 5 1105 151
190 2 1061 150
190 5 1114 154
200 2 1050 150
200 5 1122 154
210 2 1042 150
210 5 1133 157
220 2 1040 145
220 5 1142 159
230 2 1037 142
230 5 1151 159
240 2 1037 140
240 5 1162 162
250 2 1034 137
250 5 1170 162
260 2 1034 132
260 5 1181 165
270 2 1034 129
270 5 1191 165
280 2 1037 126
280 5 1199 165
290 2 1037 124
290 5 1213 167
300 2 1040 121
300 5 1226 173
310 2 1040 118
310 5 1246 173
320 2 1042 115
320 5 1254 177
330 2 1042 113
330 5 1265 181
340 2 1043 110
340 5 1279 183
350 2 1044 110
350 5 1295 188
360 2 1045 109
360 5 1309 190
370 2 1046 108
370 5 1319 196
380 2 1047 107
380 5 1335 198
390 2 1047 106
390 5 1353 201
400 2 1047 104
400 5 1365 204
410 2 1047 103
410 5 1377 206
420 2 1047 100
420 5 1390 214
430 2 1047 98
430 5 1403 217
440 2 1047 95
440 5 1419 222
450 2 1048 94
450 5 1433 225
460 2 1050 94
460 5 1449 230
470 2 1051 93
470 5 1465 234
480 2 1052 92
480 5 1481 240
490 2 1051 91
490 5 1497 242
500 2 1050 89
500 5 1513 248
510 2 1050 88
510 5 1529 250
520 2 1049 86
520 5 1545 256
530 2 1048 85
530 5 1563 261
540 2 1047 83
540 5 1582 269
550 2 1045 81
550 5 1593 270
560 2 1040 80
560 5 1600 271
570 2 1036 77
570 5 1601 272
580 2 1032 76
580 5 1602 274
590 2 1028 73
590 5 1603 275
600 2 1023 72
600 5 1604 276
610 2 1019 69
610 5 1605 277
620 2 1014 68
620 5 1605 278
630 2 1009 67
630 5 1605 278
640 2 1003 66
640 5 1604 278
650 2 997 65
650 5 1604 278
660 2 992 64
660 5 1603 278
670 2 986 64
670 5 1603 278
680 2 981 63
680 5 1605 279
690 2 976 62
690 5 1609 279
700 2 972 61
700 5 1625 282
710 2 969 59
710 5 1645 286
710 17 532 359
720 2 966 58
720 5 1662 292
720 17 530 361
730 2 963 57
730 5 1680 298
730 17 529 364
740 2 960 55
740 5 1697 304
740 17 527 367
750 2 956 54
750 5 1715 311
750 17 525 369
760 2 953 52
760 5 1737 319
760 17 524 374
770 2 950 51
770 5 1759 326
770 17 522 377
780 2 945 50
780 5 1781 334
780 17 517 378
790 2 940 50
790 5 1803 341
790 17 513 379
800 2 935 48
800 5 1825 348
800 17 513 380
810 2 929 48
810 5 1847 355
810 17 512 380
810 18 624 323
820 2 924 47
820 5 1866 362
820 17 512 381
820 18 632 327
830 2 918 46
830 5 1891 368
830 17 511 382
830 18 633 330
840 2 914 45
840 5 1903 385
840 17 511 383
840 18 632 333
850 2 908 45
850 5 1908 408
850 17 511 383
850 18 637 336
860 2 903 43
860 17 512 387
860 18 644 338
870 2 899 43
870 17 513 391
870 18 651 341
880 2 894 42
880 17 516 396
880 18 658 344
890 2 890 41
890 17 525 402
890 18 665 350
900 2 886 41
900 17 535 408
900 18 672 357
910 2 881 40
910 17 545 413
910 18 679 374
920 2 877 39
920 17 559 417
920 18 687 385
930 2 873 38
930 17 573 421
930 18 694 391
940 2 868 38
940 17 588 424
940 18 699 398
950 2 864 37
950 17 605 424
950 18 702 405
960 2 860 36
960 17 617 424
960 18 703 409
970 2 856 35
970 17 618 424
970 18 702 411
980 2 851 34
980 17 620 424
980 18 700 410
990 2 847 33
990 17 621 425
990 18 699 409
1000 2 843 33
1000 17 623 425
1000 18 698 409
1010 2 838 32
1010 17 625 425
1010 18 697 408
1020 2 834 31
1020 17 626 425
1020 18 696 407
1030 2 830 31
1030 17 628 425
1030 18 694 407
1040 2 826 30
1040 17 629 426
1040 18 693 406
1050 2 821 29
1050 17 630 426
1050 18 692 406
1060 2 817 28
1060 17 632 426
1060 18 690 406
1070 2 812 28
1070 17 633 426
1070 18 685 406
1080 2 808 27
1080 17 633 427
1080 18 683 407
1090 2 804 26
1090 17 631 428
1090 18 684 407
1100 2 800 25
1100 17 630 429
1100 18 688 407
1110 2 795 24
1110 17 629 430
1110 18 699 413
1120 2 791 23
1120 17 627 431
1120 18 710 418
1130 2 787 23
1130 17 627 432
1130 18 720 424
1140 2 785 22
1140 17 631 432
1140 18 723 424
1150 2 784 22
1150 17 635 432
1150 18 723 422
1160 2 783 22
1160 17 631 431
1160 18 723 420
1170 2 782 21
1170 17 626 431
1170 18 723 418
1180 2 781 21
1180 17 621 431
1180 18 723 416
1190 2 779 20
1190 17 618 427
1190 18 718 413
1200 2 778 19
1200 17 619 427
1200 18 713 411
1210 2 776 19
1210 17 622 427
1210 18 709 409
1220 2 775 19
1220 17 626 426
1220 18 704 407
1230 2 774 19
1230 17 633 424
1230 18 700 405
1240 2 772 18
1240 17 637 423
1240 18 699 405
1250 2 771 17
1250 17 625 427
1250 18 698 406
1260 2 770 17
1260 17 607 430
1260 18 697 407
1270 2 768 17
1270 17 590 433
1270 18 697 407
1280 2 767 16
1280 17 583 425
1280 18 698 411
1290 2 765 16
1290 17 577 418
1290 18 701 414
1300 2 764 15
1300 17 579 418
1300 18 703 418
1310 2 763 15
1310 17 581 418
1310 18 706 421
1320 2 761 15
1320 17 583 418
1320 18 708 424
1330 2 760 14
1330 17 584 418
1330 18 710 427
1340 2 759 14
1340 17 586 418
1340 18 712 428
1350 2 757 14
1350 17 588 418
1350 18 713 430
1360 2 756 14
1360 17 594 423
1360 18 715 431
1370 2 755 13
1370 17 600 428
1370 18 716 432
1380 2 755 13
1380 17 607 434
1380 18 716 434
1390 2 755 13
1390 17 620 428
1390 18 716 435
1400 2 754 13
1400 17 635 430
1400 18 716 436
1410 2 754 13
1410 17 638 439
1410 18 717 437
1420 2 754 13
1420 17 637 437
1420 18 718 439
1430 2 753 13
1430 17 636 434
1430 18 716 435
1440 2 753 13
1440 17 635 433
1440 18 711 427
1450 2 753 13
1450 17 634 434
1450 18 705 420
1460 2 752 13
1460 17 633 435
1460 18 700 416
1470 2 752 13
1470 17 633 435
1470 18 695 412
1480 2 752 13
1480 17 632 436
1480 18 690 408
1490 2 752 12
1490 17 625 440
1490 18 689 407
1500 2 752 12
1500 17 615 444
1500 18 693 409
1510 2 751 12
1510 17 606 448
1510 18 699 411
1520 2 751 12
1520 17 596 453
1520 18 705 413
1530 2 751 12
1530 17 587 457
1530 18 700 415
1540 2 751 12
1540 17 578 462
1540 18 695 416
1550 2 751 12
1550 17 576 468
1550 18 689 417
1560 2 751 12
1560 17 574 477
1560 18 684 418
1570 2 750 12
1570 17 573 485
1570 18 667 422
1580 2 750 12
1580 17 571 493
1580 18 650 427
1590 2 750 12
1590 17 570 502
1590 18 634 432
1600 2 749 11
1600 17 569 511
1600 18 617 437
1610 2 749 12
1610 17 568 522
1610 18 603 442
1620 2 748 11
1620 17 567 534
1620 18 593 449
1630 2 748 11
1630 17 564 546
1630 18 585 459
1640 2 748 12
1640 17 559 559
1640 18 578 470
1650 2 747 11
1650 17 554 573
1650 18 578 481
1660 2 747 11
1660 17 548 586
1660 18 579 492
1670 2 746 10
1670 17 543 599
1670 18 579 503
1680 2 746 10
1680 17 534 612
1680 18 580 514
1690 2 745 10
1690 17 523 623
1690 18 581 525
1700 2 744 10
1700 17 512 635
1700 18 582 536
1710 2 744 10
1710 17 501 647
1710 18 581 547
1720 2 744 10
1720 17 490 659
1720 18 577 559
1730 2 743 9
1730 17 476 669
1730 18 570 572
1740 2 742 9
1740 17 447 677
1740 18 564 585
1750 2 741 9
1750 17 418 684
1750 18 557 599
1760 2 741 9
1760 17 388 692
1760 18 550 612
1770 2 740 8
1770 17 359 699
1770 18 536 623
1780 2 740 8
1780 17 330 701
1780 18 522 634
1790 2 739 8
1790 17 300 701
1790 18 509 645
1800 2 738 7
1800 17 272 698
1800 18 496 656
1810 2 738 7
1810 17 243 696
1810 18 476 664
1820 2 737 7
1820 17 217 688
1820 18 455 671
1830 2 736 7
1830 17 202 677
1830 18 428 677
1840 2 735 7
1840 17 201 666
1840 18 401 683
1850 2 735 6
1850 17 200 656
1850 18 374 691
1860 2 734 6
1860 17 200 646
1860 18 347 699
1870 2 734 6
1870 17 198 636
1870 18 320 706
1880 2 733 6
1880 17 192 628
1880 18 291 707
1890 2 732 6
1890 17 180 624
1890 18 264 707
1900 17 165 621
1900 18 240 706
1910 17 148 621
1910 18 216 704
1920 17 131 621
1920 18 192 704
1930 17 114 621
1930 18 160 709
1940 17 94 626
1940 18 131 713
1950 17 75 633
1950 18 95 720
1960 17 57 642
1960 18 65 739
1970 17 41 648
1970 18 44 755
1980 17 28 662
1980 18 26 771
1990 17 21 680
2070 16 11 122
2080 16 12 126
2090 16 18 125
2100 16 27 123
2110 16 39 121
2120 15 9 129
2120 16 50 121
2130 15 17 128
2130 16 62 121
2140 15 26 129
2140 16 73 121
2150 15 40 126
2150 16 83 121
2160 15 56 126
2160 16 94 121
2170 15 72 126
2170 16 105 121
2180 15 88 126
2180 16 115 121
2190 15 101 126
2190 16 130 124
2200 15 117 126
2200 16 143 123
2210 15 128 123
2210 16 156 121
2220 15 144 121
2220 16 169 119
2230 15 154 121
2230 16 185 116
2240 15 177 121
2240 16 202 113
