0 0 458 481
0 2 996 484
10 0 471 468
10 2 1019 476
20 0 475 466
20 2 1021 474
30 0 479 464
30 2 1024 472
40 0 482 463
40 2 1026 470
50 0 486 461
50 2 1029 468
60 0 491 459
60 2 1033 468
70 0 495 457
70 2 1038 467
80 0 498 455
80 2 1044 465
90 0 502 454
90 2 1049 463
100 0 507 454
100 2 1054 461
110 0 509 451
110 2 1058 458
120 0 511 449
120 2 1061 456
130 0 512 447
130 2 1065 452
140 0 514 446
140 2 1069 451
150 0 518 443
150 2 1070 449
160 0 519 441
160 2 1072 448
170 0 521 439
170 2 1076 446
180 0 523 437
180 2 1077 446
190 0 527 436
190 2 1080 444
200 0 527 435
200 2 1083 444
210 0 528 433
210 2 1085 443
220 0 530 431
220 2 1087 442
230 0 532 431
230 2 1091 441
240 0 534 429
240 2 1092 439
250 0 535 428
250 2 1096 439
260 0 537 428
260 2 1098 438
270 0 539 426
270 2 1100 437
280 0 541 424
280 2 1103 436
290 0 543 424
290 2 1106 434
300 0 536 421
300 2 1108 434
310 0 530 420
310 2 1111 432
310 4 1082 700
320 0 524 418
320 2 1113 431
320 4 1088 694
330 0 517 416
330 2 1116 431
330 4 1097 688
340 0 511 415
340 2 1118 430
340 4 1107 684
350 0 506 411
350 2 1120 428
350 4 1117 678
360 0 500 407
360 2 1124 426
360 4 1133 669
370 0 495 404
370 2 1125 426
370 4 1148 655
380 0 492 400
380 2 1127 424
380 4 1163 642
390 0 488 398
390 2 1131 423
390 4 1175 631
400 0 484 395
400 2 1132 421
400 4 1188 622
410 0 483 393
410 2 1136 421
410 4 1201 611
420 0 481 393
420 2 1140 419
420 4 1211 601
430 0 481 393
430 2 1143 419
430 4 1220 592
440 0 479 393
440 2 1147 417
440 4 1230 582
450 0 479 393
450 2 1150 417
450 4 1239 572
460 0 479 393
460 2 1154 417
460 4 1247 564
470 0 477 393
470 2 1156 415
470 4 1258 557
480 0 477 393
480 2 1157 415
480 4 1260 546
490 0 477 393
490 2 1159 414
490 4 1261 541
500 0 476 393
500 2 1161 414
500 4 1268 527
510 0 476 393
510 2 1163 412
510 6 1213 331
520 0 476 393
520 2 1164 410
520 6 1206 331
530 0 476 393
530 2 1166 410
530 6 1199 331
540 0 477 393
540 2 1168 408
540 6 1194 331
550 0 477 393
550 2 1170 408
550 6 1190 333
560 0 479 393
560 2 1172 407
560 6 1187 335
570 0 479 393
570 2 1173 405
570 6 1181 333
580 0 481 395
580 2 1175 403
580 6 1178 333
590 0 481 395
590 2 1177 401
590 6 1173 333
600 0 483 396
600 2 1179 401
600 6 1169 333
610 0 484 396
610 2 1180 399
610 6 1162 331
620 0 484 398
620 2 1182 399
620 6 1157 331
630 0 486 398
630 2 1184 398
630 6 1151 329
630 42 756 259
640 0 488 400
640 2 1186 398
640 6 1146 329
640 42 760 259
650 0 488 398
650 2 1186 396
650 6 1141 329
650 42 764 259
660 0 488 398
660 2 1188 396
660 6 1137 329
660 42 768 259
670 0 488 398
670 2 1189 396
670 6 1133 331
670 42 772 259
680 0 488 396
680 2 1191 394
680 6 1126 329
680 42 776 259
690 0 488 396
690 2 1193 394
690 6 1121 327
690 42 781 259
700 0 488 396
700 2 1195 394
700 6 1116 327
700 42 785 259
710 0 486 395
710 2 1196 391
710 6 1109 327
710 42 789 260
720 0 485 393
720 2 1198 389
720 6 1103 327
730 0 485 391
730 2 1200 388
730 6 1098 327
740 0 484 389
740 2 1202 387
740 6 1093 327
750 0 483 389
750 2 1204 385
750 6 1087 327
760 0 478 389
760 2 1207 384
760 6 1082 329
770 0 472 389
770 2 1207 384
770 6 1077 327
780 0 469 391
780 2 1207 384
780 6 1071 327
790 0 469 389
790 6 1066 327
790 10 826 264
800 0 469 389
800 6 1061 327
800 10 829 264
810 0 471 388
810 6 1055 327
810 10 835 261
820 0 471 388
820 6 1050 329
820 10 839 261
830 0 471 386
830 6 1045 329
830 10 844 263
840 0 472 386
840 6 1039 331
840 10 847 263
850 0 476 384
850 6 1034 331
850 10 853 265
860 0 481 384
860 6 1030 333
860 10 858 267
870 0 487 382
870 6 1023 329
870 10 862 267
880 0 492 382
880 6 1016 327
880 10 867 267
890 0 499 382
890 6 1009 327
890 10 872 267
900 0 506 384
900 6 1004 326
900 10 878 267
910 0 513 386
910 6 997 325
910 10 883 267
910 11 1260 681
920 0 522 388
920 6 991 325
920 10 888 267
920 11 1259 680
930 0 522 389
930 6 986 325
930 10 892 267
930 11 1254 671
940 0 523 392
940 6 981 325
940 10 895 268
940 11 1250 668
950 0 524 394
950 6 975 325
950 10 899 268
950 11 1248 663
960 0 524 397
960 6 970 325
960 10 904 270
960 11 1245 661
970 0 524 397
970 6 965 325
970 10 908 270
970 11 1241 657
980 0 524 397
980 6 959 325
980 10 911 272
980 11 1238 651
990 0 524 397
990 6 954 325
990 10 917 274
990 11 1229 647
1000 0 524 397
1000 6 947 327
1000 10 920 273
1000 11 1224 641
1010 0 524 397
1010 6 941 329
1010 10 924 274
1010 11 1219 638
1020 0 524 396
1020 6 934 332
1020 10 929 275
1020 11 1213 634
1030 0 524 397
1030 6 929 334
1030 10 933 276
1030 11 1208 631
1040 0 524 397
1040 6 924 336
1040 10 938 277
1040 11 1204 627
1050 0 524 397
1050 6 918 334
1050 10 943 275
1050 11 1206 623
1060 0 524 397
1060 6 913 333
1060 10 949 275
1060 11 1210 619
1070 0 524 396
1070 6 908 333
1070 10 952 275
1070 11 1213 615
1080 0 524 396
1080 6 902 331
1080 10 958 277
1080 11 1215 612
1090 0 524 397
1090 6 897 331
1090 10 963 277
1090 11 1219 608
1100 0 524 397
1100 6 886 331
1100 10 967 279
1100 11 1222 604
1110 0 524 397
1110 6 877 331
1110 10 972 279
1110 11 1224 601
1120 0 524 396
1120 6 872 329
1120 10 977 280
1120 11 1228 596
1130 0 524 396
1130 6 869 329
1130 10 981 280
1130 11 1231 593
1140 0 524 396
1140 6 863 329
1140 10 986 280
1140 11 1235 590
1150 0 524 397
1150 6 860 329
1150 10 990 280
1150 11 1236 587
1160 0 524 397
1160 6 854 329
1160 10 995 280
1160 11 1239 583
1170 0 524 396
1170 6 851 329
1170 10 1000 280
1170 11 1242 581
1180 0 524 396
1180 6 844 329
1180 10 1004 280
1180 11 1245 578
1190 0 524 396
1190 6 837 329
1190 10 1007 280
1190 11 1247 574
1200 0 524 396
1200 6 829 329
1200 10 1011 282
1200 11 1250 573
1210 0 524 396
1210 6 824 329
1210 10 1016 282
1210 11 1252 569
1220 0 523 396
1220 6 819 329
1220 10 1022 284
1220 11 1255 565
1230 0 523 396
1230 6 815 329
1230 10 1027 286
1230 11 1259 564
1240 0 523 396
1240 6 806 329
1240 10 1032 284
1240 11 1260 560
1250 0 523 398
1250 6 799 329
1250 10 1038 282
1250 11 1261 558
1260 0 523 398
1260 6 790 329
1260 10 1043 280
1260 11 1262 557
1270 0 523 398
1270 6 783 329
1270 10 1048 280
1270 11 1263 555
1280 0 523 398
1280 6 776 327
1280 10 1052 280
1280 11 1263 555
1290 0 523 400
1290 6 771 327
1290 10 1057 282
1290 11 1263 555
1300 0 523 400
1300 6 764 327
1300 10 1063 282
1300 11 1263 555
1310 0 523 400
1310 6 758 327
1310 10 1068 284
1310 11 1263 555
1320 0 523 400
1320 6 751 325
1320 10 1073 284
1320 11 1263 555
1330 0 523 402
1330 6 746 325
1330 10 1079 286
1330 11 1263 555
1340 0 523 402
1340 6 739 325
1340 10 1084 286
1350 0 523 402
1350 6 733 325
1350 10 1089 288
1360 0 523 404
1360 6 726 325
1360 10 1093 288
1370 0 523 404
1370 6 721 325
1370 10 1096 288
1380 0 523 404
1380 6 716 325
1380 10 1100 288
1390 6 710 327
1390 10 1105 289
1400 6 701 325
1400 10 1109 289
1410 6 694 325
1410 10 1114 289
1420 6 687 325
1420 10 1119 291
1430 6 680 325
1430 10 1123 291
1440 6 673 325
1440 10 1128 293
1450 6 666 325
1450 10 1134 293
1460 6 659 325
1460 10 1139 295
1470 6 652 325
1470 10 1144 295
1480 6 645 325
1480 10 1150 295
1490 6 637 327
1490 10 1155 295
1500 6 630 327
1500 10 1160 295
1510 6 623 327
1510 10 1166 295
1520 6 616 327
1520 10 1171 295
1530 6 611 329
1530 10 1178 295
1540 6 604 327
1540 10 1182 295
1550 6 597 327
1550 10 1187 295
1560 6 589 327
1560 10 1191 296
1570 6 582 327
1570 10 1196 296
1580 6 575 327
1580 10 1199 296
1590 6 568 327
1590 10 1205 298
1600 6 563 327
1600 10 1208 298
1610 6 556 327
1610 10 1214 298
1620 6 549 327
1620 10 1219 300
1630 6 541 329
1630 10 1226 296
1640 6 534 329
1640 10 1230 296
1650 6 527 329
1650 10 1235 296
1660 6 520 329
1660 10 1239 296
