0 11 862 380
0 16 888 401
0 17 986 400
10 11 848 385
10 16 870 405
10 17 968 404
20 11 826 384
20 16 854 407
20 17 959 403
30 11 814 388
30 16 833 413
30 17 942 410
40 11 793 392
40 16 818 417
40 17 921 412
50 11 777 394
50 16 799 420
50 17 908 414
60 11 761 396
60 16 778 423
60 17 889 416
70 11 749 394
70 16 763 424
70 17 878 418
80 11 736 395
80 16 741 426
80 17 865 418
90 11 731 392
90 16 723 425
90 17 848 415
100 11 716 393
100 16 707 425
100 17 840 416
110 11 712 395
110 16 697 423
110 17 827 413
120 11 708 392
120 16 692 419
120 17 813 412
130 11 707 392
130 16 689 418
130 17 802 410
140 11 707 392
140 16 689 419
140 17 793 409
150 11 704 391
150 16 689 419
150 17 783 409
160 11 703 391
160 16 688 418
160 17 774 408
170 11 703 392
170 16 688 418
170 17 769 406
180 11 703 392
180 16 688 418
180 17 763 409
190 11 703 392
190 16 688 418
190 17 762 409
200 10 21 619
200 11 701 391
200 16 688 418
200 17 754 412
210 10 33 614
210 11 698 390
210 16 690 420
210 17 749 414
220 10 46 609
220 11 698 390
220 16 690 420
220 17 741 417
230 10 59 603
230 11 698 390
230 16 690 420
230 17 735 420
240 10 74 601
240 11 706 389
240 16 690 419
240 17 725 420
250 10 88 595
250 11 708 392
250 16 690 419
250 17 717 422
260 10 96 595
260 11 705 392
260 16 689 419
260 17 707 422
270 10 104 586
270 11 701 393
270 16 692 419
270 17 701 425
280 10 110 581
280 11 701 391
280 16 691 420
280 17 693 428
290 10 115 574
290 11 703 393
290 16 691 420
290 17 685 430
300 10 122 570
300 11 703 392
300 16 691 419
300 17 687 427
310 10 129 566
310 11 703 392
310 16 691 419
310 17 687 426
320 10 135 562
320 11 703 392
320 16 690 420
320 17 686 427
330 10 145 558
330 11 703 392
330 16 689 422
330 17 683 428
340 10 145 558
340 11 704 389
340 16 688 420
340 17 683 428
350 10 147 555
350 11 704 389
350 16 688 420
350 17 684 426
360 10 150 554
360 11 703 391
360 16 688 420
360 17 684 426
370 10 150 552
370 11 703 391
370 16 689 419
370 17 684 426
380 10 153 550
380 11 703 391
380 16 689 419
380 17 684 426
390 10 155 547
390 11 703 391
390 16 689 420
390 17 684 426
400 10 155 545
400 11 703 391
400 16 688 420
400 17 684 426
410 10 158 545
410 11 703 391
410 16 688 420
410 17 683 427
420 10 161 542
420 11 703 389
420 16 688 420
420 17 683 427
430 10 161 541
430 11 703 389
430 16 688 420
430 17 683 427
440 10 169 535
440 11 703 389
440 16 688 420
440 17 685 427
450 10 179 530
450 11 703 389
450 16 688 420
450 17 685 427
460 10 190 525
460 11 701 390
460 16 688 420
460 17 685 426
470 10 206 515
470 11 701 390
470 16 689 419
470 17 685 426
480 10 224 506
480 11 698 386
480 16 689 419
480 17 685 426
490 10 245 494
490 11 690 381
490 16 690 419
490 17 685 426
500 10 273 484
500 11 685 377
500 16 688 419
500 17 685 426
510 10 299 481
510 11 677 369
510 16 689 421
510 17 684 428
520 10 325 483
520 11 676 366
520 16 689 421
520 17 684 426
530 10 350 490
530 11 676 365
530 16 689 421
530 17 684 426
540 10 378 498
540 11 674 363
540 16 689 421
540 17 684 426
550 10 402 505
550 11 674 362
550 16 688 420
550 17 684 426
560 10 426 508
560 11 673 361
560 16 688 420
560 17 684 426
570 10 450 510
570 11 676 372
570 16 688 420
570 17 684 426
580 10 474 521
580 11 675 373
580 16 689 419
580 17 684 426
590 10 500 526
590 11 670 375
590 16 689 419
590 17 681 425
600 10 525 526
600 11 672 374
600 12 19 752
600 16 688 419
600 17 676 424
610 10 554 532
610 11 669 361
610 12 43 760
610 16 688 419
610 17 671 426
620 10 585 535
620 11 670 358
620 12 42 770
620 16 688 419
620 17 667 423
630 10 612 534
630 11 670 358
630 12 58 791
630 16 687 419
630 17 668 422
640 10 639 533
640 11 670 358
640 12 66 802
640 16 686 410
640 17 668 422
650 10 667 531
650 11 672 366
650 12 100 820
650 16 687 407
650 17 666 406
660 10 696 531
660 11 672 366
660 12 110 822
660 16 687 407
660 17 669 405
670 10 720 527
670 11 674 362
670 12 129 846
670 13 22 745
670 16 690 406
670 17 670 398
680 10 744 525
680 11 673 362
680 12 143 859
680 13 34 743
680 16 693 410
680 17 669 399
690 10 768 521
690 11 673 362
690 12 163 886
690 13 41 755
690 16 694 416
690 17 672 404
700 10 786 510
700 11 673 364
700 12 166 887
700 13 54 770
700 16 694 414
700 17 677 401
710 10 805 502
710 11 672 363
710 12 189 928
710 13 78 781
710 16 697 409
710 17 680 396
720 10 826 492
720 11 672 363
720 12 191 944
720 13 97 791
720 16 700 409
720 17 678 395
730 10 842 482
730 11 668 363
730 12 225 953
730 13 109 805
730 14 13 818
730 16 699 405
730 17 674 391
740 10 856 473
740 11 668 363
740 12 246 971
740 13 117 822
740 14 22 813
740 16 697 404
740 17 670 389
750 10 869 464
750 11 670 362
750 12 265 985
750 13 134 830
750 14 44 818
750 16 695 404
750 17 668 388
760 10 882 455
760 11 670 363
760 12 280 994
760 13 149 848
760 14 46 826
760 15 33 766
760 16 694 402
760 17 666 386
770 10 896 445
770 11 670 363
770 12 311 1002
770 13 162 860
770 14 60 845
770 15 63 782
770 16 690 401
770 17 666 386
780 10 909 435
780 11 670 363
780 12 330 1012
780 13 170 884
780 14 74 868
780 15 97 832
780 16 687 398
780 17 666 386
