300 12 7 395
310 12 13 390
320 11 7 512
320 12 21 390
330 11 15 510
330 12 28 389
340 11 25 507
340 12 36 389
350 11 34 504
350 12 42 388
360 11 44 501
360 12 48 387
370 11 54 498
370 12 53 387
380 11 63 495
380 12 59 387
390 11 71 492
390 12 64 387
400 11 79 490
400 12 70 387
410 11 86 488
410 12 74 387
420 11 93 485
420 12 78 387
430 11 99 482
430 12 82 387
440 11 105 479
440 12 88 387
450 11 110 476
450 12 95 388
460 11 115 473
460 12 102 389
470 11 120 471
470 12 109 389
480 11 124 469
480 12 116 389
490 11 125 468
490 12 123 389
500 11 126 466
500 12 130 389
510 11 126 466
510 12 137 388
520 11 127 466
520 12 145 388
530 11 127 465
530 12 152 388
540 11 129 464
540 12 159 388
550 11 131 464
550 12 166 387
560 11 132 464
560 12 172 386
570 11 132 462
570 12 179 385
580 11 133 459
580 12 186 384
590 12 193 384
600 12 200 384
610 12 206 384
620 12 213 384
630 12 220 384
640 12 226 383
650 12 230 383
660 12 235 383
670 12 240 383
680 12 247 382
690 12 253 381
700 12 259 380
710 12 265 379
720 12 272 378
730 12 278 377
740 12 284 376
750 12 291 375
760 12 297 375
770 12 303 374
780 12 309 372
790 12 315 371
800 12 321 369
810 12 327 367
820 12 333 366
830 12 337 366
840 12 342 368
850 12 345 365
860 12 349 363
870 12 353 362
880 12 356 361
