0 11 536 686
10 11 553 686
20 11 571 686
30 11 589 686
40 11 608 686
50 11 628 687
60 11 641 687
70 11 660 687
80 11 667 687
90 11 679 687
100 11 692 687
110 11 705 688
120 11 720 688
130 11 741 689
140 11 762 690
150 11 784 692
160 11 805 692
170 11 826 692
180 11 848 693
190 11 868 693
200 11 890 694
200 31 416 708
210 11 908 694
210 31 417 706
220 11 928 694
220 31 419 704
230 11 947 695
230 31 427 700
230 34 451 708
230 35 405 711
230 38 503 709
240 11 967 695
240 31 433 696
240 34 457 705
240 35 413 707
240 38 510 708
250 11 986 696
250 31 437 693
250 34 465 702
250 35 423 704
250 36 537 713
250 38 520 703
260 11 1002 695
260 31 441 691
260 33 503 707
260 34 470 700
260 35 428 702
260 36 539 708
260 38 530 702
270 11 1017 695
270 31 446 692
270 33 512 702
270 34 472 698
270 35 434 698
270 36 546 707
270 38 540 700
280 11 1033 694
280 31 451 692
280 33 523 701
280 34 478 695
280 35 441 695
280 36 552 704
280 38 548 697
290 11 1048 694
290 31 452 688
290 33 527 701
290 34 484 694
290 35 448 693
290 36 557 702
290 38 557 695
300 11 1064 693
300 31 454 681
300 33 535 700
300 34 490 692
300 35 457 690
300 36 563 699
300 38 565 692
310 11 1076 692
310 31 465 681
310 33 541 696
310 34 496 690
310 35 467 689
310 36 570 698
310 38 574 689
320 11 1087 691
320 31 468 677
320 33 547 693
320 34 502 688
320 35 477 687
320 36 577 694
320 38 582 686
330 11 1099 690
330 31 470 677
330 33 553 690
330 34 509 685
330 35 487 685
330 36 582 693
330 38 589 684
340 11 1107 688
340 31 475 670
340 33 558 688
340 34 515 682
340 35 498 683
340 36 588 690
340 38 596 681
350 11 1115 686
350 31 487 669
350 33 564 686
350 34 522 677
350 35 512 681
350 36 597 689
350 38 603 679
360 11 1117 684
360 31 488 664
360 33 570 684
360 34 528 674
360 35 526 679
360 36 604 685
360 38 613 677
370 11 1123 679
370 31 494 664
370 33 577 683
370 34 534 671
370 35 538 677
370 36 608 685
370 38 618 667
380 11 1129 675
380 31 502 661
380 33 586 681
380 34 540 668
380 35 549 676
380 36 613 682
380 38 625 663
390 11 1135 670
390 31 508 657
390 33 593 678
390 34 545 664
390 35 563 674
390 36 621 679
390 38 632 658
400 4 568 708
400 11 1141 666
400 31 513 654
400 33 600 675
400 34 552 661
400 35 570 672
400 36 629 679
400 37 544 709
400 38 639 654
410 4 570 706
410 11 1148 662
410 31 520 651
410 33 606 671
410 34 558 658
410 35 578 671
410 36 636 673
410 37 547 709
410 38 646 649
420 2 496 712
420 4 575 705
420 11 1151 658
420 31 527 649
420 33 612 667
420 34 563 655
420 35 587 663
420 36 642 673
420 37 550 704
420 38 652 645
430 1 581 705
430 2 498 708
430 3 537 709
430 4 578 702
430 11 1155 654
430 31 535 645
430 33 619 663
430 34 569 652
430 35 600 655
430 36 647 667
430 37 558 703
430 38 659 640
440 1 583 703
440 2 500 706
440 3 535 706
440 4 581 699
440 11 1159 650
440 31 544 642
440 33 625 659
440 34 575 649
440 35 606 649
440 36 653 665
440 37 559 700
440 38 665 635
450 1 589 702
450 2 503 703
450 3 534 704
450 4 585 696
450 11 1163 646
450 31 547 640
450 33 631 655
450 34 581 646
450 35 616 643
450 36 660 660
450 37 562 696
450 38 672 632
460 1 594 699
460 2 503 700
460 3 539 701
460 4 590 695
460 11 1167 641
460 31 550 639
460 33 645 652
460 34 587 643
460 35 623 640
460 36 668 657
460 37 571 693
460 38 679 629
470 1 594 697
470 2 505 696
470 3 539 697
470 4 597 693
470 11 1171 638
470 31 561 632
470 33 651 648
470 34 593 640
470 35 632 635
470 36 674 650
470 37 577 692
470 38 686 627
480 1 596 695
480 2 512 695
480 3 546 697
480 4 603 691
480 11 1177 633
480 31 567 630
480 33 656 644
480 34 599 636
480 35 638 629
480 36 680 648
480 37 577 689
480 38 694 624
490 1 597 693
490 2 517 690
490 3 552 692
490 4 609 689
490 11 1182 629
490 31 573 627
490 33 662 638
490 34 605 633
490 35 650 625
490 36 689 644
490 37 584 688
490 38 701 621
500 1 603 690
500 2 519 689
500 3 554 691
500 4 615 688
500 11 1188 627
500 31 579 625
500 33 665 635
500 34 611 630
500 35 654 619
500 36 696 643
500 37 589 688
500 38 707 618
510 1 609 690
510 2 523 686
510 3 553 689
510 4 618 686
510 11 1193 624
510 31 586 623
510 33 670 629
510 34 616 626
510 35 658 618
510 36 702 633
510 37 594 684
510 38 714 615
520 1 619 686
520 2 529 685
520 3 558 684
520 4 621 683
520 11 1198 621
520 31 592 620
520 33 675 625
520 34 622 624
520 35 668 610
520 36 712 629
520 37 597 684
520 38 721 613
530 1 629 685
530 2 532 684
530 3 563 684
530 4 624 681
530 11 1204 618
530 31 599 617
530 33 684 620
530 34 627 620
530 35 668 610
530 36 719 626
530 37 598 681
530 38 728 610
540 1 640 683
540 2 534 680
540 3 567 684
540 4 627 679
540 11 1209 616
540 31 606 614
540 33 693 619
540 34 633 618
540 35 674 606
540 36 725 620
540 37 602 680
540 38 735 607
550 1 650 680
550 2 540 678
550 3 571 684
550 4 630 676
550 11 1214 613
550 31 613 611
550 33 704 615
550 34 638 615
550 35 680 603
550 36 735 615
550 37 606 675
550 38 742 604
560 1 657 678
560 2 546 678
560 3 576 682
560 4 634 672
560 11 1220 610
560 31 619 608
560 33 713 610
560 34 643 612
560 35 686 600
560 36 735 615
560 37 611 667
560 38 750 601
570 1 664 675
570 2 550 676
570 3 581 678
570 4 637 670
570 11 1222 605
570 31 624 605
570 33 721 609
570 34 647 609
570 35 690 593
570 36 745 610
570 37 616 665
570 38 757 598
580 1 673 670
580 2 555 673
580 3 585 676
580 4 648 664
580 11 1223 601
580 31 630 602
580 33 724 609
580 34 652 606
580 35 695 593
580 36 753 606
580 37 624 662
580 38 764 596
590 1 680 666
590 2 561 668
590 3 591 674
590 4 653 662
590 11 1225 598
590 31 635 599
590 33 734 603
590 34 657 604
590 35 701 587
590 36 758 604
590 37 630 656
590 38 771 593
600 1 688 661
600 2 567 665
600 3 597 671
600 4 660 657
600 11 1227 595
600 31 640 596
600 33 739 602
600 34 662 601
600 35 711 582
600 36 767 599
600 37 636 655
600 38 778 590
610 1 696 655
610 2 572 662
610 3 604 667
610 4 663 655
610 11 1229 592
610 31 645 593
610 33 743 599
610 34 666 599
610 35 716 583
610 36 771 597
610 37 643 652
610 38 785 587
620 1 703 650
620 2 577 657
620 3 610 663
620 4 670 648
620 11 1232 589
620 31 651 590
620 33 751 595
620 34 670 596
620 35 723 576
620 36 778 594
620 37 651 650
620 38 792 584
630 1 710 645
630 2 585 654
630 3 617 659
630 4 675 646
630 11 1231 585
630 31 656 588
630 33 756 595
630 34 675 594
630 35 732 575
630 36 783 593
630 37 656 646
630 38 797 582
640 1 717 639
640 2 591 650
640 3 624 654
640 4 679 641
640 11 1231 582
640 31 660 586
640 33 764 592
640 34 679 591
640 35 740 572
640 36 789 586
640 37 662 641
640 38 802 580
650 1 725 635
650 2 596 644
650 3 630 648
650 4 684 637
650 11 1231 579
650 31 665 584
650 33 771 589
650 34 685 589
650 35 747 568
650 36 794 590
650 37 667 637
650 38 807 578
660 1 733 633
660 2 602 640
660 3 637 645
660 4 689 634
660 11 1231 576
660 31 669 583
660 33 778 585
660 34 691 587
660 35 754 566
660 36 799 588
660 37 673 633
660 38 811 576
670 1 740 628
670 2 610 637
670 3 644 642
670 4 695 631
670 11 1232 573
670 31 674 581
670 33 784 583
670 34 696 584
670 35 761 563
670 36 805 585
670 37 678 629
670 38 816 573
680 1 744 625
680 2 617 633
680 3 649 638
680 4 700 627
680 11 1234 570
680 31 678 579
680 33 791 580
680 34 702 581
680 35 767 560
680 36 812 583
680 37 684 625
680 38 821 571
690 1 751 621
690 2 624 632
690 3 657 635
690 4 705 623
690 11 1236 567
690 31 682 577
690 33 797 577
690 34 707 579
690 35 775 558
690 36 819 580
690 37 689 622
690 38 825 569
700 1 759 618
700 2 631 627
700 3 665 632
700 4 710 618
700 11 1238 564
700 31 687 576
700 33 804 574
700 34 713 577
700 35 787 555
700 36 826 577
700 37 694 620
700 38 830 567
710 1 765 614
710 2 638 626
710 3 670 630
710 4 713 616
710 11 1240 562
710 31 691 574
710 33 810 571
710 34 718 574
710 35 792 553
710 36 833 574
710 37 700 617
710 38 834 565
720 1 769 613
720 2 643 622
720 3 674 628
720 4 716 614
720 11 1244 559
720 31 696 571
720 33 816 568
720 34 724 572
720 35 801 551
720 36 840 571
720 37 705 614
720 38 838 563
730 1 777 608
730 2 650 619
730 3 681 625
730 4 722 612
730 11 1249 557
730 31 701 569
730 33 822 566
730 34 729 570
730 35 805 547
730 36 847 569
730 37 711 611
730 38 843 560
740 1 782 603
740 2 657 616
740 3 688 622
740 4 731 610
740 11 1253 555
740 31 705 568
740 33 828 563
740 34 734 568
740 35 810 547
740 36 852 566
740 37 716 609
740 38 847 558
750 1 788 601
750 2 664 613
750 3 694 620
750 4 736 607
750 11 1258 553
750 31 710 566
750 33 833 560
750 34 739 566
750 35 818 541
750 36 857 563
750 37 722 606
750 38 851 557
760 1 795 597
760 2 672 609
760 3 700 618
760 4 742 604
760 11 1263 551
760 31 715 564
760 33 839 558
760 34 745 564
760 35 818 541
760 36 862 560
760 37 728 603
760 38 856 555
770 1 803 592
770 2 676 609
770 3 705 615
770 4 748 601
770 11 1265 549
770 31 720 562
770 33 845 555
770 34 748 562
770 35 819 540
770 36 866 558
770 37 734 600
770 38 860 553
780 1 811 588
780 2 683 606
780 3 710 613
780 4 756 598
780 11 1268 547
780 31 725 560
780 33 850 553
780 34 752 561
780 35 825 536
780 36 871 555
780 37 739 597
780 38 864 551
790 1 823 584
790 2 690 603
790 3 718 608
790 4 761 595
790 11 1270 545
790 31 730 559
790 33 856 551
790 34 756 559
790 35 830 533
790 36 876 553
790 37 745 594
790 38 868 549
800 1 832 581
800 2 696 599
800 3 726 604
800 4 767 592
800 11 1273 544
800 31 735 557
800 33 860 549
800 34 760 557
800 35 835 531
800 36 880 550
800 37 751 591
800 38 872 546
810 1 840 577
810 2 702 596
810 3 732 602
810 4 776 590
810 31 740 555
810 33 864 547
810 34 764 556
810 35 835 531
810 36 885 548
810 37 757 590
810 38 876 543
820 1 847 572
820 2 709 593
820 3 738 600
820 4 782 588
820 31 745 553
820 33 868 545
820 34 768 554
820 35 842 525
820 36 889 546
820 37 763 588
820 38 879 540
830 1 854 568
830 2 715 590
830 3 743 599
830 4 789 586
830 31 750 552
830 33 872 543
830 34 772 552
830 35 846 524
830 36 893 543
830 37 769 587
830 38 883 538
840 1 860 564
840 2 720 590
840 3 748 598
840 4 793 584
840 31 754 550
840 33 876 541
840 34 775 551
840 35 853 523
840 36 902 543
840 37 775 585
840 38 887 535
850 1 865 561
850 2 728 586
850 3 754 595
850 4 797 582
850 31 759 548
850 33 880 539
850 34 780 549
850 35 858 520
850 36 905 542
850 37 781 583
850 38 891 532
860 1 871 556
860 2 736 584
860 3 761 592
860 4 802 580
860 31 764 547
860 33 884 537
860 34 784 548
860 35 863 518
860 36 909 540
860 37 787 582
860 38 894 530
870 1 875 554
870 2 744 582
870 3 769 588
870 4 804 579
870 31 769 545
870 33 888 536
870 34 788 546
870 35 868 516
870 36 911 537
870 37 792 579
870 38 898 527
880 1 881 550
880 2 750 582
880 3 775 585
880 4 812 574
880 31 773 543
880 33 890 533
880 34 792 544
880 35 873 514
880 36 915 534
880 37 796 576
880 38 902 524
890 1 887 546
890 2 755 577
890 3 781 583
890 4 820 571
890 31 778 541
890 33 892 531
890 34 797 542
890 35 878 512
890 36 917 530
890 37 800 573
890 38 906 522
900 1 891 542
900 2 761 575
900 3 786 580
900 4 825 570
900 31 782 539
900 33 892 531
900 34 801 540
900 35 882 510
900 36 920 529
900 37 804 571
900 38 910 519
910 1 895 539
910 2 767 571
910 3 792 578
910 4 826 565
910 31 786 537
910 33 894 530
910 34 806 538
910 35 887 508
910 36 921 526
910 37 809 568
910 38 913 517
920 1 900 536
920 2 771 569
920 3 798 576
920 4 829 564
920 31 790 535
920 33 887 523
920 34 810 536
920 35 891 506
920 36 921 523
920 37 812 565
920 38 916 516
930 1 907 533
930 2 775 570
930 3 804 575
930 4 835 562
930 31 794 533
930 33 884 521
930 34 815 534
930 35 895 504
930 36 922 521
930 37 817 562
930 38 920 515
940 1 913 529
940 2 781 566
940 3 809 573
940 4 839 560
940 31 799 531
940 33 884 521
940 34 819 532
940 35 899 503
940 36 922 518
940 37 821 559
940 38 923 514
950 1 919 526
950 2 787 564
950 3 813 571
950 4 842 557
950 31 803 529
950 33 879 518
950 34 824 530
950 35 904 501
950 36 918 517
950 37 825 556
950 38 927 513
960 1 924 524
960 2 791 562
960 3 819 567
960 4 845 557
960 31 807 527
960 33 873 514
960 34 829 529
960 35 907 500
960 36 913 516
960 37 829 552
960 38 930 512
970 1 930 521
970 2 796 559
970 3 825 565
970 4 848 554
970 31 811 525
970 33 871 512
970 34 833 527
970 35 907 500
970 36 908 515
970 37 834 549
970 38 934 511
980 1 933 518
980 2 803 556
980 3 830 562
980 4 851 552
980 31 816 523
980 33 869 510
980 34 837 526
980 35 908 500
980 36 902 515
980 37 840 550
980 38 937 510
990 1 936 517
990 2 807 555
990 3 834 561
990 4 854 550
990 31 820 521
990 33 864 507
990 34 835 525
990 35 914 499
990 36 897 514
990 37 841 549
990 38 941 509
1000 1 937 514
1000 2 811 553
1000 3 843 558
1000 4 857 548
1000 31 824 520
1000 33 858 505
1000 34 839 525
1000 35 915 500
1000 36 892 513
1000 37 843 547
1000 38 941 507
1010 1 939 512
1010 2 815 552
1010 3 845 557
1010 4 860 547
1010 31 828 519
1010 33 853 503
1010 34 843 524
1010 35 915 500
1010 36 886 512
1010 37 843 547
1010 38 941 505
1020 1 939 510
1020 2 821 549
1020 3 849 555
1020 4 864 545
1020 31 832 519
1020 33 847 500
1020 34 849 524
1020 35 915 500
1020 36 878 511
1020 37 845 542
1020 38 941 504
1030 1 940 507
1030 2 825 548
1030 3 854 553
1030 4 867 544
1030 31 835 518
1030 33 841 498
1030 34 853 522
1030 35 915 500
1030 36 870 510
1030 37 849 541
1030 38 941 502
1040 1 942 503
1040 2 829 547
1040 3 858 550
1040 4 872 542
1040 31 839 517
1040 33 836 496
1040 34 862 518
1040 35 915 500
1040 36 861 509
1040 37 851 538
1040 38 941 500
1050 1 945 500
1050 2 833 543
1050 3 861 548
1050 4 874 538
1050 31 843 516
1050 33 832 494
1050 34 867 517
1050 35 915 500
1050 36 853 508
1050 37 851 538
1050 38 941 499
1060 1 945 500
1060 2 837 541
1060 3 864 546
1060 4 873 538
1060 31 847 515
1060 33 827 492
1060 34 871 515
1060 35 915 500
1060 36 845 507
1060 37 853 536
1060 38 941 497
1070 1 947 499
1070 2 840 539
1070 3 870 544
1070 4 873 538
1070 31 851 514
1070 33 823 490
1070 34 874 514
1070 35 914 499
1070 36 831 505
1070 37 856 534
1070 38 941 495
1080 1 950 497
1080 2 844 538
1080 3 874 542
1080 4 876 536
1080 31 855 513
1080 33 818 488
1080 34 876 513
1080 35 914 499
1080 36 830 502
1080 37 859 530
1080 38 941 494
1090 1 953 495
1090 2 848 537
1090 3 876 540
1090 4 877 534
1090 31 857 512
1090 33 812 486
1090 34 877 512
1090 35 914 499
1090 36 819 503
1090 37 861 534
1090 38 941 492
1100 1 954 494
1100 2 851 536
1100 3 878 539
1100 4 876 533
1100 31 856 511
1100 33 804 485
1100 34 879 512
1100 35 914 500
1100 36 813 502
1100 37 860 533
1100 38 941 490
1110 1 955 492
1110 2 855 534
1110 3 880 538
1110 4 877 531
1110 31 865 508
1110 33 796 483
1110 34 881 511
1110 35 914 500
1110 36 807 502
1110 37 860 529
1110 38 941 489
1120 1 955 491
1120 2 858 532
1120 3 881 537
1120 4 881 529
1120 31 862 503
1120 33 788 481
1120 34 883 510
1120 35 914 498
1120 36 797 501
1120 37 861 527
1120 38 941 487
1130 1 953 489
1130 2 863 532
1130 3 882 536
1130 4 885 527
1130 31 866 503
1130 33 782 481
1130 34 885 509
1130 35 914 498
1130 36 794 501
1130 37 856 527
1130 38 936 486
1140 1 949 487
1140 2 864 531
1140 3 883 534
1140 4 885 526
1140 31 869 499
1140 33 776 481
1140 34 887 508
1140 35 916 500
1140 36 787 501
1140 37 856 527
1140 38 931 485
1150 1 947 487
1150 2 864 529
1150 3 884 533
1150 4 885 525
1150 31 869 499
1150 33 770 481
1150 34 888 507
1150 35 916 500
1150 36 781 500
1150 37 855 525
1150 38 925 483
1160 1 946 486
1160 2 865 528
1160 3 884 532
1160 4 885 523
1160 31 869 499
1160 33 756 477
1160 34 890 506
1160 35 914 500
1160 36 775 499
1160 37 855 525
1160 38 919 482
1170 1 945 486
1170 2 867 526
1170 3 885 531
1170 4 885 521
1170 31 872 498
1170 33 752 478
1170 34 892 506
1170 35 914 500
1170 36 769 498
1170 37 854 525
1170 38 914 481
1180 1 945 485
1180 2 869 526
1180 3 885 529
1180 4 884 521
1180 31 872 498
1180 33 753 481
1180 34 892 505
1180 35 914 500
1180 36 763 497
1180 37 851 524
1180 38 908 480
1190 1 945 485
1190 2 867 525
1190 3 885 527
1190 4 882 520
1190 31 864 495
1190 33 748 481
1190 34 892 504
1190 35 907 501
1190 36 759 497
1190 37 848 518
1190 38 903 479
1200 1 944 485
1200 2 863 524
1200 3 885 526
1200 4 881 519
1200 31 864 495
1200 33 742 481
1200 34 893 504
1200 35 907 501
1200 36 757 497
1200 37 847 519
1200 38 897 478
1210 1 944 485
1210 2 861 521
1210 3 884 525
1210 4 879 518
1210 31 854 495
1210 33 745 478
1210 34 893 503
1210 35 904 501
1210 36 755 497
1210 37 845 519
1210 38 892 477
1220 1 942 485
1220 2 861 520
1220 3 882 524
1220 4 878 516
1220 31 849 493
1220 33 746 479
1220 34 893 503
1220 35 901 502
1220 36 753 497
1220 37 842 519
1220 38 886 476
1230 1 938 484
1230 2 861 520
1230 3 880 523
1230 4 877 516
1230 31 849 493
1230 33 747 480
1230 34 894 502
1230 35 898 503
1230 36 751 497
1230 37 840 519
1230 38 881 475
1240 1 932 483
1240 2 858 521
1240 3 878 522
1240 4 877 516
1240 31 839 491
1240 33 747 480
1240 34 894 502
1240 35 895 504
1240 36 751 496
1240 37 838 519
1240 38 875 473
1250 1 929 483
1250 2 856 519
1250 3 876 521
1250 4 877 515
1250 31 842 498
1250 33 748 480
1250 34 894 501
1250 35 893 505
1250 36 751 496
1250 37 836 519
1250 38 870 473
1250 50 9 317
1260 1 925 483
1260 2 854 519
1260 3 874 521
1260 4 880 513
1260 31 841 497
1260 33 748 480
1260 34 895 501
1260 35 890 505
1260 36 751 496
1260 37 834 519
1260 38 866 472
1260 50 18 323
1270 1 922 482
1270 2 852 518
1270 3 872 520
1270 4 882 513
1270 31 840 496
1270 33 749 481
1270 34 895 500
1270 35 890 505
1270 36 751 496
1270 37 833 518
1270 38 861 471
1270 50 29 322
1280 1 923 479
1280 2 851 518
1280 3 871 520
1280 4 885 511
1280 31 839 495
1280 33 750 481
1280 34 895 500
1280 35 890 504
1280 36 751 496
1280 37 833 516
1280 38 857 470
1280 50 35 321
1290 1 920 479
1290 2 848 517
1290 3 870 519
1290 4 888 510
1290 31 838 494
1290 33 750 481
1290 34 896 499
1290 35 891 503
1290 36 751 496
1290 37 833 515
1290 38 852 469
1290 50 49 321
1300 1 917 476
1300 2 843 517
1300 3 870 518
1300 4 890 509
1300 31 837 493
1300 33 751 481
1300 34 896 499
1300 35 891 502
1300 36 751 496
1300 37 834 513
1300 38 848 468
1300 50 58 320
1310 1 915 474
1310 2 840 517
1310 3 867 518
1310 4 892 509
1310 31 836 493
1310 33 753 482
1310 34 896 498
1310 35 892 502
1310 36 751 496
1310 37 834 511
1310 38 843 468
1310 50 69 319
1320 1 914 474
1320 2 840 517
1320 3 865 518
1320 4 900 508
1320 31 835 492
1320 33 757 482
1320 34 897 498
1320 35 892 501
1320 36 751 496
1320 37 835 510
1320 38 838 467
1320 50 78 323
1330 1 911 472
1330 2 841 517
1330 3 862 518
1330 4 909 508
1330 31 834 491
1330 33 760 481
1330 34 897 497
1330 35 890 506
1330 36 751 496
1330 37 835 508
1330 38 834 467
1330 50 88 321
1340 1 906 472
1340 2 841 517
1340 3 862 514
1340 4 911 506
1340 31 834 491
1340 33 762 484
1340 34 897 497
1340 35 890 506
1340 36 751 496
1340 37 836 507
1340 38 829 466
1340 50 98 321
1350 1 900 471
1350 2 841 514
1350 3 862 516
1350 4 914 504
1350 31 834 491
1350 33 763 481
1350 34 898 496
1350 35 886 505
1350 36 751 496
1350 37 836 505
1350 38 824 466
1350 50 103 318
1360 1 892 462
1360 2 841 514
1360 3 863 514
1360 4 917 502
1360 31 834 491
1360 34 898 496
1360 35 886 505
1360 36 751 496
1360 37 833 511
1360 38 820 465
1360 50 115 315
1370 1 868 455
1370 2 841 514
1370 3 864 514
1370 4 919 501
1370 31 834 491
1370 34 898 495
1370 35 886 505
1370 36 751 496
1370 37 833 512
1370 38 815 465
1370 50 140 317
1380 1 860 454
1380 2 841 514
1380 3 864 514
1380 4 919 500
1380 31 834 491
1380 34 899 495
1380 35 886 505
1380 36 752 497
1380 37 832 511
1380 38 815 465
1380 50 149 317
1390 1 844 451
1390 2 840 514
1390 3 864 514
1390 4 919 494
1390 31 834 491
1390 34 899 494
1390 35 893 503
1390 36 752 497
1390 37 844 509
1390 38 815 465
1390 50 169 320
1400 1 842 450
1400 2 840 515
1400 3 864 514
1400 4 921 492
1400 31 834 491
1400 34 899 494
1400 35 893 503
1400 36 752 497
1400 37 844 509
1400 38 815 465
1400 50 179 319
1410 1 842 450
1410 2 840 514
1410 3 864 514
1410 4 923 491
1410 31 834 491
1410 34 899 493
1410 35 896 500
1410 36 752 497
1410 37 844 509
1410 38 815 465
1410 50 194 319
1420 1 842 450
1420 2 840 514
1420 3 862 515
1420 4 924 490
1420 31 834 491
1420 34 894 491
1420 35 897 498
1420 36 752 496
1420 37 845 508
1420 38 815 465
1420 50 203 319
1430 1 842 450
1430 2 840 514
1430 3 861 515
1430 4 925 489
1430 31 834 491
1430 34 890 489
1430 35 897 498
1430 36 752 496
1430 37 845 508
1430 38 815 465
1430 50 213 320
1440 1 842 450
1440 2 840 514
1440 3 856 513
1440 4 925 488
1440 31 834 491
1440 34 886 487
1440 35 897 495
1440 36 752 496
1440 37 851 510
1440 38 815 465
1440 50 222 321
1450 1 842 450
1450 2 840 514
1450 3 853 512
1450 4 925 488
1450 31 834 491
1450 34 882 485
1450 35 900 493
1450 36 752 496
1450 37 851 510
1450 38 815 465
1450 50 230 323
1460 1 842 450
1460 2 841 514
1460 3 847 512
1460 4 923 488
1460 31 833 488
1460 34 877 482
1460 35 900 493
1460 36 752 496
1460 37 855 507
1460 38 815 465
1460 50 239 323
1470 1 842 450
1470 2 842 514
1470 3 840 511
1470 4 922 487
1470 31 835 489
1470 34 873 480
1470 35 901 489
1470 36 752 496
1470 37 857 505
1470 38 815 465
1470 50 248 323
1480 1 842 450
1480 2 843 514
1480 3 832 511
1480 4 923 487
1480 31 835 489
1480 34 867 479
1480 35 901 489
1480 36 752 496
1480 37 857 505
1480 38 815 465
1480 50 257 323
1490 1 840 447
1490 2 844 514
1490 3 823 510
1490 4 920 487
1490 31 836 491
1490 34 858 479
1490 35 901 489
1490 36 752 496
1490 37 856 502
1490 38 815 465
1490 50 265 323
1500 1 837 447
1500 2 844 514
1500 3 819 509
1500 4 921 487
1500 31 833 489
1500 34 850 478
1500 35 901 489
1500 36 752 496
1500 37 849 500
1500 38 815 465
1500 50 274 323
1510 1 832 447
1510 2 843 512
1510 3 811 508
1510 4 923 488
1510 34 839 464
1510 35 901 489
1510 36 752 496
1510 37 845 498
1510 38 815 465
1510 50 283 324
1520 1 827 446
1520 2 843 510
1520 3 798 506
1520 4 923 488
1520 34 835 466
1520 35 898 487
1520 36 752 497
1520 37 836 493
1520 38 815 465
1520 50 292 324
1530 1 823 442
1530 2 844 507
1530 3 786 505
1530 4 922 487
1530 34 828 464
1530 35 898 487
1530 36 753 497
1530 37 825 493
1530 38 815 465
1530 50 301 324
1540 1 816 442
1540 2 847 506
1540 3 779 504
1540 4 922 487
1540 34 828 464
1540 35 898 486
1540 36 753 497
1540 37 822 490
1540 38 810 465
1540 50 309 324
1550 1 811 442
1550 2 850 505
1550 3 769 504
1550 4 922 487
1550 34 817 464
1550 35 898 486
1550 36 753 497
1550 37 822 490
1550 38 805 465
1550 50 318 324
1560 1 806 442
1560 2 853 505
1560 3 761 503
1560 4 922 487
1560 34 817 464
1560 35 898 485
1560 36 753 497
1560 37 811 481
1560 38 804 449
1560 50 327 324
1570 1 801 442
1570 2 855 505
1570 3 753 501
1570 4 922 487
1570 34 815 462
1570 35 897 485
1570 36 753 497
1570 37 809 480
1570 38 810 452
1570 50 336 324
1580 1 796 443
1580 2 857 503
1580 3 747 499
1580 4 922 487
1580 34 815 462
1580 35 899 487
1580 36 753 497
1580 37 808 479
1580 38 808 447
1580 50 345 324
1590 1 795 443
1590 2 858 501
1590 3 739 494
1590 4 922 487
1590 34 815 462
1590 35 899 487
1590 36 753 497
1590 37 807 479
1590 38 809 450
1590 50 353 324
1600 1 794 443
1600 2 860 500
1600 3 733 490
1600 4 922 487
1600 34 815 462
1600 35 899 487
1600 36 753 496
1600 37 806 478
1600 38 809 450
1600 50 362 324
1610 1 794 443
1610 2 861 501
1610 3 729 490
1610 4 921 487
1610 34 815 462
1610 35 899 487
1610 36 753 496
1610 37 805 478
1610 38 809 450
1610 50 371 324
1620 1 791 443
1620 2 862 500
1620 3 726 489
1620 4 917 487
1620 34 804 461
1620 35 899 487
1620 36 753 496
1620 37 805 479
1620 38 809 450
1620 50 380 325
1630 1 789 443
1630 2 860 500
1630 3 724 487
1630 4 911 486
1630 34 794 460
1630 35 899 487
1630 36 753 496
1630 37 806 479
1630 38 809 450
1630 50 389 325
1640 1 789 443
1640 2 856 501
1640 3 723 486
1640 4 909 486
1640 34 787 459
1640 35 899 487
1640 36 753 496
1640 37 807 480
1640 38 809 450
1640 50 397 325
1650 1 789 443
1650 2 851 502
1650 3 723 486
1650 4 906 486
1650 34 778 462
1650 35 897 485
1650 36 753 496
1650 37 808 481
1650 38 809 450
1650 50 406 325
1660 1 789 443
1660 2 845 501
1660 3 724 487
1660 4 904 485
1660 34 772 464
1660 35 896 485
1660 36 753 496
1660 37 808 481
1660 38 812 450
1660 50 415 325
1670 1 788 443
1670 2 842 500
1670 3 725 488
1670 4 902 484
1670 34 766 466
1670 35 893 486
1670 36 754 497
1670 37 806 480
1670 38 814 448
1670 50 423 326
1680 1 788 443
1680 2 835 499
1680 3 725 488
1680 4 901 483
1680 34 759 463
1680 35 889 484
1680 36 754 497
1680 37 806 480
1680 38 818 449
1680 50 431 326
1690 1 789 443
1690 2 829 499
1690 3 725 488
1690 4 899 483
1690 34 760 462
1690 35 887 480
1690 36 754 497
1690 37 806 480
1690 38 824 448
1690 50 439 326
1700 1 790 444
1700 2 825 499
1700 3 725 488
1700 4 897 484
1700 34 760 462
1700 35 880 478
1700 36 754 497
1700 37 806 480
1700 38 824 448
1700 50 447 326
1710 1 796 444
1710 2 821 500
1710 3 726 488
1710 4 894 482
1710 34 758 462
1710 35 874 478
1710 36 754 497
1710 37 806 480
1710 38 830 447
1710 50 455 326
1720 1 801 443
1720 2 813 503
1720 3 726 488
1720 4 893 482
1720 34 758 462
1720 35 867 475
1720 36 754 497
1720 37 807 480
1720 38 830 447
1720 50 463 326
1730 1 803 443
1730 2 810 502
1730 3 726 488
1730 4 890 483
1730 34 759 462
1730 35 863 474
1730 36 754 497
1730 37 807 480
1730 38 830 447
1730 50 471 326
1740 1 803 443
1740 2 806 501
1740 3 726 488
1740 4 887 481
1740 34 759 462
1740 35 861 474
1740 36 754 497
1740 37 805 479
1740 38 830 447
1740 50 478 326
1750 1 804 443
1750 2 800 504
1750 3 726 488
1750 4 884 481
1750 34 762 461
1750 35 855 476
1750 36 754 497
1750 37 804 477
1750 38 830 447
1750 50 486 326
1760 1 803 443
1760 2 792 504
1760 3 726 488
1760 4 881 481
1760 34 762 461
1760 35 850 476
1760 36 754 497
1760 37 803 477
1760 38 830 447
1760 50 493 326
1770 1 803 443
1770 2 783 504
1770 3 726 488
1770 4 878 481
1770 34 762 461
1770 35 846 474
1770 36 754 497
1770 37 803 477
1770 38 830 447
1770 50 501 326
1780 1 803 444
1780 2 774 503
1780 3 726 488
1780 4 876 480
1780 34 771 461
1780 35 841 472
1780 36 754 496
1780 37 804 480
1780 38 830 451
1780 50 508 326
1790 1 803 443
1790 2 765 503
1790 3 726 488
1790 4 874 480
1790 34 771 461
1790 35 837 470
1790 36 754 496
1790 37 805 481
1790 38 831 450
1790 50 516 326
1800 1 803 443
1800 2 755 502
1800 3 726 488
1800 4 873 479
1800 34 771 461
1800 35 835 469
1800 36 754 496
1800 37 805 481
1800 38 831 450
1800 50 523 325
1810 1 803 444
1810 2 741 502
1810 3 727 489
1810 4 872 479
1810 34 772 463
1810 35 834 469
1810 36 755 497
1810 37 805 481
1810 38 831 450
1810 50 531 325
1820 1 806 444
1820 2 731 499
1820 3 726 489
1820 4 869 479
1820 34 772 464
1820 35 833 469
1820 36 755 497
1820 37 806 480
1820 38 831 450
1820 50 538 325
1830 1 808 444
1830 2 721 497
1830 3 726 489
1830 4 868 479
1830 34 768 464
1830 35 832 469
1830 36 755 497
1830 37 813 480
1830 38 833 450
1830 50 545 325
1840 1 810 444
1840 2 711 495
1840 3 726 489
1840 4 868 479
1840 34 769 462
1840 35 831 469
1840 36 755 497
1840 37 812 478
1840 38 833 450
1840 50 552 325
1850 1 811 444
1850 2 704 492
1850 3 725 489
1850 4 868 479
1850 34 769 462
1850 35 831 469
1850 36 755 497
1850 37 812 479
1850 38 833 450
1850 50 559 324
1860 1 813 444
1860 2 698 490
1860 3 725 489
1860 4 868 479
1860 34 769 462
1860 35 831 470
1860 36 755 497
1860 37 812 479
1860 38 833 450
1860 50 567 324
1870 1 814 444
1870 2 693 488
1870 3 725 489
1870 4 867 479
1870 34 769 462
1870 35 831 470
1870 36 755 497
1870 37 812 479
1870 38 833 450
1870 50 574 324
1880 1 814 444
1880 2 689 486
1880 3 725 489
1880 4 866 479
1880 34 772 458
1880 35 831 471
1880 36 755 497
1880 37 813 479
1880 38 833 450
1880 50 581 324
1890 1 814 444
1890 2 686 484
1890 3 725 489
1890 4 864 478
1890 34 779 459
1890 35 831 471
1890 36 755 497
1890 37 814 480
1890 38 833 450
1890 50 588 324
1900 1 814 444
1900 2 685 481
1900 3 725 489
1900 4 863 478
1900 34 785 460
1900 35 831 472
1900 36 755 497
1900 37 814 480
1900 38 833 450
1900 50 595 323
1910 1 814 444
1910 2 687 480
1910 3 726 488
1910 4 861 477
1910 34 791 457
1910 35 832 473
1910 36 755 497
1910 37 814 480
1910 38 833 450
1910 50 602 323
1920 1 814 445
1920 2 692 478
1920 3 726 488
1920 4 861 477
1920 34 799 456
1920 35 832 473
1920 36 755 497
1920 37 813 479
1920 38 837 447
1920 50 609 323
1930 1 814 446
1930 2 697 478
1930 3 726 488
1930 4 862 477
1930 34 810 461
1930 35 832 474
1930 36 755 497
1930 37 813 478
1930 38 837 447
1930 50 615 323
1940 1 814 446
1940 2 703 478
1940 3 726 488
1940 4 862 478
1940 34 818 461
1940 35 832 474
1940 36 755 497
1940 37 814 478
1940 38 837 447
1940 50 622 323
1950 1 814 446
1950 2 711 480
1950 3 726 488
1950 4 862 478
1950 34 818 462
1950 35 832 475
1950 36 755 497
1950 37 814 478
1950 38 845 447
1950 50 629 323
1960 1 814 446
1960 2 718 480
1960 3 726 488
1960 4 862 478
1960 34 818 462
1960 35 832 476
1960 36 756 496
1960 37 813 480
1960 38 845 447
1960 50 636 323
1970 1 815 446
1970 2 722 480
1970 3 726 488
1970 4 861 478
1970 34 821 460
1970 35 832 476
1970 36 757 496
1970 37 813 479
1970 50 642 323
1980 1 815 446
1980 2 722 480
1980 3 725 488
1980 4 861 478
1980 34 821 460
1980 35 832 474
1980 36 757 496
1980 37 813 479
1980 50 649 323
1990 1 815 446
1990 2 722 480
1990 3 725 489
1990 4 861 478
1990 34 825 462
1990 35 830 472
1990 36 758 495
1990 50 656 323
2000 1 816 444
2000 2 722 480
2000 3 725 489
2000 4 861 478
2000 35 828 474
2000 36 758 495
2000 50 663 323
2010 1 819 446
2010 2 721 480
2010 3 726 488
2010 4 861 478
2010 35 826 474
2010 36 759 495
2010 50 670 323
2020 1 823 448
2020 2 718 480
2020 3 726 488
2020 4 860 478
2020 35 825 473
2020 36 759 493
2020 50 677 323
2030 1 823 450
2030 2 719 479
2030 3 727 488
2030 4 859 478
2030 35 823 472
2030 36 759 493
2030 50 684 323
2040 1 823 453
2040 2 720 479
2040 3 729 488
2040 4 858 479
2040 35 821 471
2040 36 759 494
2040 50 691 323
2050 2 722 479
2050 3 732 488
2050 4 853 479
2050 35 819 470
2050 36 759 495
2050 50 698 323
2060 2 725 480
2060 3 734 488
2060 4 848 478
2060 35 817 470
2060 36 759 493
2060 50 705 323
2070 2 729 480
2070 3 737 488
2070 4 846 478
2070 35 817 470
2070 36 759 493
2070 50 711 323
2080 2 732 477
2080 3 739 489
2080 4 843 477
2080 35 818 470
2080 36 759 493
2080 50 718 323
2090 2 733 471
2090 3 740 490
2090 4 841 476
2090 35 818 470
2090 36 759 493
2090 50 725 323
2100 2 735 466
2100 3 740 493
2100 4 841 476
2100 35 819 470
2100 36 759 493
2100 50 732 323
2110 2 734 469
2110 3 738 494
2110 4 841 477
2110 35 820 470
2110 36 759 493
2110 50 739 323
2120 3 738 493
2120 4 841 476
2120 35 820 470
2120 36 759 493
2120 50 746 323
2130 3 738 493
2130 4 841 476
2130 35 821 470
2130 36 759 494
2130 50 753 323
2140 3 739 493
2140 4 842 476
2140 35 822 470
2140 36 760 494
2140 50 760 323
2150 3 739 493
2150 4 842 475
2150 35 822 470
2150 36 760 495
2150 50 767 323
2160 3 740 494
2160 4 843 475
2160 35 823 470
2160 36 759 497
2160 50 774 323
2170 3 740 495
2170 4 843 475
2170 35 823 470
2170 36 759 498
2170 50 780 323
2180 3 739 495
2180 4 845 474
2180 35 823 472
2180 36 759 499
2180 50 787 323
2190 3 736 494
2190 4 847 473
2190 35 823 474
2190 36 759 499
2190 50 793 323
2200 4 849 468
2200 35 823 477
2200 36 759 499
2200 50 799 323
2210 4 852 464
2210 35 823 477
2210 36 759 499
2210 50 805 323
2220 4 852 464
2220 35 823 477
2220 36 759 499
2220 50 811 323
2230 4 852 466
2230 35 823 477
2230 36 760 498
2230 50 817 323
2240 4 853 467
2240 35 823 476
2240 36 762 497
2240 50 823 323
2250 4 854 468
2250 35 824 476
2250 36 765 495
2250 50 829 324
2260 4 854 469
2260 35 825 475
2260 36 768 495
2260 50 835 324
2270 4 853 469
2270 35 826 475
2270 36 767 494
2270 50 841 324
2280 35 827 474
2280 36 767 494
2280 50 847 324
2290 35 827 473
2290 50 853 324
2300 35 828 473
2300 50 859 324
2310 35 829 472
2310 50 865 324
2320 35 829 472
2320 50 870 324
2330 35 830 471
2330 50 876 324
2340 35 829 468
2340 50 882 324
2350 35 829 467
2350 50 887 324
2360 35 829 466
2360 50 893 324
2370 50 899 323
2380 50 904 323
2390 50 910 323
2400 50 916 323
2410 50 922 323
2420 50 927 323
2430 50 933 323
2440 50 939 323
2450 50 944 323
2460 50 950 323
2470 50 956 323
2480 50 961 322
2490 50 967 322
2500 50 973 322
2510 50 978 321
2520 50 984 321
2530 50 989 321
2540 50 995 322
2550 50 1000 323
2560 50 1004 323
2570 50 1008 323
2580 50 1014 323
2590 50 1020 323
2600 50 1026 323
2610 50 1032 323
2620 50 1038 323
2630 50 1043 323
2640 50 1049 323
2650 50 1055 323
2660 50 1061 323
2670 50 1067 323
2680 50 1073 323
2690 50 1079 324
2700 50 1085 324
2710 50 1089 325
2720 50 1093 326
