0 41 1027 376
0 42 1048 383
10 41 1028 375
10 42 1048 382
20 41 1028 375
20 42 1048 382
30 41 1029 375
30 42 1048 382
40 41 1029 375
40 42 1048 382
50 41 1029 375
50 42 1048 382
60 41 1030 375
60 42 1048 382
70 41 1030 375
70 42 1048 382
80 41 1031 375
80 42 1048 382
90 41 1031 375
90 42 1048 382
100 41 1031 375
100 42 1048 382
110 41 1032 376
110 42 1049 382
120 41 1032 376
120 42 1049 382
130 41 1032 376
130 42 1049 382
140 41 1032 376
140 42 1049 382
150 41 1032 376
150 42 1049 382
160 41 1032 376
160 42 1049 382
170 41 1033 376
170 42 1049 382
180 41 1033 376
180 42 1049 382
190 41 1033 376
190 42 1049 382
200 41 1033 376
200 42 1049 382
210 41 1033 376
210 42 1049 382
220 41 1033 376
220 42 1049 382
230 41 1034 376
230 42 1049 382
240 41 1035 376
240 42 1049 382
250 41 1035 376
250 42 1049 382
260 41 1036 377
260 42 1049 382
270 41 1037 377
270 42 1049 382
280 41 1038 377
280 42 1049 383
290 41 1039 377
290 42 1049 383
300 41 1040 378
300 42 1049 383
310 41 1040 378
310 42 1049 383
320 41 1040 378
320 42 1050 384
330 41 1040 378
330 42 1050 386
340 41 1040 378
340 42 1050 386
350 41 1040 378
350 42 1050 386
360 41 1040 378
360 42 1050 386
370 41 1040 379
370 42 1050 386
380 41 1040 379
380 42 1048 384
390 41 1040 379
390 42 1045 383
400 41 1041 379
400 42 1042 382
410 41 1042 379
410 42 1041 382
420 41 1044 380
420 42 1042 381
430 41 1045 380
430 42 1043 380
440 41 1046 380
440 42 1045 380
450 41 1047 380
450 42 1046 380
460 41 1049 381
460 42 1048 380
470 41 1050 381
470 42 1049 380
480 41 1051 381
480 42 1049 380
490 41 1051 381
490 42 1050 380
500 41 1050 381
500 42 1051 380
510 41 1050 381
510 42 1051 381
520 41 1049 381
520 42 1053 381
530 41 1048 381
530 42 1053 381
540 41 1048 381
540 42 1054 381
550 41 1048 381
550 42 1054 381
560 41 1048 381
560 42 1054 381
570 41 1048 381
570 42 1054 382
580 41 1048 381
580 42 1054 382
590 41 1048 381
590 42 1055 383
600 1 829 373
600 41 1048 381
600 42 1054 382
610 1 828 374
610 41 1048 381
610 42 1054 382
620 1 828 373
620 41 1048 381
620 42 1054 382
630 1 828 373
630 41 1048 381
630 42 1054 382
640 1 827 372
640 41 1048 381
640 42 1054 382
650 1 827 372
650 41 1048 381
650 42 1054 382
660 1 827 372
660 41 1048 381
660 42 1054 382
670 1 827 372
670 41 1048 381
670 42 1054 382
680 1 827 373
680 41 1048 381
680 42 1054 382
690 1 827 373
690 41 1048 381
690 42 1054 382
700 1 827 373
700 41 1048 381
700 42 1054 382
710 1 828 374
710 41 1048 381
710 42 1053 382
720 1 830 375
720 41 1048 381
720 42 1053 382
730 1 832 376
730 41 1048 381
730 42 1053 382
740 1 835 376
740 41 1049 381
740 42 1053 382
750 1 837 377
750 41 1049 381
750 42 1053 382
760 1 843 378
760 41 1049 381
760 42 1053 382
770 1 849 379
770 41 1049 381
770 42 1053 382
780 1 856 380
780 41 1049 381
780 42 1053 382
790 1 862 380
790 41 1049 381
790 42 1053 382
800 1 868 381
800 41 1049 381
800 42 1053 382
810 1 874 382
810 41 1049 381
810 42 1053 382
820 1 881 383
820 41 1049 381
820 42 1053 382
830 1 889 383
830 41 1049 381
830 42 1053 382
840 1 897 384
840 41 1049 381
840 42 1053 382
850 1 905 385
850 41 1049 381
850 42 1053 382
860 1 914 384
860 41 1049 381
860 42 1053 382
870 1 919 385
870 41 1049 381
870 42 1053 382
880 1 925 385
880 41 1049 381
880 42 1053 382
890 1 933 385
890 41 1049 381
890 42 1053 382
900 1 940 385
900 41 1049 381
900 42 1053 382
910 1 947 385
910 41 1049 381
910 42 1053 382
920 1 953 385
920 41 1049 381
920 42 1054 382
930 1 959 385
930 41 1049 381
930 42 1054 382
940 1 965 385
940 41 1049 381
940 42 1054 382
950 1 971 385
950 41 1049 381
950 42 1054 382
960 1 975 383
960 41 1049 381
960 42 1054 382
970 1 979 382
970 41 1049 381
970 42 1054 382
980 1 982 381
980 41 1049 381
980 42 1054 382
980 43 1216 368
990 1 985 381
990 41 1049 381
990 42 1054 382
990 43 1214 371
1000 1 989 381
1000 41 1049 381
1000 42 1054 382
1000 43 1212 373
1010 1 992 381
1010 41 1049 381
1010 42 1054 382
1010 43 1212 374
1020 1 995 380
1020 41 1049 381
1020 42 1054 382
1020 43 1211 375
1020 45 1251 306
1030 1 999 380
1030 41 1049 381
1030 42 1054 382
1030 43 1210 376
1030 45 1247 308
1040 1 1002 381
1040 41 1049 381
1040 42 1054 382
1040 43 1208 377
1040 45 1242 308
1050 1 1005 377
1050 41 1049 381
1050 42 1054 382
1050 43 1207 377
1050 45 1237 307
1060 1 1006 376
1060 41 1049 381
1060 42 1054 382
1060 43 1206 378
1060 45 1231 306
1070 1 1008 376
1070 41 1049 381
1070 42 1053 382
1070 43 1204 379
1070 45 1226 306
1080 1 1008 377
1080 41 1047 381
1080 42 1053 382
1080 43 1202 380
1080 45 1221 306
1090 1 1010 377
1090 41 1047 381
1090 42 1053 382
1090 43 1200 381
1090 45 1216 306
1100 1 1013 377
1100 41 1047 381
1100 42 1053 382
1100 43 1199 382
1100 45 1211 305
1110 1 1014 377
1110 41 1047 381
1110 42 1053 382
1110 43 1197 383
1110 45 1206 305
1120 1 1014 377
1120 41 1047 381
1120 42 1053 382
1120 43 1195 384
1120 45 1201 305
1130 1 1014 377
1130 41 1047 381
1130 42 1053 382
1130 43 1194 385
1130 45 1196 305
1140 1 1014 377
1140 41 1047 381
1140 42 1053 382
1140 43 1191 385
1140 45 1191 305
1150 1 1014 376
1150 41 1047 381
1150 42 1053 382
1150 43 1189 386
1150 45 1186 305
1160 1 1014 376
1160 41 1047 381
1160 42 1053 382
1160 43 1186 386
1160 45 1181 305
1170 1 1013 376
1170 41 1047 381
1170 42 1053 382
1170 43 1184 387
1170 45 1175 305
1180 1 1013 376
1180 41 1047 381
1180 42 1052 382
1180 43 1182 388
1180 45 1170 306
1190 1 1013 376
1190 41 1047 381
1190 42 1052 382
1190 43 1180 389
1190 45 1165 306
1200 1 1013 376
1200 41 1047 381
1200 42 1052 382
1200 43 1178 390
1200 45 1161 306
1210 1 1012 376
1210 41 1047 381
1210 42 1052 382
1210 43 1176 391
1210 45 1156 307
1220 1 1012 376
1220 41 1047 381
1220 42 1053 381
1220 43 1175 391
1220 45 1151 307
1230 1 1012 376
1230 41 1047 381
1230 42 1053 381
1230 43 1174 392
1230 45 1146 307
1240 1 1014 376
1240 41 1047 381
1240 42 1053 381
1240 43 1173 392
1240 44 128 442
1240 45 1142 308
1250 1 1016 376
1250 41 1047 381
1250 42 1053 381
1250 43 1172 393
1250 44 139 441
1250 45 1137 308
1260 1 1016 375
1260 41 1047 381
1260 42 1052 380
1260 43 1171 394
1260 44 154 442
1260 45 1132 308
1270 1 1015 376
1270 41 1047 381
1270 42 1052 380
1270 43 1170 395
1270 44 168 442
1270 45 1128 308
1280 1 1015 376
1280 41 1047 381
1280 42 1051 380
1280 43 1168 396
1280 44 181 442
1280 45 1123 308
1290 1 1015 376
1290 41 1047 381
1290 42 1050 380
1290 43 1167 397
1290 44 195 443
1290 45 1118 308
1300 1 1015 376
1300 41 1047 381
1300 42 1050 380
1300 43 1166 398
1300 44 209 444
1300 45 1114 308
1310 1 1015 376
1310 41 1047 381
1310 42 1049 379
1310 43 1165 399
1310 44 223 445
1310 45 1109 307
1320 1 1015 376
1320 41 1047 381
1320 42 1048 379
1320 43 1164 400
1320 44 238 445
1320 45 1105 306
1330 1 1015 376
1330 41 1047 381
1330 42 1047 379
1330 43 1163 401
1330 44 252 445
1330 45 1101 306
1340 1 1015 376
1340 41 1047 381
1340 42 1047 379
1340 43 1161 402
1340 44 267 445
1340 45 1097 305
1350 1 1015 376
1350 41 1047 381
1350 42 1046 379
1350 43 1160 403
1350 44 281 445
1350 45 1093 305
1360 1 1015 376
1360 41 1047 381
1360 42 1045 378
1360 43 1159 404
1360 44 295 445
1360 45 1089 305
1370 1 1015 376
1370 41 1047 381
1370 42 1044 378
1370 43 1158 405
1370 44 308 445
1370 45 1085 304
1380 1 1015 376
1380 41 1047 381
1380 42 1044 378
1380 43 1157 406
1380 44 320 445
1380 45 1080 303
1390 1 1015 376
1390 41 1047 381
1390 42 1043 378
1390 43 1156 408
1390 44 333 445
1390 45 1076 303
1400 1 1015 376
1400 2 1128 352
1400 41 1047 381
1400 42 1043 378
1400 43 1154 409
1400 44 344 445
1400 45 1071 303
1410 1 1015 376
1410 2 1126 352
1410 41 1047 381
1410 42 1044 379
1410 43 1153 410
1410 44 356 446
1410 45 1066 304
1420 1 1015 376
1420 2 1124 351
1420 41 1047 381
1420 42 1047 380
1420 43 1152 411
1420 44 372 444
1420 45 1062 304
1430 1 1015 376
1430 2 1123 351
1430 41 1047 381
1430 42 1047 380
1430 43 1151 412
1430 44 382 445
1430 45 1057 305
1440 1 1016 376
1440 2 1122 350
1440 41 1047 381
1440 42 1047 380
1440 43 1150 413
1440 44 391 445
1440 45 1051 306
1450 1 1016 376
1450 2 1118 350
1450 41 1047 381
1450 42 1047 380
1450 43 1149 414
1450 44 401 444
1450 45 1046 306
1460 1 1016 376
1460 2 1114 350
1460 41 1047 381
1460 42 1047 380
1460 43 1147 415
1460 44 410 443
1460 45 1043 306
1470 1 1016 376
1470 2 1110 350
1470 41 1047 381
1470 42 1047 380
1470 43 1146 416
1470 44 419 441
1470 45 1038 308
1480 1 1016 376
1480 2 1106 350
1480 41 1047 381
1480 42 1047 380
1480 43 1145 417
1480 44 428 439
1480 45 1033 309
1490 1 1016 376
1490 2 1102 350
1490 41 1047 381
1490 42 1047 380
1490 43 1144 419
1490 44 437 438
1490 45 1028 308
1500 1 1016 376
1500 2 1098 350
1500 41 1047 381
1500 42 1047 380
1500 43 1143 420
1500 44 447 437
1500 45 1024 308
1510 1 1016 376
1510 2 1095 350
1510 41 1047 381
1510 42 1047 380
1510 43 1142 421
1510 44 456 436
1510 45 1021 309
1520 1 1017 376
1520 2 1092 350
1520 41 1047 381
1520 42 1048 380
1520 43 1141 422
1520 44 465 433
1520 45 1017 309
1530 1 1017 376
1530 2 1089 351
1530 41 1047 381
1530 42 1048 380
1530 43 1140 423
1530 44 474 426
1530 45 1013 309
1540 1 1017 376
1540 2 1086 352
1540 41 1047 381
1540 42 1048 380
1540 43 1140 424
1540 44 483 424
1540 45 1008 309
1550 1 1017 376
1550 2 1083 352
1550 41 1047 381
1550 42 1048 380
1550 43 1139 426
1550 44 492 422
1550 45 1002 309
1560 1 1017 376
1560 2 1081 353
1560 41 1047 381
1560 42 1048 380
1560 43 1139 427
1560 44 501 422
1560 45 997 309
1570 1 1017 376
1570 2 1080 354
1570 41 1047 381
1570 42 1048 380
1570 43 1138 429
1570 44 510 422
1570 45 991 309
1580 1 1017 377
1580 2 1079 354
1580 41 1047 381
1580 42 1048 380
1580 43 1138 430
1580 44 520 421
1580 45 985 309
1590 1 1017 377
1590 2 1078 354
1590 41 1048 381
1590 42 1047 380
1590 43 1137 431
1590 44 530 421
1590 45 980 308
1600 1 1017 377
1600 2 1078 353
1600 41 1049 381
1600 42 1046 380
1600 43 1137 432
1600 44 540 420
1600 45 974 308
1610 1 1017 377
1610 2 1079 353
1610 41 1050 381
1610 42 1045 380
1610 43 1136 433
1610 44 550 419
1610 45 969 308
1610 46 1251 303
1620 1 1017 377
1620 2 1081 353
1620 41 1050 381
1620 42 1044 380
1620 43 1135 434
1620 44 560 420
1620 45 964 308
1620 46 1247 303
1630 1 1018 378
1630 2 1082 352
1630 41 1051 381
1630 42 1044 380
1630 43 1135 435
1630 44 569 423
1630 45 959 308
1630 46 1243 301
1640 1 1021 378
1640 2 1083 352
1640 41 1053 381
1640 42 1045 380
1640 43 1134 436
1640 44 579 426
1640 45 954 308
1640 46 1237 301
1650 1 1023 378
1650 2 1084 352
1650 41 1054 381
1650 42 1046 380
1650 43 1132 437
1650 44 589 428
1650 45 949 308
1650 46 1230 301
1660 1 1026 378
1660 2 1085 352
1660 41 1057 381
1660 42 1048 381
1660 43 1131 438
1660 44 600 427
1660 45 944 309
1660 46 1225 301
1670 1 1029 378
1670 2 1086 351
1670 41 1060 381
1670 42 1049 381
1670 43 1129 439
1670 44 610 426
1670 45 939 309
1670 46 1221 300
1680 1 1032 378
1680 2 1086 351
1680 41 1064 381
1680 42 1055 381
1680 43 1127 440
1680 44 620 426
1680 45 933 309
1680 46 1215 299
1690 1 1035 378
1690 2 1086 351
1690 41 1068 382
1690 42 1060 381
1690 43 1124 441
1690 44 629 426
1690 45 928 309
1690 46 1209 298
1700 1 1039 379
1700 2 1086 351
1700 41 1071 382
1700 42 1065 381
1700 43 1121 442
1700 44 639 426
1700 45 923 309
1700 46 1203 298
1710 1 1043 381
1710 2 1086 351
1710 41 1077 382
1710 42 1070 381
1710 43 1118 444
1710 44 647 425
1710 45 917 309
1710 46 1199 298
1720 1 1047 382
1720 2 1085 351
1720 41 1083 382
1720 42 1076 383
1720 43 1116 446
1720 44 656 425
1720 45 912 309
1720 46 1194 297
1730 1 1051 383
1730 2 1082 352
1730 41 1093 383
1730 42 1092 384
1730 43 1113 448
1730 44 678 422
1730 45 902 310
1730 46 1183 296
1740 1 1051 383
1740 2 1079 353
1740 41 1104 383
1740 42 1096 384
1740 43 1111 449
1740 44 684 422
1740 45 895 310
1740 46 1176 295
1750 1 1051 383
1750 2 1077 356
1750 41 1118 383
1750 42 1114 385
1750 43 1108 451
1750 44 708 421
1750 45 882 310
1750 46 1162 293
1760 1 1051 383
1760 2 1076 358
1760 41 1120 383
1760 42 1119 385
1760 43 1106 453
1760 44 718 421
1760 45 876 310
1760 46 1156 292
1770 1 1051 383
1770 2 1074 359
1770 41 1125 385
1770 42 1124 386
1770 43 1103 455
1770 44 729 420
1770 45 870 310
1770 46 1150 292
1780 1 1051 383
1780 2 1073 359
1780 41 1128 385
1780 42 1131 387
1780 43 1101 456
1780 44 739 419
1780 45 864 310
1780 46 1144 292
1790 1 1051 383
1790 2 1071 360
1790 41 1131 386
1790 42 1137 389
1790 43 1098 458
1790 44 747 419
1790 45 858 311
1790 46 1140 292
1800 1 1051 383
1800 2 1069 360
1800 41 1134 387
1800 42 1145 391
1800 43 1096 460
1800 44 755 419
1800 45 853 311
1800 46 1135 291
1810 1 1051 383
1810 2 1065 360
1810 41 1138 388
1810 42 1156 391
1810 43 1093 461
1810 44 764 419
1810 45 847 311
1810 46 1129 290
1810 48 125 441
1820 1 1051 383
1820 2 1062 360
1820 41 1145 391
1820 42 1164 391
1820 43 1090 462
1820 44 774 420
1820 45 841 311
1820 46 1123 290
1820 48 132 439
1830 1 1051 383
1830 2 1059 360
1830 41 1154 391
1830 42 1168 390
1830 43 1087 463
1830 44 782 420
1830 45 835 311
1830 46 1118 289
1830 48 141 439
1840 1 1051 383
1840 2 1056 360
1840 41 1163 390
1840 42 1172 389
1840 43 1084 465
1840 44 789 419
1840 45 830 311
1840 46 1113 288
1840 48 152 440
1850 1 1051 384
1850 2 1052 360
1850 41 1170 390
1850 42 1177 389
1850 43 1081 466
1850 44 794 419
1850 45 824 311
1850 46 1108 288
1850 48 163 440
1860 1 1051 384
1860 2 1051 360
1860 41 1176 390
1860 42 1182 390
1860 43 1078 467
1860 44 799 419
1860 45 819 311
1860 46 1102 287
1860 48 174 440
1870 1 1051 384
1870 2 1050 360
1870 41 1181 390
1870 42 1188 389
1870 43 1074 468
1870 44 803 419
1870 45 814 311
1870 46 1097 287
1870 48 186 441
1880 1 1051 384
1880 2 1049 360
1880 41 1185 390
1880 42 1193 389
1880 43 1070 470
1880 44 807 419
1880 45 809 311
1880 46 1092 287
1880 48 197 442
1890 1 1051 384
1890 2 1047 360
1890 41 1190 390
1890 42 1200 387
1890 43 1065 471
1890 44 811 419
1890 45 804 311
1890 46 1087 286
1890 48 209 442
1900 1 1051 384
1900 2 1045 360
1900 41 1194 390
1900 42 1204 384
1900 43 1062 472
1900 44 815 419
1900 45 798 311
1900 46 1082 286
1900 48 220 443
1910 1 1051 384
1910 2 1044 361
1910 41 1198 388
1910 43 1058 473
1910 44 818 418
1910 45 793 312
1910 46 1077 286
1910 48 230 444
1920 1 1051 384
1920 2 1041 361
1920 41 1202 387
1920 43 1053 475
1920 44 822 418
1920 45 786 311
1920 46 1071 285
1920 48 243 444
1930 1 1051 384
1930 2 1039 361
1930 41 1208 385
1930 43 1048 476
1930 44 826 417
1930 45 780 311
1930 46 1066 284
1930 48 255 443
1940 1 1051 384
1940 2 1037 361
1940 43 1044 478
1940 44 831 417
1940 45 774 310
1940 46 1061 284
1940 48 268 444
1950 1 1051 384
1950 2 1034 363
1950 43 1039 480
1950 44 836 417
1950 45 767 310
1950 46 1056 283
1950 48 281 444
1960 1 1051 384
1960 2 1031 364
1960 43 1035 482
1960 44 842 416
1960 45 761 310
1960 46 1051 282
1960 48 293 443
1970 1 1051 383
1970 2 1028 364
1970 43 1030 483
1970 44 847 415
1970 45 755 310
1970 46 1045 281
1970 48 305 443
1980 1 1051 383
1980 2 1026 364
1980 43 1025 485
1980 44 853 415
1980 45 750 310
1980 46 1040 280
1980 48 314 444
1990 1 1051 383
1990 2 1025 364
1990 43 1021 487
1990 44 854 414
1990 45 744 311
1990 46 1035 280
1990 48 323 444
2000 1 1051 383
2000 2 1023 365
2000 43 1016 488
2000 44 854 414
2000 45 739 311
2000 46 1030 280
2000 48 334 440
2010 1 1051 383
2010 2 1021 366
2010 43 1011 490
2010 44 850 414
2010 45 733 311
2010 46 1026 280
2010 48 348 443
2020 1 1051 383
2020 2 1020 366
2020 43 1005 492
2020 44 844 414
2020 45 726 311
2020 46 1021 280
2020 48 357 442
2030 1 1051 383
2030 2 1019 367
2030 43 1002 494
2030 44 835 412
2030 45 720 311
2030 46 1016 280
2030 48 366 442
2040 1 1051 383
2040 2 1018 367
2040 43 999 496
2040 44 828 410
2040 45 714 311
2040 46 1012 279
2040 48 377 442
2050 1 1051 383
2050 2 1017 368
2050 43 997 497
2050 44 825 410
2050 45 707 311
2050 46 1007 279
2050 48 386 443
2060 1 1051 383
2060 2 1016 368
2060 43 996 499
2060 44 822 409
2060 45 701 310
2060 46 1002 278
2060 48 394 443
2070 1 1051 383
2070 2 1014 369
2070 43 995 500
2070 44 819 409
2070 45 695 310
2070 46 998 277
2070 48 403 442
2080 1 1051 383
2080 2 1013 369
2080 43 995 501
2080 44 815 408
2080 45 689 310
2080 46 993 277
2080 48 413 442
2090 1 1051 383
2090 2 1012 370
2090 43 995 503
2090 44 812 408
2090 45 683 310
2090 46 989 276
2090 48 422 441
2100 1 1051 383
2100 2 1012 370
2100 43 996 504
2100 44 813 408
2100 45 677 310
2100 46 984 276
2100 48 431 440
2110 1 1051 383
2110 2 1011 371
2110 43 996 506
2110 44 818 408
2110 45 671 310
2110 46 980 275
2110 48 439 439
2120 1 1051 383
2120 2 1011 372
2120 43 997 508
2120 44 823 408
2120 45 665 310
2120 46 975 275
2120 48 446 438
2130 1 1051 383
2130 2 1011 372
2130 43 999 511
2130 44 831 409
2130 45 659 310
2130 46 971 274
2130 48 453 437
2140 1 1051 383
2140 2 1010 373
2140 43 1001 514
2140 44 840 409
2140 45 654 310
2140 46 966 274
2140 48 458 436
2150 1 1051 383
2150 2 1010 373
2150 43 1008 517
2150 44 850 409
2150 45 648 310
2150 46 962 273
2150 48 463 436
2160 1 1051 383
2160 2 1010 374
2160 43 1018 521
2160 44 859 409
2160 45 642 310
2160 46 957 272
2160 48 468 429
2170 1 1051 383
2170 2 1011 374
2170 43 1028 525
2170 44 869 409
2170 45 636 310
2170 46 953 272
2170 48 473 424
2180 1 1051 383
2180 2 1011 374
2180 43 1038 528
2180 44 878 409
2180 45 630 310
2180 46 948 271
2180 48 477 424
2190 1 1051 383
2190 2 1012 375
2190 43 1050 532
2190 44 887 410
2190 45 624 310
2190 46 943 271
2190 48 484 423
2200 1 1051 383
2200 2 1012 375
2200 43 1058 534
2200 44 897 412
2200 45 618 310
2200 46 939 271
2200 48 492 421
2210 1 1051 383
2210 2 1013 375
2210 43 1066 537
2210 44 906 412
2210 45 611 310
2210 46 934 270
2210 48 499 420
2220 1 1051 383
2220 2 1014 376
2220 43 1075 540
2220 44 915 413
2220 45 605 310
2220 46 930 270
2220 48 506 420
2230 1 1051 383
2230 2 1014 376
2230 43 1080 542
2230 44 925 413
2230 45 599 310
2230 46 925 270
2230 48 512 420
2240 1 1051 383
2240 2 1014 376
2240 43 1087 544
2240 44 934 413
2240 45 592 311
2240 46 921 269
2240 48 520 420
2250 1 1051 383
2250 2 1014 376
2250 43 1093 547
2250 44 944 413
2250 45 585 311
2250 46 917 269
2250 48 530 419
2260 1 1051 383
2260 2 1014 376
2260 43 1098 551
2260 44 954 413
2260 45 578 311
2260 46 912 269
2260 48 539 419
2270 1 1051 383
2270 2 1014 376
2270 43 1103 554
2270 44 963 414
2270 45 571 311
2270 46 908 269
2270 48 548 419
2280 1 1051 383
2280 2 1014 376
2280 43 1109 558
2280 44 973 415
2280 45 564 312
2280 46 903 269
2280 48 556 420
2290 1 1051 383
2290 2 1014 376
2290 43 1114 561
2290 44 983 415
2290 45 556 312
2290 46 899 268
2290 48 566 422
2300 1 1051 383
2300 2 1014 376
2300 43 1117 565
2300 44 992 415
2300 45 549 312
2300 46 894 267
2300 48 573 426
2310 1 1051 383
2310 2 1014 376
2310 43 1118 568
2310 44 1001 416
2310 45 542 312
2310 46 890 267
2310 48 582 428
2320 1 1051 383
2320 2 1014 376
2320 43 1120 572
2320 44 1010 416
2320 45 535 312
2320 46 886 267
2320 48 592 430
2330 1 1051 383
2330 2 1014 376
2330 43 1122 576
2330 44 1019 416
2330 45 529 312
2330 46 882 266
2330 48 599 430
2340 1 1051 383
2340 2 1014 376
2340 43 1123 579
2340 44 1028 416
2340 45 522 312
2340 46 877 266
2340 48 607 430
2350 1 1051 383
2350 2 1014 376
2350 43 1124 583
2350 44 1036 417
2350 45 515 312
2350 46 873 265
2350 48 616 430
2360 1 1051 383
2360 2 1014 376
2360 43 1124 587
2360 44 1043 417
2360 45 508 312
2360 46 868 265
2360 48 624 430
2370 1 1051 383
2370 2 1014 376
2370 43 1126 591
2370 44 1051 417
2370 45 501 312
2370 46 863 264
2370 48 633 430
2380 1 1051 383
2380 2 1014 376
2380 43 1126 595
2380 44 1060 418
2380 45 494 312
2380 46 859 264
2380 48 643 430
2390 1 1051 383
2390 2 1014 376
2390 43 1127 599
2390 44 1070 419
2390 45 486 313
2390 46 854 264
2390 48 652 430
2400 1 1051 383
2400 2 1014 376
2400 43 1128 605
2400 44 1086 420
2400 45 477 313
2400 46 849 264
2400 48 663 431
2410 1 1051 383
2410 2 1014 376
2410 43 1132 619
2410 44 1118 417
2410 45 458 313
2410 46 835 262
2410 48 689 431
2420 1 1051 383
2420 2 1014 376
2420 43 1134 625
2420 44 1135 415
2420 45 436 313
2420 48 719 431
2430 1 1051 383
2430 2 1014 376
2430 43 1135 629
2430 44 1137 413
2430 45 430 313
2430 48 728 432
2440 1 1051 383
2440 2 1014 376
2440 43 1135 633
2440 44 1138 411
2440 45 422 312
2440 48 738 433
2450 1 1051 383
2450 2 1014 376
2450 43 1133 639
2450 44 1140 411
2450 45 415 312
2450 48 747 434
2460 1 1051 383
2460 2 1014 376
2460 43 1132 643
2460 44 1142 410
2460 45 408 313
2460 48 757 435
2470 1 1051 383
2470 2 1014 376
2470 43 1130 649
2470 44 1144 409
2470 45 400 313
2470 48 767 436
2480 1 1051 383
2480 2 1014 376
2480 43 1128 654
2480 44 1146 408
2480 45 392 313
2480 48 776 437
2490 1 1051 383
2490 2 1014 376
2490 43 1125 659
2490 44 1149 407
2490 45 385 313
2490 47 790 259
2490 48 786 437
2500 1 1051 383
2500 2 1014 376
2500 43 1122 665
2500 44 1151 405
2500 45 377 313
2500 47 788 259
2500 48 792 438
2510 1 1051 383
2510 2 1014 376
2510 43 1120 670
2510 44 1154 404
2510 45 370 313
2510 47 783 259
2510 48 798 439
2520 1 1051 383
2520 2 1014 376
2520 43 1116 674
2520 44 1157 403
2520 45 362 313
2520 47 779 259
2520 48 805 440
2530 1 1051 383
2530 2 1014 376
2530 43 1111 678
2530 44 1159 402
2530 45 354 313
2530 47 776 260
2530 48 813 440
2540 1 1051 383
2540 2 1014 376
2540 43 1106 682
2540 44 1162 401
2540 45 346 313
2540 47 772 261
2540 48 820 438
2550 1 1051 383
2550 2 1014 376
2550 43 1102 684
2550 44 1164 400
2550 45 338 313
2550 47 767 261
2550 48 825 437
2560 1 1052 383
2560 2 1014 376
2560 43 1098 686
2560 44 1167 399
2560 45 330 313
2560 47 761 261
2560 48 826 438
2570 1 1052 383
2570 2 1014 376
2570 43 1095 689
2570 44 1170 398
2570 45 322 314
2570 47 756 262
2570 48 826 439
2580 1 1052 383
2580 2 1014 376
2580 43 1091 691
2580 44 1173 398
2580 45 314 314
2580 48 826 440
2590 1 1052 383
2590 2 1014 376
2590 43 1087 693
2590 44 1176 397
2590 45 306 314
2590 48 825 441
2600 1 1052 383
2600 2 1014 376
2600 43 1083 696
2600 44 1179 397
2600 45 298 314
2600 48 825 441
2610 1 1052 383
2610 2 1014 376
2610 43 1081 698
2610 44 1182 396
2610 45 290 314
2610 48 825 441
2620 1 1052 383
2620 2 1014 375
2620 43 1077 701
2620 44 1184 395
2620 45 282 314
2620 48 824 441
2630 1 1052 383
2630 2 1014 375
2630 43 1073 703
2630 44 1186 394
2630 45 274 314
2630 48 824 441
2640 1 1052 383
2640 2 1014 375
2640 43 1069 706
2640 44 1189 394
2640 45 266 314
2640 48 824 441
2650 1 1052 383
2650 2 1014 375
2650 43 1065 708
2650 44 1191 394
2650 45 259 313
2650 48 824 440
2660 1 1052 383
2660 2 1014 375
2660 43 1061 710
2660 44 1195 393
2660 45 251 313
2660 48 824 440
2670 1 1052 383
2670 2 1014 375
2670 43 1059 715
2670 44 1198 389
2670 45 243 313
2670 48 825 440
2680 1 1052 383
2680 2 1014 375
2680 44 1207 390
2680 45 235 313
2680 48 825 440
2690 1 1052 383
2690 2 1014 375
2690 44 1209 385
2690 45 227 312
2690 48 826 440
2700 1 1052 383
2700 2 1014 375
2700 45 220 312
2700 48 826 440
2710 1 1052 383
2710 2 1014 375
2710 45 212 312
2710 48 827 440
2720 1 1052 384
2720 2 1014 375
2720 45 204 312
2720 48 827 440
2730 1 1052 384
2730 2 1014 375
2730 45 196 312
2730 48 827 440
2740 1 1052 384
2740 2 1014 375
2740 45 187 312
2740 48 828 440
2750 1 1052 384
2750 2 1014 375
2750 45 179 313
2750 48 828 440
2760 1 1052 384
2760 2 1014 375
2760 45 171 313
2760 48 829 440
2770 1 1052 384
2770 2 1014 375
2770 45 163 314
2770 48 829 440
2780 1 1052 384
2780 2 1014 375
2780 45 155 314
2780 48 830 440
2790 1 1052 384
2790 2 1014 375
2790 45 144 314
2790 48 830 440
2800 1 1052 384
2800 2 1014 375
2800 45 134 314
2800 48 831 440
2810 1 1052 384
2810 2 1014 375
2810 45 105 315
2810 48 831 440
2820 1 1052 384
2820 2 1014 375
2820 45 95 315
2820 48 831 440
2830 1 1052 384
2830 2 1014 375
2830 45 86 315
2830 48 831 440
2840 1 1052 384
2840 2 1014 375
2840 45 76 315
2840 48 831 440
2850 1 1052 384
2850 2 1014 375
2850 45 66 316
2850 48 831 440
2860 1 1052 384
2860 2 1014 375
2860 45 56 316
2860 48 831 440
2870 1 1052 384
2870 2 1014 375
2870 45 46 316
2870 48 831 440
