240 22 884 28
250 22 891 30
260 22 897 30
270 22 903 30
280 22 910 30
290 22 918 30
300 22 924 30
310 22 930 30
320 22 937 30
330 22 944 30
340 22 951 30
350 22 958 30
360 22 964 30
370 19 552 30
370 22 969 31
380 19 554 32
380 22 975 32
390 19 556 33
390 22 981 32
400 19 559 35
400 22 987 33
410 19 562 37
410 22 994 33
420 19 566 38
420 22 1000 33
430 19 570 38
430 22 1007 33
440 19 574 39
440 22 1014 33
450 19 578 40
450 22 1020 33
460 19 583 40
460 22 1026 33
470 19 588 41
470 22 1033 33
480 19 594 41
480 22 1039 33
490 19 599 41
490 22 1045 32
500 19 605 41
500 22 1051 30
510 19 610 41
510 22 1056 29
520 19 615 41
520 22 1064 24
530 19 622 41
530 22 1071 21
540 19 628 42
550 19 634 43
560 19 641 43
570 19 648 43
580 19 653 44
590 19 659 45
600 19 664 45
610 19 669 45
620 19 673 45
630 19 678 45
640 19 683 45
650 19 688 46
660 19 693 46
670 19 698 47
680 19 704 47
690 19 711 48
700 19 717 49
710 19 724 49
720 19 730 50
730 19 737 51
740 19 743 52
750 19 750 52
760 19 757 53
770 19 764 54
780 19 772 55
790 19 779 56
790 21 1220 570
800 19 786 58
800 21 1217 565
810 19 793 60
810 21 1214 559
820 19 799 61
820 20 1140 627
820 21 1214 556
830 19 805 62
830 20 1142 628
830 21 1209 550
840 19 811 63
840 20 1144 629
840 21 1212 549
850 19 818 64
850 20 1145 630
850 21 1212 550
860 19 824 65
860 20 1144 631
860 21 1209 549
870 19 831 65
870 20 1143 631
870 21 1208 548
880 19 837 66
880 20 1139 630
880 21 1207 548
890 19 842 67
890 20 1136 627
890 21 1203 546
900 19 848 68
900 20 1131 625
900 21 1199 544
910 19 853 69
910 20 1128 622
910 21 1193 536
920 19 859 70
920 20 1123 618
920 21 1180 527
930 19 867 70
930 20 1106 609
930 21 1161 519
940 19 874 71
940 20 1093 605
940 21 1139 512
950 19 881 71
950 20 1082 603
950 21 1122 507
960 19 888 72
960 20 1073 601
960 21 1111 502
970 19 895 72
970 20 1065 599
970 21 1098 498
980 19 903 73
980 20 1048 589
980 21 1078 498
990 19 909 73
990 20 1030 579
990 21 1058 501
1000 19 916 75
1000 20 1011 573
1000 21 1038 507
1010 19 922 76
1010 20 990 564
1010 21 1018 512
1020 19 929 77
1020 20 966 553
1020 21 997 520
1030 19 935 79
1030 20 938 550
1030 21 975 527
1040 19 941 80
1040 20 915 550
1040 21 947 530
1050 19 947 82
1050 20 892 554
1050 21 918 528
1060 19 953 83
1060 20 870 551
1060 21 890 527
1070 19 959 85
1070 20 846 547
1070 21 862 526
1080 19 966 88
1080 20 817 543
1080 21 834 524
1090 19 972 90
1090 20 787 538
1090 21 807 523
1100 19 979 93
1100 20 757 533
1100 21 780 516
1110 19 984 95
1110 20 729 531
1110 21 752 511
1120 19 987 97
1120 20 705 530
1120 21 722 506
1130 19 991 99
1130 20 681 529
1130 21 693 505
1140 19 995 101
1140 20 652 522
1140 21 668 501
1150 19 999 103
1150 20 623 516
1150 21 643 495
1160 19 1001 105
1160 20 598 514
1160 21 611 492
1170 19 1002 107
1170 20 574 512
1170 21 579 490
1180 19 1004 109
1180 20 549 510
1180 21 551 486
1190 19 1005 111
1190 20 522 506
1190 21 523 482
1200 19 1006 113
1200 20 495 503
1200 21 498 477
1210 19 1008 116
1210 20 470 498
1210 21 473 472
1220 19 1008 119
1220 20 443 495
1220 21 448 466
1230 19 1008 121
1230 20 414 491
1230 21 422 459
1240 19 1007 124
1240 20 389 486
1240 21 398 457
1250 19 1007 126
1250 20 365 481
1250 21 376 453
1260 19 1006 128
1260 20 344 476
1260 21 355 444
1270 19 1006 130
1270 20 323 471
1270 21 327 438
1280 19 1006 132
1280 20 301 466
1280 21 299 432
1290 19 1003 135
1290 20 279 462
1290 21 274 432
1300 19 1000 138
1300 20 257 458
1300 21 249 431
1310 19 997 141
1310 20 235 453
1310 21 224 430
1320 19 995 144
1320 20 211 448
1320 21 198 427
1330 19 992 146
1330 20 184 443
1330 21 172 425
1340 19 987 149
1340 20 153 440
1340 21 146 424
1350 19 983 153
1350 20 132 439
1350 21 121 425
1360 19 980 156
1360 20 98 435
1360 21 96 425
1370 19 978 158
1370 20 73 433
1370 21 74 425
1380 19 977 161
1380 20 47 432
1380 21 54 424
1390 19 974 163
1390 20 25 432
1390 21 36 423
1400 19 973 166
1400 20 7 433
1400 21 21 421
1410 19 976 168
1410 21 8 400
1420 19 983 171
1430 19 988 173
1440 19 994 176
1450 19 1002 177
1460 19 1010 179
1470 19 1020 181
1480 19 1031 184
1490 19 1041 187
1500 19 1049 190
1510 19 1057 192
1520 19 1066 195
1530 19 1075 199
1540 19 1085 201
1550 19 1095 203
1560 19 1104 207
1570 19 1113 210
1580 19 1122 214
1590 19 1127 217
1600 19 1132 220
1610 19 1137 223
1620 19 1144 232
1630 19 1151 240
1640 19 1157 245
1650 19 1163 249
1660 19 1168 254
1670 19 1174 260
1680 19 1183 265
1690 19 1191 271
1700 19 1200 276
1710 19 1208 282
1720 19 1217 288
1730 19 1225 295
1740 19 1233 302
1750 19 1241 309
1760 19 1252 314
1770 19 1262 320
1780 19 1271 326
1790 19 1283 334
1800 19 1293 341
1810 19 1303 349
1820 19 1316 356
1830 19 1331 362
1840 19 1345 370
1850 19 1357 378
1860 19 1371 387
1870 19 1384 397
1880 19 1396 407
1890 19 1414 418
1900 19 1431 427
1910 19 1443 436
1920 19 1454 444
1930 19 1472 454
1940 19 1490 464
1950 19 1507 477
1960 19 1525 490
1970 19 1542 501
1980 19 1557 511
1990 19 1574 521
2000 19 1596 532
2010 19 1617 545
2020 19 1636 561
2030 19 1656 577
2040 19 1671 593
2050 19 1685 608
2060 19 1696 620
2070 19 1708 633
2080 19 1720 648
2090 19 1732 667
2100 19 1745 687
2110 19 1753 704
2120 19 1763 723
2130 19 1778 743
2140 19 1794 763
2150 19 1810 786
2160 19 1824 809
2170 19 1836 836
2180 19 1849 863
2190 19 1866 888
2200 19 1875 917
2210 19 1878 948
2220 19 1883 978
2230 19 1891 997
2240 19 1899 1017
2250 19 1907 1045
