540 2 1914 722
550 2 1912 716
560 2 1910 705
570 2 1907 693
580 2 1906 685
590 2 1904 676
600 2 1902 670
610 2 1896 663
620 2 1885 655
630 2 1873 646
640 2 1865 641
650 2 1847 633
660 2 1823 625
670 2 1805 620
680 2 1786 612
690 2 1767 612
700 2 1749 609
710 2 1725 604
720 2 1706 599
730 2 1693 597
740 2 1671 589
750 2 1650 583
760 2 1631 581
770 2 1613 578
780 2 1594 578
790 2 1575 575
800 2 1557 575
810 2 1538 570
820 2 1525 567
830 2 1503 565
840 2 1485 562
850 2 1469 559
860 2 1449 557
870 2 1430 557
880 2 1414 554
890 2 1395 554
900 2 1379 551
910 1 4 402
910 2 1361 548
920 1 10 400
920 2 1345 546
930 1 16 397
930 2 1328 543
940 1 21 393
940 2 1312 542
950 1 27 390
950 2 1294 539
960 1 33 388
960 2 1277 538
970 1 41 391
970 2 1261 537
980 1 47 390
980 2 1245 534
990 1 53 389
990 2 1226 531
1000 1 60 389
1000 2 1210 531
1010 1 67 388
1010 2 1194 529
1020 1 75 388
1020 2 1178 529
1030 1 82 388
1030 2 1162 526
1040 1 89 388
1040 2 1146 526
1050 1 95 388
1050 2 1130 523
1060 1 102 388
1060 2 1114 523
1070 1 108 388
1070 2 1101 523
1080 1 113 388
1080 2 1085 521
1090 1 118 388
1090 2 1069 521
1100 1 123 387
1100 2 1053 521
1110 1 129 387
1110 2 1040 521
1120 1 135 386
1120 2 1024 518
1130 1 141 386
1130 2 1008 518
1140 1 147 386
1140 2 994 518
1150 1 153 385
1150 2 978 518
1160 1 159 385
1160 2 965 515
1170 1 164 385
1170 2 952 515
1180 1 170 385
1180 2 938 515
1190 1 175 385
1190 2 925 515
1200 1 181 385
1200 2 912 515
1210 1 187 385
1210 2 898 513
1220 1 192 385
1220 2 886 512
1230 1 198 385
1230 2 874 510
1240 1 203 385
1240 2 862 509
1250 1 209 385
1250 2 850 507
1260 1 215 385
1260 2 838 506
1270 1 220 385
1270 2 825 505
1280 1 226 385
1280 2 814 504
1290 1 232 384
1290 2 802 504
1300 1 238 383
1300 2 790 501
1310 1 244 382
1310 2 778 501
1320 1 250 381
1320 2 765 498
1330 1 257 380
1330 2 754 498
1340 1 263 379
1340 2 741 498
1350 1 269 377
1350 2 727 498
1360 1 276 376
1360 2 717 496
1370 1 282 375
1370 2 706 496
1380 1 288 374
1380 2 693 493
1390 1 294 373
1390 2 682 493
1400 1 301 372
1400 2 669 493
1410 1 307 371
1410 2 658 493
1420 1 313 371
1420 2 645 493
1430 1 319 370
1430 2 631 493
1440 1 325 368
1440 2 618 493
1450 1 331 367
1450 2 602 493
1460 1 337 367
1460 2 586 493
1470 1 343 366
1470 2 573 493
1480 1 348 365
1480 2 559 496
1490 1 353 366
1490 2 543 496
1500 1 358 367
1500 2 530 498
1510 2 517 498
1520 2 501 498
1530 2 488 501
1540 2 474 502
1550 2 460 503
1560 2 446 504
1570 2 432 505
1580 2 418 506
1590 2 404 507
1600 2 390 508
1610 2 376 508
1620 2 362 509
1630 2 348 510
1640 2 334 511
1650 2 320 512
1660 2 306 513
1670 2 292 514
1680 2 278 515
1690 2 264 516
1700 2 250 516
1710 2 236 517
1720 2 222 518
1730 2 208 519
1740 2 194 520
1750 2 180 521
1760 2 166 522
1770 2 152 523
1780 2 139 524
1790 2 126 525
1800 2 110 521
1810 2 93 517
1820 2 77 518
1830 2 62 519
1840 2 47 521
1850 2 33 528
1860 2 21 530
1870 2 10 532
2080 3 23 676
2090 3 45 673
2100 3 69 669
2110 3 94 667
2120 3 118 665
2130 3 143 663
2140 3 168 661
2150 3 192 659
2160 3 215 657
2170 3 237 655
2180 3 259 653
2190 3 281 650
2200 3 302 647
2210 3 324 644
2220 3 345 641
2230 3 368 638
2240 3 390 635
2250 3 412 631
2260 3 434 628
2270 3 456 625
2280 3 479 622
2290 3 501 618
2300 3 523 615
2310 3 545 611
2320 3 567 608
2330 3 589 605
2340 3 611 602
2350 3 633 599
2360 3 655 596
2370 3 675 593
2380 3 697 591
2390 3 718 589
2400 3 735 585
2410 3 753 582
2420 3 770 579
2430 3 788 577
2440 3 803 573
2450 3 819 569
2460 3 835 566
2470 3 851 563
2480 3 867 560
2490 3 881 557
2500 3 895 555
2510 3 909 553
2520 3 923 552
2530 3 934 547
2540 3 945 542
2550 3 956 539
2560 3 968 536
2570 3 979 534
2580 3 991 532
2590 3 1003 530
2600 3 1013 528
2610 3 1024 526
2620 3 1035 524
2630 3 1039 523
2640 3 1044 522
2650 3 1044 522
2660 3 1044 522
2670 3 1045 522
2680 3 1045 522
2690 3 1046 522
2700 3 1048 522
2710 3 1048 521
2720 3 1049 521
2730 3 1050 521
2740 3 1051 521
2750 3 1051 521
2760 3 1052 521
2770 3 1053 521
2780 3 1054 521
2790 3 1054 521
2800 3 1054 521
2810 3 1054 521
2820 3 1054 521
2830 3 1054 521
2840 3 1054 521
2850 3 1054 522
2860 3 1054 522
2870 3 1054 522
2880 3 1054 522
2890 3 1054 522
2900 3 1054 522
2910 3 1054 522
2920 3 1054 522
2930 3 1053 521
2940 3 1049 522
2950 3 1046 523
2960 3 1035 525
2970 3 1024 527
2980 3 1013 529
2990 3 1000 532
3000 3 987 535
3010 3 974 539
3020 3 963 540
3030 3 956 542
3040 3 955 542
3050 3 954 542
3060 3 954 542
3070 3 953 542
3080 3 952 542
3090 3 952 542
3100 3 951 542
3110 3 951 543
3120 3 951 543
3130 3 952 543
3140 3 951 543
3150 3 950 543
3160 3 949 543
3170 3 948 543
3180 3 948 543
3190 3 948 543
3200 3 949 543
3210 3 949 543
3220 3 949 543
3230 3 950 543
3240 3 949 543
3250 3 949 543
3260 3 949 544
3270 3 956 541
3280 3 960 540
3290 3 965 538
3300 3 967 539
3310 3 966 538
3320 3 966 538
3330 3 965 537
3340 3 964 537
3350 3 964 537
3360 3 964 539
3370 3 962 538
3380 3 961 538
3390 3 960 538
3400 3 959 538
4610 4 30 348
4620 4 34 348
4630 4 39 348
4640 4 43 347
4650 4 47 347
4660 4 51 347
4670 4 56 346
4680 4 60 346
4690 4 64 346
4700 4 69 345
4710 4 74 345
4720 4 79 345
4730 4 85 344
4740 4 90 344
4750 4 95 344
4760 4 101 343
4770 4 106 343
4780 4 112 342
4790 4 117 342
4800 4 122 341
4810 4 127 341
4820 4 132 340
4830 4 138 340
4840 4 143 339
4850 4 148 339
4860 4 153 338
4870 4 159 337
4880 4 164 337
4890 4 169 336
4900 4 174 336
4910 4 179 335
4920 4 185 335
4930 4 190 334
4940 4 195 334
4950 4 200 333
4960 4 205 332
4970 4 210 332
4980 4 214 331
4990 4 219 331
5000 4 223 330
5010 4 228 330
5020 4 232 329
5030 4 237 329
5040 4 241 328
5050 4 246 328
5060 4 250 327
5070 4 255 327
5080 4 260 327
5090 4 263 329
5100 4 268 328
5110 4 273 327
5630 8 968 537
5640 8 972 538
5650 8 976 542
5660 8 980 539
5670 8 980 539
5680 8 980 536
5690 8 981 536
5700 8 981 538
5710 8 978 538
5720 8 975 538
5730 8 975 538
5740 8 970 540
5750 8 962 542
5760 8 957 546
5770 8 943 546
5780 8 930 546
5790 8 922 546
5800 8 917 545
5810 8 909 545
5820 8 906 546
5830 8 909 546
5840 8 909 546
5850 8 911 546
5860 8 911 546
5870 8 922 546
5880 8 933 549
5890 8 943 549
5900 8 951 546
5910 8 954 546
5920 8 957 546
5930 8 959 546
5940 8 959 546
5950 8 959 546
5960 8 959 546
5970 8 959 546
5980 8 959 546
5990 8 959 546
6000 8 959 546
6010 8 954 546
6020 8 951 548
6030 8 949 549
6040 8 946 550
6050 8 935 552
6060 8 919 552
6070 8 903 552
6080 8 890 549
6090 8 879 546
6100 8 871 544
6110 8 863 541
6120 8 855 538
6130 8 850 536
6140 8 845 530
6150 8 839 528
6160 8 834 525
6170 8 831 522
6180 8 826 520
6190 8 821 517
6200 8 815 512
6210 8 810 509
6220 8 802 509
6230 8 791 506
6240 8 783 504
6250 8 775 504
6260 8 765 501
6270 8 757 498
6280 8 749 498
6290 8 735 493
6300 8 722 490
6310 8 709 489
6320 8 697 489
6330 8 685 487
6340 8 673 487
6350 8 662 486
6360 8 649 486
6370 8 637 485
6380 8 626 485
6390 8 616 482
6400 8 605 482
6410 8 593 479
6420 8 582 478
6430 8 573 477
6440 8 562 475
6450 8 551 474
6460 8 541 473
6470 8 530 471
6480 8 519 470
6490 8 509 467
6500 8 498 467
6510 8 487 465
6520 8 477 465
6530 8 469 462
6540 8 461 459
6550 8 453 457
6560 8 445 457
6570 8 437 454
6580 8 429 451
6590 8 421 449
6600 8 413 449
6610 8 405 446
6620 8 397 445
6630 8 389 445
6640 8 381 442
6650 8 374 442
6660 8 366 441
6670 8 358 441
6680 8 350 438
6690 8 345 437
6700 8 337 437
6710 8 329 434
6720 8 321 434
6730 8 313 433
6740 8 307 432
6750 8 300 431
6760 8 294 430
6770 8 288 429
6780 8 281 428
6790 8 275 427
6800 8 269 426
6810 8 262 425
6820 8 256 424
6830 8 250 423
6840 8 243 422
6850 8 237 421
6860 8 231 420
6870 8 225 419
6880 8 218 418
6890 8 212 417
6900 8 206 417
6910 8 201 417
6920 8 195 417
6930 8 190 419
6940 8 185 419
6950 8 179 419
6960 8 174 419
6970 8 169 419
6980 8 161 419
6990 8 155 419
7000 8 150 419
7010 8 145 419
7020 8 139 417
7030 8 137 417
7040 8 137 417
7050 8 134 414
7060 8 131 414
7070 8 131 411
7080 8 129 411
7090 8 126 411
7100 8 126 409
7110 8 123 409
7120 8 121 406
7130 8 118 406
7140 8 115 403
7150 8 113 401
7160 8 110 398
7170 8 105 398
7180 8 99 395
7190 8 94 395
7200 8 89 395
7210 8 87 391
7220 8 86 393
7230 8 81 393
7240 8 78 393
7250 8 73 393
7260 8 68 393
7270 8 60 393
7280 8 54 393
7290 8 49 393
7300 8 44 393
7310 8 33 393
7320 8 25 396
7330 8 17 390
7340 8 10 390
7350 8 6 390
7510 7 13 649
7520 7 16 645
7530 7 21 644
7540 7 30 637
7550 7 39 634
7560 7 49 631
7570 7 57 626
7580 5 9 631
7580 7 66 623
7590 5 14 622
7590 7 74 621
7600 5 27 620
7600 7 82 618
7610 5 37 616
7610 7 93 615
7620 5 50 613
7620 7 101 613
7630 5 61 609
7630 7 109 610
7640 5 73 603
7640 7 117 605
7650 5 84 601
7650 7 125 602
7660 5 95 597
7660 7 133 599
7670 5 108 593
7670 7 141 597
7680 5 119 589
7680 7 151 594
7690 5 130 586
7690 7 159 591
7700 5 141 581
7700 7 167 589
7710 5 149 578
7710 7 175 583
7720 5 154 574
7720 7 180 581
7730 5 162 572
7730 7 187 578
7740 5 169 569
7740 7 193 575
7750 5 176 564
7750 7 200 572
7760 5 185 561
7760 7 207 568
7770 5 193 558
7770 7 213 565
7780 5 202 556
7780 7 220 561
7790 5 210 552
7790 7 227 558
7800 5 216 550
7800 7 233 555
7810 5 221 549
7810 7 240 552
7820 5 227 547
7820 7 244 549
7830 5 233 546
7830 7 247 547
7840 5 233 545
7840 7 249 545
7850 5 233 543
7850 7 250 542
7860 5 230 541
7860 7 250 539
7870 5 230 537
7870 7 250 537
7880 5 230 534
7880 7 250 534
7890 5 227 530
7890 7 250 531
7900 5 225 529
7900 7 250 529
7910 5 225 528
7910 7 247 529
7920 5 222 526
7920 7 247 526
7930 5 219 523
7930 7 245 526
7940 5 217 521
7940 7 242 523
7950 5 214 521
7950 7 239 521
7960 5 209 518
7960 7 237 521
7970 5 206 517
7970 7 234 518
7980 5 201 515
7980 7 229 517
7990 5 198 514
7990 7 226 514
8000 5 195 514
8000 7 221 513
8010 5 193 512
8010 7 218 512
8020 5 190 509
8020 7 214 509
8030 5 187 509
8030 7 210 506
8040 5 182 506
8040 7 207 505
8050 5 179 504
8050 7 203 502
8060 5 177 501
8060 7 201 499
8070 5 171 501
8070 7 198 499
8080 5 166 498
8080 7 193 497
8090 5 161 497
8090 7 187 495
8100 5 158 497
8100 7 185 495
8110 5 153 494
8110 7 179 493
8120 5 147 494
8120 7 177 493
8130 5 142 493
8130 7 174 492
8140 5 138 493
8140 7 170 492
8150 5 133 490
8150 7 167 489
8160 5 127 489
8160 7 162 489
8170 5 123 488
8170 7 159 489
8180 5 118 486
8180 7 154 486
8190 5 114 485
8190 7 151 486
8200 5 110 483
8200 7 146 486
8210 5 105 481
8210 7 141 484
8220 5 99 481
8220 7 138 484
8230 5 94 479
8230 7 133 481
8240 5 89 479
8240 7 130 481
8250 5 83 478
8250 7 125 478
8260 5 78 478
8260 7 122 478
8270 5 75 476
8270 7 117 476
8280 5 75 473
8280 7 114 476
8290 5 75 470
8290 7 110 473
8300 5 75 470
8300 7 107 473
8310 5 75 468
8310 7 105 470
8320 5 81 465
8320 7 102 470
8330 5 81 460
8330 7 98 468
8340 5 81 454
8340 7 95 465
8350 5 91 450
8350 7 95 465
8360 5 97 447
8360 7 95 462
8370 5 99 447
8370 7 95 462
8380 5 105 445
8380 7 95 460
8390 5 105 442
8390 7 95 457
8400 5 105 442
8400 7 95 457
8410 5 104 442
8410 7 95 454
8420 5 104 442
8420 7 98 453
8430 5 102 442
8430 7 99 452
8440 5 102 442
8440 7 102 450
8450 5 102 442
8450 7 104 450
8460 5 101 442
8460 7 106 447
8470 5 101 442
8470 7 109 447
8480 5 98 443
8480 7 109 446
8490 5 93 443
8490 7 112 445
8500 5 89 443
8500 7 113 443
8510 5 84 446
8510 7 115 443
8520 5 78 446
8520 7 117 441
8530 5 73 446
8530 7 119 441
8540 5 70 449
8540 7 119 438
8550 5 68 449
8550 7 119 438
8560 5 66 449
8560 7 118 438
8570 5 63 449
8570 7 117 438
8580 5 61 449
8580 7 115 438
8590 5 59 449
8590 7 113 435
8600 5 56 449
8600 7 113 435
8610 5 53 449
8610 7 110 435
8620 5 51 449
8620 7 110 435
8630 5 49 449
8630 7 107 435
8640 5 49 446
8640 7 105 435
8650 5 49 446
8650 7 105 435
8660 5 51 443
8660 7 102 433
8670 5 51 441
8670 7 102 433
8680 5 54 441
8680 7 99 433
8690 5 54 438
8690 7 99 433
8700 5 57 438
8700 7 99 433
8710 5 57 434
8710 7 99 430
8720 5 57 430
8720 7 99 430
8730 5 57 429
8730 7 99 427
8740 5 58 426
8740 7 99 427
8750 5 61 426
8750 7 99 425
8760 5 64 423
8760 7 99 425
8770 5 66 423
8770 7 102 422
8780 5 69 423
8780 7 102 422
8790 5 69 423
8790 7 102 419
8800 5 72 423
8800 6 11 595
8800 7 102 419
8810 5 72 423
8810 6 22 593
8810 7 102 417
8820 5 72 423
8820 6 36 590
8820 7 102 417
8830 5 74 421
8830 6 49 587
8830 7 102 417
8840 5 77 421
8840 6 62 584
8840 7 105 414
8850 5 80 418
8850 6 75 581
8850 7 107 414
8860 5 82 415
8860 6 89 578
8860 7 110 414
8870 5 82 414
8870 6 98 576
8870 7 110 414
8880 5 82 413
8880 6 104 575
8880 7 113 411
8890 5 85 410
8890 6 110 573
8890 7 113 411
8900 5 85 410
8900 6 115 573
8900 7 115 411
8910 5 88 407
8910 6 121 571
8910 7 118 409
8920 5 90 407
8920 6 127 570
8920 7 121 406
8930 5 93 407
8930 6 129 569
8930 7 123 403
8940 5 93 407
8940 6 129 569
8940 7 123 403
8950 5 98 405
8950 6 128 568
8950 7 126 401
8960 5 101 405
8960 6 128 568
8960 7 126 401
8970 5 104 404
8970 6 127 567
8970 7 126 401
8980 5 105 404
8980 6 127 567
8980 7 129 401
8990 5 107 404
8990 6 127 567
8990 7 129 401
9000 5 110 404
9000 6 127 567
9000 7 129 401
9010 5 109 402
9010 6 127 567
9010 7 123 400
9020 5 107 401
9020 6 127 567
9020 7 121 399
9030 5 106 402
9030 6 127 567
9030 7 119 398
9040 5 105 401
9040 6 127 567
9040 7 116 397
9050 5 102 399
9050 6 127 567
9050 7 113 397
9060 5 100 399
9060 6 128 568
9060 7 110 396
9070 5 95 398
9070 6 130 568
9070 7 107 395
9080 5 92 397
9080 6 132 568
9080 7 105 395
9090 5 89 397
9090 6 133 567
9090 7 102 394
9100 5 86 396
9100 6 135 567
9100 7 99 393
9110 5 83 395
9110 6 137 567
9110 7 96 392
9120 5 80 394
9120 6 138 566
9120 7 93 392
9130 5 77 393
9130 6 140 566
9130 7 91 391
9140 5 73 393
9140 6 140 566
9140 7 88 390
9150 5 70 392
9150 6 139 566
9150 7 85 389
9160 5 67 391
9160 6 138 567
9160 7 82 388
9170 5 64 390
9170 6 137 567
9170 7 79 388
9180 5 61 389
9180 6 138 567
9180 7 77 387
9190 5 58 389
9190 6 137 567
9190 7 74 387
9200 5 55 388
9200 6 135 567
9200 7 71 386
9210 5 52 388
9210 6 133 568
9210 7 69 385
9220 5 48 389
9220 6 131 568
9220 7 66 385
9230 5 45 390
9230 6 129 569
9230 7 62 386
9240 5 41 391
9240 6 127 569
9240 7 58 387
9250 5 37 392
9250 6 123 570
9250 7 55 389
9260 5 33 395
9260 6 119 571
9260 7 51 390
9270 5 29 397
9270 6 114 571
9270 7 48 391
9280 5 23 397
9280 6 110 572
9280 7 44 392
9290 5 19 397
9290 6 105 573
9290 7 41 393
9300 5 14 397
9300 6 101 573
9300 7 38 394
9310 5 11 397
9310 6 97 574
9310 7 36 394
9320 5 8 397
9320 6 95 575
9320 7 33 394
9330 6 93 576
9340 6 91 576
9350 6 89 577
9360 6 86 578
9370 6 84 579
9380 6 82 580
9390 6 80 580
9400 6 78 581
9410 6 76 581
9420 6 76 581
9430 6 75 581
9440 6 74 580
9450 6 74 580
9460 6 73 580
9470 6 72 579
9480 6 71 579
9490 6 69 579
9500 6 68 579
9510 6 67 579
9520 6 65 579
9530 6 64 580
9540 6 62 583
9550 6 60 585
9560 6 58 588
9570 6 55 594
9580 6 51 599
9590 6 51 602
9600 6 51 605
9610 6 55 608
9620 6 63 610
9630 6 75 610
9640 6 88 607
9650 6 97 606
9660 6 106 605
9670 6 115 604
9680 6 120 603
9690 6 122 603
9700 6 123 603
9710 6 124 602
9720 6 124 602
9730 6 124 602
9740 6 123 602
9750 6 123 602
9760 6 126 601
9770 6 132 600
9780 6 137 598
9790 6 141 597
9800 6 145 595
9810 6 148 595
9820 6 152 595
9830 6 154 593
9840 6 156 592
9850 6 157 593
9860 6 158 596
9870 6 156 597
9880 6 153 597
9890 6 149 594
