0 5 783 73
10 5 773 73
20 5 766 71
30 5 756 71
40 5 745 71
50 5 733 76
60 5 722 76
70 5 714 78
80 5 705 78
90 5 696 78
100 5 688 78
110 5 678 78
120 5 669 78
130 5 659 78
140 5 653 80
150 5 646 78
160 5 633 78
170 5 624 81
180 5 614 81
190 5 606 81
200 5 597 81
210 5 587 84
220 5 579 83
230 5 570 82
240 5 559 88
250 5 553 84
260 5 542 84
270 5 534 84
280 5 526 86
290 5 518 86
300 5 513 86
310 5 505 86
320 5 499 86
330 5 487 88
340 5 474 92
350 5 460 96
360 5 447 99
370 5 439 100
380 5 429 105
390 5 417 105
400 5 409 104
410 5 398 107
420 5 388 108
430 5 379 109
440 5 371 109
450 5 360 110
460 5 352 110
470 5 338 110
480 5 327 112
490 5 315 111
500 5 305 115
510 5 290 114
520 5 285 115
530 5 272 117
540 5 262 119
550 5 252 119
560 5 239 118
570 5 229 119
580 5 219 121
590 5 209 121
600 5 196 121
610 5 183 122
620 5 171 123
630 5 161 126
640 5 148 127
650 5 139 125
660 5 126 129
670 5 116 133
680 5 106 130
710 20 495 358
720 20 497 357
730 20 498 357
740 20 498 357
750 20 498 356
760 20 498 355
770 20 501 357
780 20 505 363
790 20 509 370
800 20 514 379
810 20 518 386
820 20 521 390
830 20 521 390
840 20 523 393
850 20 521 390
860 20 523 393
870 20 529 398
880 20 534 404
890 20 533 407
900 20 529 416
910 20 532 418
920 20 521 421
930 20 508 423
940 20 494 426
950 20 492 426
960 20 492 426
970 20 492 426
980 20 492 426
980 21 1080 22
990 20 493 426
990 21 1067 25
1000 20 493 426
1000 21 1067 22
1010 20 493 426
1010 21 1055 25
1020 20 493 426
1020 21 1049 25
1030 20 494 426
1030 21 1043 22
1040 20 494 426
1040 21 1038 22
1050 20 494 426
1050 21 1038 25
1060 20 496 426
1060 21 1026 27
1070 20 499 426
1070 21 1019 29
1080 20 503 426
1080 21 1012 27
1090 20 506 426
1090 21 1007 29
1100 20 510 426
1100 21 997 29
1110 20 510 423
1110 21 994 30
1120 20 510 421
1120 21 989 30
1130 20 510 425
1130 21 980 30
1140 20 509 425
1140 21 972 30
1150 20 507 425
1150 21 968 30
1160 20 506 425
1160 21 963 32
1170 20 506 425
1170 21 957 32
1180 20 502 425
1180 21 953 31
1190 20 501 425
1190 21 950 32
1200 20 498 428
1200 21 941 34
1210 20 494 429
1210 21 934 35
1220 20 494 435
1220 21 931 35
1230 20 472 435
1230 21 927 37
1240 20 461 435
1240 21 922 35
1250 20 449 435
1250 21 921 38
1260 20 437 437
1260 21 917 37
1270 20 425 436
1270 21 914 37
1280 20 413 434
1280 21 911 38
1290 20 401 433
1290 21 907 42
1300 20 390 433
1300 21 904 40
1310 20 382 434
1310 21 899 44
1320 20 382 434
1320 21 895 45
1330 20 381 434
1330 21 895 45
1340 20 373 434
1340 21 886 47
1350 20 366 434
1350 21 878 47
1360 20 356 432
1360 21 873 47
1370 20 353 432
1370 21 868 47
1380 20 352 432
1380 21 862 47
1390 20 349 432
1390 21 857 47
1400 20 349 434
1400 21 852 50
1410 20 349 435
1410 21 846 50
1420 20 347 438
1420 21 841 50
1430 20 347 440
1430 21 836 50
1440 20 347 441
1440 21 830 53
1450 20 342 443
1450 21 825 53
1460 20 331 449
1460 21 820 53
1470 20 322 454
1470 21 814 55
1480 20 314 459
1480 21 809 55
1490 20 304 464
1490 21 801 55
1500 20 296 469
1500 21 796 55
1510 20 288 470
1510 21 789 57
1520 20 274 481
1520 21 782 58
1530 20 261 494
1530 21 774 58
1540 20 248 510
1540 21 766 61
1550 20 237 529
1550 21 758 63
1560 20 224 541
1560 21 750 66
1570 20 210 555
1570 21 742 66
1580 20 210 571
1580 21 737 69
1590 20 213 590
1590 21 731 71
1600 14 1068 27
1600 20 200 597
1600 21 721 69
1610 14 1060 25
1610 20 189 604
1610 21 710 66
1620 14 1052 25
1620 20 178 613
1620 21 702 63
1630 14 1044 25
1630 20 157 618
1630 21 691 61
1640 14 1036 27
1640 20 137 625
1640 21 683 61
1650 14 1025 27
1650 20 102 633
1650 21 681 66
1660 14 1017 30
1660 20 69 644
1660 21 664 70
1670 14 1007 28
1670 20 46 652
1670 21 660 72
1680 14 1001 29
1680 20 24 660
1680 21 645 72
1690 14 993 29
1690 20 17 660
1690 21 635 74
1700 14 981 30
1700 21 624 76
1710 14 975 30
1710 21 611 77
1720 14 967 30
1720 21 604 80
1730 14 955 31
1730 21 592 78
1740 14 952 33
1740 21 586 79
1750 14 942 33
1750 21 571 82
1760 14 931 35
1760 21 556 84
1770 14 927 35
1770 21 548 82
1780 14 914 35
1780 21 534 83
1790 14 905 33
1790 21 523 85
1800 14 896 37
1800 21 509 86
1810 14 890 35
1810 21 509 86
1820 14 883 37
1820 21 491 95
1830 14 871 38
1830 21 475 93
1840 14 860 39
1840 21 457 90
1850 14 849 40
1850 21 452 89
1860 14 838 41
1860 21 440 95
1870 14 827 42
1870 21 426 96
1880 14 816 44
1880 21 419 97
1890 14 805 44
1890 21 403 98
1900 14 795 45
1900 21 392 100
1910 14 785 44
1910 21 377 104
1920 14 775 45
1920 21 369 104
1930 14 764 42
1930 21 357 105
1940 14 756 44
1940 21 339 104
1950 14 748 45
1950 21 330 107
1960 14 740 45
1960 21 315 107
1970 14 732 46
1970 21 302 108
1980 14 724 47
1980 21 283 109
1990 14 716 48
1990 21 267 110
2000 14 708 49
2000 21 257 111
2010 14 702 50
2010 21 239 115
2020 14 698 50
2020 21 226 117
2030 14 695 51
2030 21 212 115
2040 14 688 53
2040 21 197 115
2050 14 683 57
2050 21 184 118
2050 38 29 631
2060 14 677 58
2060 21 174 119
2060 38 50 617
2070 14 672 60
2070 21 156 123
2070 38 81 606
2080 14 667 61
2080 21 135 122
2080 38 109 593
2090 14 661 61
2090 21 125 122
2090 38 136 582
2100 14 654 64
2100 21 112 127
2100 38 161 570
2110 14 649 66
2110 38 178 558
2120 14 643 67
2120 38 197 546
2130 14 634 68
2130 38 217 534
2140 14 626 74
2140 38 237 522
2150 14 615 72
2150 38 258 510
2160 14 604 75
2160 38 279 500
2170 14 594 77
2170 38 299 486
2180 14 580 78
2180 38 321 474
2190 14 564 81
2190 38 341 462
2200 14 549 81
2200 38 357 454
2210 14 537 83
2210 38 371 445
2220 14 523 84
2220 38 382 435
2230 14 500 89
2230 38 381 429
2240 14 484 91
2240 38 377 421
2250 14 468 94
2250 38 373 414
2260 14 452 97
2260 38 362 409
2270 14 441 94
2270 38 354 403
2280 14 427 96
2280 38 345 401
2290 14 412 97
2290 38 345 401
2300 14 393 98
2300 38 345 401
2310 14 372 102
2310 38 345 401
2320 14 357 101
2320 38 345 401
2330 14 343 104
2330 38 345 401
2340 14 321 107
2340 38 345 401
2350 14 302 108
2350 38 345 398
2360 14 284 110
2360 38 345 398
2370 14 270 109
2370 38 345 398
2380 14 252 110
2380 38 345 398
2390 14 229 113
2390 38 345 398
2400 14 211 115
2400 38 345 398
2410 14 191 115
2410 38 343 397
2420 14 171 115
2420 38 343 397
2430 14 153 113
2430 38 343 397
2440 14 135 121
2440 38 343 397
2450 14 120 119
2450 38 343 397
2460 38 343 397
2470 38 343 397
2480 38 343 397
2490 38 343 397
2500 38 343 397
2510 38 342 397
2520 38 342 397
2530 38 342 397
2540 38 342 397
2550 38 342 397
2560 38 342 397
2570 38 342 397
2580 38 342 397
2590 38 342 397
2600 38 342 397
2610 38 342 397
2620 38 341 397
2630 38 341 397
2640 38 341 397
2650 38 341 397
2660 38 341 397
2670 38 341 397
2680 38 341 397
2690 38 341 397
2700 38 341 397
2710 38 341 397
2720 38 341 397
2730 38 344 398
2740 38 344 398
2750 38 344 397
2760 38 344 394
2770 38 344 394
2780 38 344 394
2790 38 346 396
2800 38 346 396
2810 38 339 399
2820 38 339 399
2830 38 339 399
2840 38 339 399
2850 38 339 399
2860 38 339 399
2870 38 339 399
2880 38 339 399
2890 38 339 399
2900 38 340 400
2910 38 340 400
2920 38 340 400
2930 38 340 400
2940 38 340 400
2950 38 340 400
2960 38 340 400
2970 38 347 402
2980 38 347 402
2990 38 347 402
3000 38 347 402
3010 38 347 402
3020 38 347 402
3030 38 347 402
3040 38 347 402
3050 38 347 402
3060 38 347 402
3070 38 347 402
3080 38 357 406
3090 38 362 412
3100 38 369 410
3110 38 374 419
3120 38 387 430
3130 38 409 435
3140 38 434 445
3150 38 468 443
3160 38 497 440
3170 38 528 431
3180 38 543 418
3190 38 554 415
3200 38 559 409
3210 38 554 408
3220 38 547 403
3230 38 545 402
3240 38 545 402
3250 38 542 398
3260 38 542 398
3270 38 538 401
3280 38 538 401
3290 38 532 398
3300 38 532 398
3310 38 532 398
3320 38 537 399
3330 38 537 399
3340 38 524 396
3350 38 517 380
3360 38 517 384
3370 38 517 384
3380 38 507 371
3390 38 507 371
3400 38 507 371
3410 38 493 364
3660 36 554 30
3670 36 554 30
3680 36 554 28
3690 36 557 28
3700 36 559 28
3710 36 562 28
3720 36 565 28
3730 36 567 28
3740 36 570 28
3750 36 570 28
3760 36 573 28
3770 36 572 36
3780 36 577 32
3790 36 580 34
3800 25 1459 810
3800 36 580 35
3810 25 1454 794
3810 36 583 38
3820 25 1442 790
3820 36 583 36
3830 25 1427 791
3830 36 586 36
3840 25 1418 783
3840 36 589 36
3850 25 1401 761
3850 36 591 36
3860 25 1379 745
3860 36 594 36
3870 25 1354 729
3870 36 597 36
3880 25 1327 711
3880 36 602 36
3890 25 1301 695
3890 36 605 36
3900 25 1271 687
3900 36 607 38
3910 25 1231 682
3910 36 610 38
3920 25 1195 669
3920 36 614 39
3930 25 1161 650
3930 36 617 39
3940 25 1126 637
3940 36 622 41
3950 25 1091 607
3950 36 625 41
3960 25 1057 587
3960 36 629 42
3970 25 1022 563
3970 36 631 43
3980 25 987 553
3980 36 637 43
3990 25 953 546
3990 36 639 46
4000 25 921 542
4000 36 642 46
4010 25 888 542
4010 36 645 46
4020 25 860 544
4020 36 647 46
4030 25 830 539
4030 36 650 49
4040 25 798 529
4040 36 653 49
4050 25 766 518
4050 36 653 49
4060 25 735 513
4060 36 655 49
4070 25 703 507
4070 36 658 51
4080 25 674 502
4080 36 661 54
4090 25 642 497
4090 36 661 54
4100 25 610 490
4100 36 663 57
4110 25 578 482
4110 36 663 57
4120 25 543 476
4120 36 663 59
4130 25 509 468
4130 36 661 59
4140 25 482 462
4140 36 658 62
4150 25 448 457
4150 36 655 62
4160 25 413 454
4160 36 653 65
4170 25 387 449
4170 36 645 67
4180 25 357 446
4180 36 639 70
4190 25 329 441
4190 36 634 73
4200 25 301 438
4200 36 626 73
4210 25 273 436
4210 36 615 73
4220 25 245 433
4220 36 605 75
4230 25 205 424
4230 36 603 75
4240 25 189 420
4240 36 597 78
4250 25 156 422
4250 36 586 83
4260 25 124 415
4260 36 576 82
4270 25 103 413
4270 36 568 84
4280 25 62 409
4280 36 560 86
4290 25 47 411
4290 36 549 86
4300 25 31 407
4300 36 534 85
4310 25 24 410
4310 36 524 90
4320 36 515 89
4330 36 490 95
4340 36 481 97
4350 36 470 98
4360 36 460 101
4370 36 449 102
4380 36 438 103
4390 36 428 105
4400 36 422 105
4410 36 412 108
4420 36 396 110
4430 36 387 110
4440 36 376 113
4450 36 363 118
4460 36 351 119
4470 36 335 121
4480 36 316 118
4490 36 302 121
