0 2 1288 439
0 3 1318 454
0 4 1299 481
10 2 1278 439
10 3 1309 454
10 4 1294 482
20 2 1268 439
20 3 1300 455
20 4 1290 483
30 2 1258 440
30 3 1291 456
30 4 1285 484
40 2 1248 440
40 3 1283 456
40 4 1277 486
50 2 1239 441
50 3 1275 457
50 4 1267 488
60 2 1229 441
60 3 1269 459
60 4 1257 490
70 2 1219 442
70 3 1262 461
70 4 1247 493
80 2 1209 442
80 3 1256 463
80 4 1237 495
90 2 1199 442
90 3 1250 464
90 4 1227 495
100 2 1192 444
100 3 1243 466
100 4 1219 495
110 2 1185 445
110 3 1236 468
110 4 1210 495
120 2 1179 447
120 3 1230 470
120 4 1201 495
130 2 1172 448
130 3 1220 470
130 4 1191 495
140 2 1165 449
140 3 1210 471
140 4 1184 496
150 2 1159 451
150 3 1200 472
150 4 1176 498
160 2 1152 452
160 3 1190 472
160 4 1168 499
170 2 1145 454
170 3 1180 473
170 4 1161 501
180 2 1139 455
180 3 1170 473
180 4 1153 502
190 2 1132 457
190 3 1160 473
190 4 1144 505
200 2 1125 458
200 3 1150 474
200 4 1134 507
210 2 1113 459
210 3 1139 474
210 4 1124 510
220 2 1101 460
220 3 1129 475
220 4 1115 512
230 2 1089 460
230 3 1119 475
230 4 1105 515
240 2 1076 461
240 3 1108 476
240 4 1096 517
250 2 1064 461
250 3 1098 476
250 4 1086 518
260 2 1052 462
260 3 1088 477
260 4 1076 518
270 2 1039 463
270 3 1078 477
270 4 1065 519
280 2 1027 463
280 3 1068 478
280 4 1054 520
290 2 1015 464
290 3 1059 478
290 4 1044 520
300 2 1003 465
300 3 1049 478
300 4 1034 521
310 2 993 464
310 3 1040 478
310 4 1024 521
320 2 983 464
320 3 1030 479
320 4 1014 521
330 2 973 464
330 3 1022 480
330 4 1005 521
340 2 964 463
340 3 1011 480
340 4 995 521
350 2 954 463
350 3 1000 481
350 4 986 521
360 2 944 463
360 3 989 482
360 4 976 521
370 2 934 463
370 3 978 483
370 4 966 521
380 2 925 462
380 3 968 484
380 4 956 521
390 2 915 462
390 3 959 485
390 4 945 521
400 2 905 462
400 3 951 485
400 4 934 521
410 2 895 462
410 3 944 485
410 4 923 521
420 2 883 462
420 3 936 485
420 4 911 521
430 2 870 463
430 3 928 485
430 4 900 521
440 2 857 463
440 3 920 485
440 4 889 521
450 2 845 464
450 3 912 485
450 4 877 523
460 2 832 465
460 3 902 486
460 4 866 524
470 2 819 466
470 3 890 487
470 4 854 526
480 2 807 466
480 3 877 488
480 4 842 527
490 2 794 467
490 3 865 489
490 4 830 528
500 2 782 468
500 3 853 490
500 4 818 530
510 2 769 469
510 3 840 491
510 4 807 531
520 2 756 470
520 3 828 491
520 4 795 533
530 2 743 470
530 3 815 492
530 4 782 534
540 2 732 471
540 3 803 493
540 4 770 535
550 2 722 473
550 3 790 494
550 4 757 536
560 2 712 475
560 3 780 496
560 4 744 537
570 2 702 476
570 3 772 497
570 4 732 538
580 2 692 478
580 3 763 499
580 4 719 539
590 2 681 480
590 3 754 501
590 4 708 540
600 2 671 482
600 3 746 503
600 4 699 540
610 2 661 483
610 3 737 505
610 4 690 541
620 2 651 485
620 3 728 507
620 4 681 541
630 2 641 487
630 3 720 509
630 4 672 541
640 2 631 488
640 3 713 510
640 4 663 541
650 2 619 490
650 3 708 512
650 4 654 542
660 2 608 491
660 3 703 513
660 4 645 544
670 2 597 493
670 3 698 515
670 4 635 546
680 2 587 494
680 3 692 517
680 4 626 548
690 2 575 496
690 3 687 518
690 4 617 549
700 2 564 497
700 3 682 520
700 4 607 552
710 2 553 499
710 3 674 521
710 4 595 554
720 2 543 500
720 3 663 523
720 4 584 557
730 2 532 502
730 3 652 524
730 4 573 560
740 2 520 503
740 3 641 526
740 4 561 563
750 2 509 505
750 3 630 528
750 4 550 565
760 2 499 506
760 3 620 530
760 4 537 563
770 2 495 507
770 3 609 532
770 4 523 561
780 2 495 507
780 3 598 533
780 4 510 558
790 2 495 507
790 3 587 535
790 4 497 555
800 2 494 508
800 3 574 537
800 4 483 553
810 2 494 508
810 3 560 539
810 4 472 552
820 2 494 508
820 3 546 542
820 4 462 552
830 2 493 508
830 3 531 544
830 4 452 552
840 2 493 509
840 3 517 546
840 4 443 551
850 2 493 509
850 3 503 549
850 4 434 551
860 2 492 509
860 3 489 551
860 4 425 550
870 2 492 510
870 3 473 553
870 4 416 550
880 2 492 510
880 3 457 555
880 4 409 549
890 2 492 510
890 3 442 557
890 4 408 545
900 2 491 511
900 3 426 559
900 4 406 540
910 2 491 511
910 3 410 560
910 4 405 536
920 2 491 511
920 3 394 562
920 4 404 533
930 2 490 511
930 3 384 563
930 4 404 533
940 2 490 512
940 3 375 563
940 4 404 534
950 2 490 512
950 3 366 563
950 4 404 534
960 2 489 512
960 3 357 563
960 4 404 535
970 2 489 513
970 3 347 563
970 4 404 535
980 2 489 513
980 3 346 564
980 4 404 536
990 2 488 513
990 3 346 564
990 4 404 537
1000 2 488 514
1000 3 346 564
1000 4 404 537
1010 2 488 514
1010 3 346 564
1010 4 404 538
1020 2 487 514
1020 3 346 564
1020 4 404 538
1030 2 487 514
1030 3 346 564
1030 4 404 539
1040 2 487 515
1040 3 346 564
1040 4 404 539
1050 2 487 515
1050 3 346 564
1050 4 404 540
1060 2 497 515
1060 3 346 564
1060 4 404 540
1070 2 494 514
1070 3 346 564
1070 4 404 541
1080 2 494 514
1080 3 346 564
1080 4 403 541
1090 2 495 515
1090 3 346 564
1090 4 403 541
1100 2 495 515
1100 3 346 564
1100 4 403 541
1110 2 487 512
1110 3 346 564
1110 4 403 541
1120 2 493 517
1120 3 346 564
1120 4 403 541
1130 2 493 517
1130 3 346 564
1130 4 403 541
1140 2 493 516
1140 3 346 564
1140 4 403 541
1150 2 493 516
1150 3 346 564
1150 4 403 541
1160 2 493 516
1160 3 346 564
1160 4 403 541
1170 2 494 515
1170 3 346 564
1170 4 403 541
1180 2 494 515
1180 3 346 564
1180 4 403 541
1190 2 493 516
1190 3 346 564
1190 4 403 541
1200 2 493 516
1200 3 346 564
1200 4 403 541
1210 2 493 516
1210 3 346 564
1210 4 402 541
1220 2 493 516
1220 3 346 564
1220 4 402 541
1230 2 493 516
1230 3 346 564
1230 4 402 541
1240 2 493 516
1240 3 346 564
1240 4 402 541
1250 2 493 516
1250 3 346 564
1250 4 402 541
1260 2 493 516
1260 3 346 564
1260 4 402 541
1270 2 493 516
1270 3 346 564
1270 4 402 541
1280 2 493 516
1280 3 346 564
1280 4 402 540
1290 2 493 516
1290 3 346 564
1290 4 402 540
1300 2 493 516
1300 3 346 564
1300 4 402 540
1310 2 497 518
1310 3 346 564
1310 4 402 540
1320 2 493 516
1320 3 346 564
1320 4 402 540
1330 2 493 516
1330 3 346 564
1330 4 402 540
1340 2 493 516
1340 3 345 564
1340 4 401 540
1350 2 490 526
1350 3 345 564
1350 4 401 540
1360 2 487 526
1360 3 345 564
1360 4 401 540
1370 2 481 527
1370 3 345 564
1370 4 401 540
1380 2 483 530
1380 3 345 564
1380 4 401 540
1390 2 483 533
1390 3 345 564
1390 4 401 540
1400 2 484 532
1400 3 345 564
1400 4 401 540
1410 2 481 531
1410 3 345 564
1410 4 401 540
1420 2 481 531
1420 3 345 564
1420 4 401 540
1430 2 481 531
1430 3 345 564
1430 4 401 540
1440 2 474 526
1440 3 345 564
1440 4 401 540
1450 2 473 527
1450 3 345 564
1450 4 401 540
1460 2 473 527
1460 3 345 564
1460 4 401 540
1470 2 472 527
1470 3 345 564
1470 4 400 539
1480 2 472 528
1480 3 345 564
1480 4 400 539
1490 2 471 528
1490 3 345 564
1490 4 400 539
1500 2 471 528
1500 3 345 564
1500 4 400 539
1510 2 471 528
1510 3 345 564
1510 4 400 539
1520 2 470 529
1520 3 345 564
1520 4 400 539
1530 2 470 529
1530 3 345 564
1530 4 400 539
1540 2 469 529
1540 3 345 564
1540 4 400 539
1550 2 469 530
1550 3 345 564
1550 4 400 539
1560 2 468 530
1560 3 345 564
1560 4 400 539
1570 2 468 530
1570 3 345 564
1570 4 400 539
1580 2 467 531
1580 3 345 564
1580 4 400 539
1590 2 467 531
1590 3 345 564
1590 4 400 539
1600 2 467 531
1600 3 345 564
1600 4 400 539
1610 2 466 531
1610 3 345 564
1610 4 399 539
1620 2 466 532
1620 3 345 564
1620 4 399 539
1630 2 465 532
1630 3 345 564
1630 4 399 539
1640 2 465 532
1640 3 345 564
1640 4 399 539
1650 2 464 533
1650 3 345 564
1650 4 399 539
1660 2 464 533
1660 3 345 564
1660 4 399 539
1670 2 464 533
1670 3 345 564
1670 4 399 538
1680 2 463 533
1680 3 345 564
1680 4 399 538
1690 2 463 534
1690 3 345 564
1690 4 399 538
1700 2 462 534
1700 3 344 565
1700 4 399 538
1710 2 462 534
1710 3 344 565
1710 4 399 538
1720 2 461 535
1720 3 344 565
1720 4 399 538
1730 2 461 535
1730 3 344 565
1730 4 399 538
1740 2 461 535
1740 3 344 565
1740 4 398 538
1750 2 460 535
1750 3 344 565
1750 4 398 538
1760 2 477 531
1760 3 344 565
1760 4 398 538
1770 2 477 531
1770 3 344 565
1770 4 398 538
1780 2 477 531
1780 3 344 565
1780 4 398 538
1790 2 477 531
1790 3 344 565
1790 4 398 538
1800 2 472 538
1800 3 344 565
1800 4 398 538
1810 2 472 538
1810 3 344 565
1810 4 398 538
1820 2 467 537
1820 3 344 565
1820 4 398 538
1830 2 457 538
1830 3 344 565
1830 4 398 538
1840 2 456 538
1840 3 344 565
1840 4 398 538
1850 2 456 538
1850 3 344 565
1850 4 398 538
1860 2 455 538
1860 3 344 565
1860 4 398 538
1870 2 455 538
1870 3 344 565
1870 4 398 538
1880 2 455 538
1880 3 344 565
1880 4 398 538
1890 2 455 538
1890 3 344 565
1890 4 398 538
1900 2 455 538
1900 3 344 565
1900 4 398 538
1910 2 455 538
1910 3 344 565
1910 4 399 538
1920 2 455 538
1920 3 344 565
1920 4 399 538
1930 2 455 538
1930 3 344 565
1930 4 399 538
1940 2 455 538
1940 3 344 565
1940 4 400 538
1950 2 454 537
1950 3 344 565
1950 4 400 538
1960 2 454 537
1960 3 344 565
1960 4 400 538
1970 2 454 537
1970 3 344 565
1970 4 400 538
1980 2 454 537
1980 3 344 565
1980 4 401 538
1990 2 454 537
1990 3 344 565
1990 4 401 538
2000 2 454 537
2000 3 344 565
2000 4 401 538
2010 2 454 537
2010 3 344 565
2010 4 401 538
2020 2 454 537
2020 3 344 565
2020 4 402 538
2030 2 454 537
2030 3 344 565
2030 4 402 538
2040 2 454 537
2040 3 344 565
2040 4 402 538
2050 2 454 537
2050 3 344 565
2050 4 402 538
2060 2 454 538
2060 3 343 565
2060 4 403 538
2070 2 454 538
2070 3 343 565
2070 4 403 538
2080 2 454 538
2080 3 343 565
2080 4 403 538
2090 2 454 539
2090 3 343 565
2090 4 403 538
2100 2 454 539
2100 3 343 565
2100 4 404 538
2110 2 454 539
2110 3 343 565
2110 4 404 538
2120 2 455 538
2120 3 343 565
2120 4 404 538
2130 2 456 537
2130 3 343 565
2130 4 404 538
2140 2 457 536
2140 3 343 565
2140 4 405 538
2150 2 458 534
2150 3 343 565
2150 4 405 538
2160 2 459 533
2160 3 343 565
2160 4 405 538
2170 2 460 532
2170 3 343 565
2170 4 405 538
2180 2 461 531
2180 3 343 565
2180 4 406 538
2190 2 463 527
2190 3 343 565
2190 4 406 538
2200 2 465 521
2200 3 343 565
2200 4 406 538
2210 2 468 515
2210 3 343 565
2210 4 406 538
2220 2 470 509
2220 3 343 565
2220 4 407 538
2230 2 473 503
2230 3 343 565
2230 4 407 538
2240 2 475 497
2240 3 343 565
2240 4 407 538
2250 2 477 491
2250 3 343 565
2250 4 407 538
2260 2 475 487
2260 3 343 565
2260 4 408 538
2270 2 473 482
2270 3 343 565
2270 4 408 538
2280 2 471 478
2280 3 343 565
2280 4 408 538
2290 2 468 474
2290 3 343 565
2290 4 408 538
2300 2 466 470
2300 3 343 565
2300 4 409 538
2310 2 465 466
2310 3 343 565
2310 4 409 538
2320 2 465 464
2320 3 343 565
2320 4 409 538
2330 2 466 462
2330 3 343 565
2330 4 409 538
2340 2 470 469
2340 3 343 565
2340 4 410 538
2350 2 471 470
2350 3 343 565
2350 4 410 538
2360 2 464 465
2360 3 343 565
2360 4 410 538
2370 2 464 465
2370 3 343 565
2370 4 410 538
2380 2 463 466
2380 3 343 565
2380 4 411 538
2390 2 463 467
2390 3 343 565
2390 4 411 538
2400 2 462 468
2400 3 343 565
2400 4 411 538
2400 7 1488 14
2400 8 1463 15
2410 2 462 469
2410 3 343 565
2410 4 411 538
2410 7 1490 15
2410 8 1463 16
2420 2 461 470
2420 3 342 566
2420 4 412 538
2420 7 1492 16
2420 8 1463 17
2430 2 461 471
2430 3 342 566
2430 4 412 538
2430 7 1494 17
2430 8 1463 18
2440 2 460 472
2440 3 342 566
2440 4 412 538
2440 7 1496 19
2440 8 1462 19
2450 2 460 472
2450 3 342 566
2450 4 413 538
2450 7 1494 19
2450 8 1460 20
2460 2 459 473
2460 3 342 566
2460 4 413 538
2460 7 1492 20
2460 8 1459 21
2470 2 459 474
2470 3 342 566
2470 4 413 538
2470 7 1489 21
2470 8 1458 22
2480 2 458 475
2480 3 342 566
2480 4 413 538
2480 7 1487 22
2480 8 1456 23
2490 2 458 476
2490 3 342 566
2490 4 415 539
2490 7 1485 23
2490 8 1454 24
2500 2 474 472
2500 3 342 566
2500 4 426 539
2500 7 1483 24
2500 8 1453 25
2510 2 457 478
2510 3 342 566
2510 4 438 539
2510 7 1481 25
2510 8 1451 26
2520 2 456 478
2520 3 342 566
2520 4 449 539
2520 7 1479 26
2520 8 1450 27
2530 2 455 479
2530 3 342 566
2530 4 461 539
2530 7 1477 27
2530 8 1448 28
2540 2 455 480
2540 3 342 566
2540 4 472 539
2540 7 1475 28
2540 8 1446 29
2550 2 454 481
2550 3 342 566
2550 4 483 540
2550 6 893 589
2550 7 1472 29
2550 8 1445 30
2560 2 454 482
2560 3 342 566
2560 4 492 541
2560 6 903 585
2560 7 1470 30
2560 8 1444 31
2570 2 452 483
2570 3 342 566
2570 4 501 543
2570 6 919 586
2570 7 1468 31
2570 8 1442 32
2580 2 447 486
2580 3 342 566
2580 4 510 545
2580 6 933 599
2580 7 1466 31
2580 8 1440 33
2590 2 441 488
2590 3 342 566
2590 4 520 546
2590 6 939 605
2590 7 1464 32
2590 8 1439 34
2600 2 436 491
2600 3 342 566
2600 4 530 548
2600 6 938 606
2600 7 1462 33
2600 8 1437 35
2610 2 431 493
2610 3 342 566
2610 4 539 549
2610 6 934 607
2610 7 1460 34
2610 8 1436 36
2620 2 424 497
2620 3 342 566
2620 4 549 549
2620 6 929 609
2620 7 1458 35
2620 8 1435 37
2630 2 416 502
2630 3 342 566
2630 4 558 550
2630 6 924 610
2630 7 1455 36
2630 8 1435 37
2640 2 408 506
2640 3 342 566
2640 4 568 551
2640 6 923 612
2640 7 1454 38
2640 8 1433 37
2650 2 401 511
2650 3 342 566
2650 4 578 551
2650 6 923 613
2650 7 1452 40
2650 8 1430 37
2660 2 393 515
2660 3 342 566
2660 4 588 550
2660 6 923 615
2660 7 1450 41
2660 8 1428 37
2670 2 386 519
2670 3 342 566
2670 4 600 548
2670 6 924 616
2670 7 1448 43
2670 8 1425 38
2680 2 379 524
2680 3 342 566
2680 4 613 546
2680 6 926 616
2680 7 1447 45
2680 8 1423 39
2690 2 371 528
2690 3 342 566
2690 4 625 544
2690 6 928 617
2690 7 1445 47
2690 8 1421 39
2700 2 364 532
2700 3 342 566
2700 4 637 542
2700 6 929 617
2700 7 1443 49
2700 8 1418 40
2710 2 354 536
2710 3 342 566
2710 4 648 540
2710 6 933 610
2710 7 1441 50
2710 8 1416 40
2720 2 341 538
2720 3 342 566
2720 4 655 540
2720 6 937 603
2720 7 1439 52
2720 8 1413 42
2730 2 328 541
2730 3 342 566
2730 4 662 539
2730 6 943 598
2730 7 1436 54
2730 8 1410 44
2740 2 318 543
2740 3 342 566
2740 4 670 539
2740 6 949 592
2740 7 1434 56
2740 8 1408 46
2750 2 319 543
2750 3 342 566
2750 4 679 537
2750 6 956 586
2750 7 1432 58
2750 8 1405 48
2760 2 319 543
2760 3 342 566
2760 4 689 534
2760 6 963 581
2760 7 1429 60
2760 8 1402 50
2770 2 301 556
2770 3 342 566
2770 4 700 532
2770 6 972 574
2770 7 1427 62
2770 8 1399 52
2780 2 301 556
2780 3 341 566
2780 4 710 529
2780 6 982 568
2780 7 1425 64
2780 8 1397 54
2790 2 301 556
2790 3 341 566
2790 4 720 526
2790 6 992 561
2790 7 1422 66
2790 8 1395 56
2800 2 301 553
2800 3 341 566
2800 4 731 524
2800 6 1002 555
2800 7 1420 67
2800 8 1393 59
2810 2 301 553
2810 3 341 566
2810 4 734 522
2810 6 1012 549
2810 7 1418 69
2810 8 1391 61
2820 2 325 544
2820 3 341 566
2820 4 732 521
2820 6 1025 547
2820 7 1415 72
2820 8 1388 63
2830 2 326 544
2830 3 341 566
2830 4 730 520
2830 6 1041 547
2830 7 1413 74
2830 8 1386 65
2840 2 326 544
2840 3 341 566
2840 4 729 519
2840 6 1057 547
2840 7 1410 76
2840 8 1384 67
2850 2 327 544
2850 3 341 566
2850 4 727 518
2850 6 1072 547
2850 7 1408 79
2850 8 1382 70
2860 2 328 544
2860 3 341 566
2860 4 725 517
2860 6 1082 549
2860 7 1405 81
2860 8 1379 71
2870 2 329 545
2870 3 341 566
2870 4 720 519
2870 6 1087 554
2870 7 1403 83
2870 8 1377 74
2880 2 330 545
2880 3 341 566
2880 4 711 525
2880 6 1092 558
2880 7 1400 86
2880 8 1374 75
2890 2 331 545
2890 3 341 566
2890 4 703 530
2890 6 1098 562
2890 7 1398 88
2890 8 1371 77
2900 2 332 545
2900 3 341 566
2900 4 695 535
2900 6 1097 566
2900 7 1395 90
2900 8 1368 79
2910 2 333 545
2910 3 341 566
2910 4 686 540
2910 6 1088 569
2910 7 1392 93
2910 8 1365 81
2920 2 333 545
2920 3 341 566
2920 4 672 544
2920 6 1080 572
2920 7 1389 95
2920 8 1362 84
2930 2 334 545
2930 3 341 566
2930 4 657 547
2930 6 1071 575
2930 7 1385 97
2930 8 1359 86
2940 2 335 546
2940 3 341 566
2940 4 643 550
2940 6 1064 577
2940 7 1382 99
2940 8 1355 88
2950 2 336 546
2950 3 341 566
2950 4 629 553
2950 6 1065 575
2950 7 1379 102
2950 8 1352 91
2960 2 337 546
2960 3 341 566
2960 4 615 555
2960 6 1066 572
2960 7 1376 104
2960 8 1348 94
2970 2 338 546
2970 3 341 566
2970 4 599 557
2970 6 1067 570
2970 7 1373 106
2970 8 1345 97
2980 2 339 546
2980 3 341 566
2980 4 583 559
2980 6 1068 567
2980 7 1370 109
2980 8 1342 100
2990 2 339 546
2990 3 341 566
2990 4 568 560
2990 6 1071 565
2990 7 1368 111
2990 8 1339 102
3000 2 340 546
3000 3 341 566
3000 4 551 561
3000 6 1077 565
3000 7 1366 113
3000 8 1336 105
3010 2 341 547
3010 3 341 566
3010 4 534 560
3010 6 1084 564
3010 7 1363 115
3010 8 1333 108
3020 2 342 547
3020 3 341 566
3020 4 517 560
3020 6 1090 562
3020 7 1361 116
3020 8 1329 110
3030 2 343 547
3030 3 341 566
3030 4 500 559
3030 6 1096 559
3030 7 1359 118
3030 8 1326 113
3040 2 344 547
3040 3 341 566
3040 4 483 558
3040 6 1102 556
3040 7 1356 121
3040 8 1322 116
3050 2 335 555
3050 3 341 566
3050 4 470 556
3050 6 1103 556
3050 7 1353 123
3050 8 1318 119
3060 2 335 555
3060 3 341 566
3060 4 460 554
3060 6 1104 557
3060 7 1349 126
3060 8 1315 121
3070 2 335 555
3070 3 341 566
3070 4 449 551
3070 6 1105 557
3070 7 1345 129
3070 8 1311 124
3080 2 336 556
3080 3 341 566
3080 4 439 548
3080 6 1106 558
3080 7 1340 132
3080 8 1307 127
3090 2 336 556
3090 3 341 566
3090 4 431 546
3090 6 1107 558
3090 7 1336 135
3090 8 1304 130
3100 2 334 552
3100 3 341 566
3100 4 425 546
3100 6 1107 558
3100 7 1332 138
3100 8 1300 132
3110 2 334 552
3110 3 341 566
3110 4 420 545
3110 6 1108 558
3110 7 1328 141
3110 8 1296 135
3120 2 332 552
3120 3 341 566
3120 4 414 545
3120 6 1108 558
3120 7 1324 143
3120 8 1293 138
3130 2 332 553
3130 3 341 566
3130 4 408 545
3130 6 1109 558
3130 7 1319 147
3130 8 1289 141
3140 2 332 553
3140 3 342 567
3140 4 402 545
3140 6 1109 557
3140 7 1315 150
3140 8 1285 143
3150 2 332 553
3150 3 344 567
3150 4 396 545
3150 6 1110 557
3150 7 1311 153
3150 8 1282 146
3160 2 332 553
3160 3 346 567
3160 4 399 545
3160 6 1110 557
3160 7 1307 156
3160 8 1277 151
3170 2 332 553
3170 3 348 567
3170 4 404 545
3170 6 1110 557
3170 7 1303 159
3170 8 1273 155
3180 2 332 553
3180 3 350 567
3180 4 410 545
3180 6 1111 557
3180 7 1298 163
3180 8 1269 159
3190 2 332 553
3190 3 352 567
3190 4 416 545
3190 6 1111 557
3190 7 1294 166
3190 8 1264 163
3200 2 329 554
3200 3 354 567
3200 4 400 539
3200 6 1111 557
3200 7 1290 169
3200 8 1260 167
3210 2 329 554
3210 3 356 567
3210 4 400 539
3210 6 1110 557
3210 7 1286 172
3210 8 1256 172
3220 2 329 554
3220 3 358 567
3220 4 398 529
3220 6 1109 557
3220 7 1281 175
3220 8 1251 174
3230 2 337 552
3230 3 361 567
3230 4 401 525
3230 6 1108 558
3230 7 1277 178
3230 8 1247 176
3240 2 339 552
3240 3 374 570
3240 4 400 527
3240 6 1107 558
3240 7 1273 181
3240 8 1242 178
3250 2 346 555
3250 3 387 573
3250 4 399 533
3250 6 1106 558
3250 7 1269 183
3250 8 1237 180
3260 2 363 550
3260 3 400 576
3260 4 407 533
3260 6 1105 559
3260 7 1265 187
3260 8 1232 182
3270 2 372 552
3270 3 413 579
3270 4 411 529
3270 6 1104 559
3270 7 1261 189
3270 8 1227 184
3280 2 390 554
3280 3 427 582
3280 4 427 538
3280 6 1103 559
3280 7 1257 192
3280 8 1221 187
3290 2 408 556
3290 3 440 584
3290 4 430 538
3290 6 1102 560
3290 7 1252 196
3290 8 1216 189
3300 2 427 558
3300 3 454 586
3300 4 454 540
3300 6 1101 560
3300 7 1247 199
3300 8 1211 192
3310 2 445 560
3310 3 468 588
3310 4 486 542
3310 6 1100 560
3310 7 1242 203
3310 8 1207 195
3320 2 462 563
3320 3 482 590
3320 4 491 542
3320 6 1099 561
3320 7 1238 206
3320 8 1203 197
3330 2 479 566
3330 3 492 595
3330 4 500 541
3330 6 1099 561
3330 7 1233 210
3330 8 1199 200
3340 2 523 572
3340 3 501 601
3340 4 516 538
3340 6 1098 561
3340 7 1228 214
3340 8 1195 203
3350 2 517 574
3350 3 511 607
3350 4 532 536
3350 6 1090 562
3350 7 1223 217
3350 8 1191 206
3360 2 533 580
3360 3 520 613
3360 4 564 529
3360 6 1081 563
3360 7 1218 221
3360 8 1186 209
3370 2 542 589
3370 3 526 621
3370 4 577 526
3370 6 1073 564
3370 7 1214 225
3370 8 1181 212
3380 2 550 597
3380 3 532 629
3380 4 579 529
3380 6 1064 564
3380 7 1209 227
3380 8 1176 215
3390 2 559 606
3390 3 538 637
3390 4 594 526
3390 6 1053 569
3390 7 1204 230
3390 8 1171 219
3400 2 564 616
3400 3 543 646
3400 4 607 522
3400 6 1040 574
3400 7 1199 233
3400 8 1167 222
3410 2 569 626
3410 3 549 654
3410 4 620 517
3410 6 1028 578
3410 7 1195 236
3410 8 1162 225
3410 9 1904 123
3420 2 574 637
3420 3 554 662
3420 4 633 512
3420 6 1016 583
3420 7 1190 238
3420 8 1157 228
3420 9 1891 123
3430 2 579 647
3430 3 558 668
3430 4 646 508
3430 6 999 590
3430 7 1185 241
3430 8 1152 232
3430 9 1868 123
3440 2 584 657
3440 3 561 675
3440 4 660 503
3440 6 980 597
3440 7 1180 244
3440 8 1147 235
3440 9 1846 123
3450 2 592 666
3450 3 566 681
3450 4 670 499
3450 6 961 604
3450 7 1176 247
3450 8 1142 239
3450 9 1824 123
3460 2 602 673
3460 3 569 688
3460 4 673 497
3460 6 942 612
3460 7 1171 250
3460 8 1137 243
3460 9 1806 125
3470 2 611 681
3470 3 574 694
3470 4 677 496
3470 6 930 613
3470 7 1166 253
3470 8 1132 246
3470 9 1787 128
3480 2 620 688
3480 3 582 702
3480 4 681 494
3480 6 918 613
3480 7 1161 257
3480 8 1127 250
3480 9 1769 131
3490 2 630 697
3490 3 592 711
3490 4 685 492
3490 6 906 614
3490 7 1156 260
3490 8 1122 253
3490 9 1753 135
3500 2 641 707
3500 3 602 720
3500 4 688 490
3500 6 896 615
3500 7 1151 264
3500 8 1117 257
3500 9 1743 140
3510 2 651 716
3510 3 613 729
3510 4 692 487
3510 6 893 620
3510 7 1146 268
3510 8 1112 261
3510 9 1733 146
3520 2 662 725
3520 3 624 737
3520 4 696 484
3520 6 889 624
3520 7 1140 272
3520 8 1107 264
3520 9 1723 151
3530 2 672 734
3530 3 635 747
3530 4 700 481
3530 6 886 628
3530 7 1135 276
3530 8 1102 268
3530 9 1713 157
3540 2 682 742
3540 3 645 756
3540 4 704 478
3540 6 890 625
3540 7 1130 280
3540 8 1097 272
3540 9 1703 162
3550 2 691 750
3550 3 654 764
3550 4 708 475
3550 6 893 622
3550 7 1124 284
3550 8 1091 276
3550 9 1693 168
3560 2 700 757
3560 3 663 773
3560 4 712 472
3560 6 897 618
3560 7 1118 288
3560 8 1086 279
3560 9 1683 175
3570 2 709 765
3570 3 671 782
3570 4 716 469
3570 6 900 616
3570 7 1112 293
3570 8 1081 283
3570 9 1672 181
3580 2 719 773
3580 3 680 791
3580 4 724 464
3580 6 898 616
3580 7 1106 297
3580 8 1076 287
3580 9 1662 189
3590 2 728 781
3590 3 689 799
3590 4 732 459
3590 6 895 616
3590 7 1099 301
3590 8 1071 291
3590 9 1651 195
3600 2 737 789
3600 3 694 808
3600 4 740 454
3600 6 893 618
3600 7 1093 306
3600 8 1065 295
3600 9 1641 202
3610 2 746 797
3610 3 700 817
3610 4 748 449
3610 6 897 617
3610 7 1087 310
3610 8 1060 299
3610 9 1628 209
3620 2 753 805
3620 3 706 826
3620 4 756 444
3620 6 901 616
3620 7 1081 314
3620 8 1054 303
3620 9 1616 216
3630 2 758 813
3630 3 712 835
3630 4 764 439
3630 6 905 616
3630 7 1076 318
3630 8 1048 308
3630 9 1604 222
3640 2 763 822
3640 3 717 843
3640 4 772 435
3640 6 894 611
3640 7 1070 322
3640 8 1041 312
3640 9 1591 230
3650 2 767 831
3650 3 720 851
3650 4 779 430
3650 6 913 614
3650 7 1063 326
3650 8 1035 317
3650 9 1576 237
3660 2 772 839
3660 3 724 857
3660 4 786 426
3660 6 917 614
3660 7 1057 331
3660 8 1028 321
3660 9 1561 245
3670 2 777 848
3670 3 728 865
3670 4 792 422
3670 6 931 608
3670 7 1050 335
3670 8 1021 325
3670 9 1545 253
3680 2 782 854
3680 3 732 872
3680 4 799 418
3680 6 945 604
3680 7 1042 340
3680 8 1015 330
3680 9 1530 261
3690 2 787 859
3690 3 735 879
3690 4 806 413
3690 6 960 599
3690 7 1035 345
3690 8 1008 335
3690 9 1515 269
3700 2 792 864
3700 3 735 883
3700 4 813 410
3700 6 974 595
3700 7 1027 350
3700 8 1002 339
3700 9 1500 277
3710 2 798 869
3710 3 733 885
3710 4 819 407
3710 6 989 590
3710 7 1019 355
3710 8 996 342
3710 9 1485 284
3720 2 800 874
3720 3 730 888
3720 4 825 404
3720 6 1003 586
3720 7 1012 360
3720 8 990 346
3720 9 1470 293
3730 2 801 878
3730 3 728 890
3730 4 832 401
3730 6 1015 582
3730 7 1004 365
3730 8 984 350
3730 9 1456 302
3740 2 802 882
3740 3 726 892
3740 4 838 398
3740 6 1020 582
3740 7 996 370
3740 8 977 353
3740 9 1441 312
3750 2 804 887
3750 3 725 893
3750 4 846 396
3750 6 1024 582
3750 7 989 375
3750 8 971 357
3750 9 1425 321
3760 2 803 887
3760 3 725 893
3760 4 856 396
3760 6 1028 582
3760 7 983 379
3760 8 965 361
3760 9 1409 331
3770 2 803 887
3770 3 725 893
3770 4 866 396
3770 6 1033 582
3770 7 976 383
3770 8 959 364
3770 9 1392 341
3780 2 803 887
3780 3 725 893
3780 4 876 397
3780 6 1039 579
3780 7 968 387
3780 8 954 367
3780 9 1374 352
3790 2 803 887
3790 3 725 893
3790 4 886 397
3790 6 1045 576
3790 7 961 391
3790 8 950 369
3790 9 1357 362
3800 2 803 887
3800 3 725 893
3800 4 897 397
3800 6 1052 573
3800 7 956 396
3800 8 945 372
3800 9 1339 373
3810 2 803 887
3810 3 725 893
3810 4 895 397
3810 6 1058 571
3810 7 952 400
3810 8 940 375
3810 9 1322 383
3820 2 803 887
3820 3 725 892
3820 4 894 397
3820 6 1061 568
3820 7 947 405
3820 8 936 377
3820 9 1301 393
3830 2 803 887
3830 3 725 892
3830 4 892 397
3830 6 1061 564
3830 7 943 410
3830 8 931 380
3830 9 1278 403
3840 2 802 887
3840 3 725 892
3840 4 891 397
3840 6 1061 560
3840 7 939 414
3840 8 928 382
3840 9 1254 413
3850 2 802 887
3850 3 725 892
3850 4 887 399
3850 6 1061 557
3850 7 934 419
3850 8 925 384
3850 9 1230 423
3860 2 802 887
3860 3 725 892
3860 4 881 402
3860 6 1061 554
3860 7 927 420
3860 8 922 386
3860 9 1205 434
3870 2 802 887
3870 3 725 892
3870 4 876 406
3870 6 1061 551
3870 7 920 422
3870 8 919 388
3870 9 1178 445
3880 2 802 888
3880 3 725 892
3880 4 870 409
3880 6 1061 551
3880 7 913 424
3880 8 914 390
3880 9 1151 452
3890 2 802 888
3890 3 725 891
3890 4 864 413
3890 6 1061 551
3890 7 905 426
3890 8 906 392
3890 9 1124 458
3900 2 802 888
3900 3 725 891
3900 4 858 416
3900 6 1061 551
3900 7 898 427
3900 8 898 395
3900 9 1097 465
3910 2 802 888
3910 3 725 891
3910 4 851 419
3910 6 1060 551
3910 7 891 429
3910 8 891 398
3910 9 1071 476
3920 2 801 888
3920 3 725 891
3920 4 844 423
3920 6 1060 551
3920 7 885 432
3920 8 884 402
3920 9 1046 487
3930 2 801 888
3930 3 725 891
3930 4 837 426
3930 6 1060 551
3930 7 878 437
3930 8 878 406
3930 9 1021 498
3940 2 801 888
3940 3 725 891
3940 4 829 429
3940 6 1059 551
3940 7 872 441
3940 8 872 410
3940 9 1006 507
3950 2 801 888
3950 3 725 891
3950 4 822 432
3950 6 1059 551
3950 7 865 445
3950 8 866 414
3950 9 994 515
3960 2 801 888
3960 3 725 890
3960 4 816 436
3960 6 1059 551
3960 7 859 450
3960 8 861 418
3960 9 982 523
3970 2 801 888
3970 3 725 890
3970 4 810 440
3970 6 1059 551
3970 7 852 454
3970 8 854 422
3970 9 975 527
3980 2 801 888
3980 3 725 890
3980 4 804 443
3980 6 1058 551
3980 7 847 459
3980 8 849 426
3980 9 974 528
3990 2 801 888
3990 3 725 890
3990 4 798 447
3990 6 1058 551
3990 7 841 463
3990 8 844 430
3990 9 973 529
4000 2 800 889
4000 3 725 890
4000 4 792 451
4000 6 1058 551
4000 7 836 467
4000 8 838 434
4000 9 972 530
4010 2 800 889
4010 3 725 890
4010 4 786 455
4010 6 1058 551
4010 7 830 471
4010 8 833 438
4010 9 971 531
4020 2 800 889
4020 3 725 889
4020 4 780 460
4020 6 1057 550
4020 7 824 475
4020 8 828 442
4020 9 971 532
4030 2 800 889
4030 3 725 889
4030 4 775 465
4030 6 1057 550
4030 7 819 480
4030 8 823 446
4030 9 970 531
4040 2 800 889
4040 3 725 889
4040 4 770 470
4040 6 1057 550
4040 7 812 484
4040 8 817 450
4040 9 970 531
4050 2 800 889
4050 3 725 889
4050 4 765 476
4050 6 1056 550
4050 7 805 488
4050 8 812 454
4050 9 970 531
4060 2 800 889
4060 3 725 889
4060 4 760 481
4060 6 1056 550
4060 7 797 492
4060 8 803 460
4060 9 971 531
4070 2 800 889
4070 3 725 889
4070 4 755 486
4070 6 1056 550
4070 7 790 496
4070 8 794 466
4070 9 975 534
4080 2 799 889
4080 3 725 889
4080 4 748 492
4080 6 1056 550
4080 7 783 500
4080 8 785 473
4080 9 979 536
4090 2 799 889
4090 3 725 888
4090 4 739 497
4090 6 1055 550
4090 7 776 505
4090 8 777 479
4090 9 984 538
4100 2 799 889
4100 3 725 888
4100 4 731 503
4100 6 1055 550
4100 7 768 511
4100 8 768 485
4100 9 986 539
4110 2 799 889
4110 3 725 888
4110 4 722 508
4110 6 1055 550
4110 7 761 518
4110 8 759 491
4110 9 987 537
4120 2 799 889
4120 3 725 888
4120 4 714 513
4120 6 1055 550
4120 7 753 524
4120 8 751 496
4120 9 987 534
4130 2 799 890
4130 3 725 888
4130 4 705 518
4130 6 1054 550
4130 7 745 531
4130 8 742 502
4130 9 988 532
4140 2 799 890
4140 3 725 888
4140 4 697 524
4140 6 1054 550
4140 7 737 537
4140 8 734 508
4140 9 989 530
4150 2 799 890
4150 3 725 888
4150 4 688 531
4150 6 1054 550
4150 7 730 544
4150 8 726 513
4150 9 992 528
4160 2 799 890
4160 3 725 887
4160 4 680 537
4160 6 1048 549
4160 7 721 550
4160 8 716 519
4160 9 994 526
4170 2 798 890
4170 3 725 887
4170 4 673 544
4170 6 1032 548
4170 7 712 557
4170 8 706 525
4170 9 997 524
4180 2 798 890
4180 3 725 887
4180 4 665 550
4180 6 1015 547
4180 7 703 564
4180 8 696 532
4180 9 999 521
4190 2 798 890
4190 3 725 887
4190 4 657 557
4190 6 998 546
4190 7 693 570
4190 8 685 538
4190 9 1002 519
4200 2 798 890
4200 3 725 887
4200 4 647 564
4200 6 989 546
4200 7 684 578
4200 8 675 544
4200 9 1004 518
4210 2 798 890
4210 3 725 887
4210 4 635 570
4210 6 983 546
4210 7 675 584
4210 8 665 550
4210 9 1007 520
4220 2 798 890
4220 3 725 887
4220 4 623 577
4220 6 976 546
4220 7 666 591
4220 8 655 555
4220 9 1010 523
4230 2 798 890
4230 3 725 887
4230 4 612 584
4230 6 975 546
4230 7 657 597
4230 8 645 561
4230 9 1012 525
4240 2 798 890
4240 3 725 887
4240 4 600 590
4240 6 987 546
4240 7 648 604
4240 8 635 567
4240 9 987 513
4250 2 797 891
4250 3 725 887
4250 4 588 597
4250 6 999 546
4250 7 639 610
4250 8 625 572
4250 9 965 502
4260 2 797 891
4260 3 725 887
4260 4 577 604
4260 6 1006 550
4260 7 631 616
4260 8 615 578
4260 9 948 493
4270 2 797 891
4270 3 725 887
4270 4 566 610
4270 6 1005 560
4270 7 622 623
4270 8 605 583
4270 9 945 489
4280 2 797 891
4280 3 725 887
4280 4 556 615
4280 6 1004 570
4280 7 614 628
4280 8 597 589
4280 9 942 484
4290 2 797 891
4290 3 725 887
4290 4 546 621
4290 6 999 580
4290 7 606 634
4290 8 588 594
4290 9 940 480
4300 2 797 891
4300 3 725 887
4300 4 536 626
4300 6 981 587
4300 7 599 639
4300 8 579 600
4300 9 938 476
4310 2 797 891
4310 3 725 887
4310 4 525 632
4310 6 962 594
4310 7 591 645
4310 8 569 607
4310 9 950 469
4320 2 797 891
4320 3 725 887
4320 4 515 637
4320 6 942 602
4320 7 584 650
4320 8 559 614
4320 9 972 462
4330 2 796 891
4330 3 725 887
4330 4 505 643
4330 6 931 606
4330 7 577 656
4330 8 549 621
4330 9 994 454
4340 2 796 891
4340 3 724 887
4340 4 493 649
4340 6 922 608
4340 7 569 661
4340 8 540 626
4340 9 1016 447
4350 2 796 891
4350 3 724 887
4350 4 482 655
4350 6 914 610
4350 7 560 667
4350 8 533 630
4350 9 1040 440
4360 2 796 891
4360 3 724 887
4360 4 471 662
4360 6 913 611
4360 7 548 673
4360 8 525 634
4360 9 1063 433
4370 2 796 892
4370 3 724 887
4370 4 460 668
4370 6 919 610
4370 7 536 680
4370 8 518 638
4370 9 1086 426
4380 2 796 892
4380 3 724 887
4380 4 449 674
4380 6 925 608
4380 7 524 686
4380 8 510 642
4380 9 1108 418
4390 2 796 892
4390 3 724 887
4390 4 438 681
4390 6 926 605
4390 7 511 693
4390 8 500 648
4390 9 1130 410
4400 2 796 892
4400 3 724 887
4400 4 427 687
4400 6 915 599
4400 7 498 700
4400 8 488 655
4400 9 1153 402
4410 2 795 892
4410 3 724 887
4410 4 415 694
4410 6 904 592
4410 7 486 706
4410 8 475 662
4410 9 1173 394
4420 2 806 877
4420 3 724 887
4420 4 404 700
4420 6 895 591
4420 7 477 712
4420 8 462 669
4420 9 1193 386
4430 2 801 874
4430 3 724 887
4430 4 393 706
4430 6 888 595
4430 7 467 717
4430 8 450 676
4430 9 1213 379
4440 2 801 874
4440 3 724 887
4440 4 382 713
4440 6 881 599
4440 7 458 722
4440 8 438 682
4440 9 1233 371
4450 2 801 874
4450 3 724 887
4450 4 371 719
4450 6 877 601
4450 7 449 727
4450 8 426 688
4450 9 1252 363
4460 2 799 879
4460 3 724 887
4460 4 360 726
4460 7 439 733
4460 8 414 694
4460 9 1269 355
4470 2 795 892
4470 3 724 887
4470 4 349 732
4470 7 432 739
4470 8 402 700
4470 9 1287 347
4480 2 795 892
4480 3 724 887
4480 4 337 738
4480 7 426 746
4480 8 395 708
4480 9 1305 339
4490 2 795 892
4490 3 724 887
4490 4 328 744
4490 7 419 753
4490 8 388 717
4490 9 1322 331
4500 2 795 892
4500 3 724 887
4500 4 323 749
4500 7 412 759
4500 8 381 726
4500 9 1339 323
4510 2 795 892
4510 3 723 886
4510 4 319 753
4510 7 405 766
4510 8 374 735
4510 9 1355 315
4520 2 795 892
4520 3 723 886
4520 4 315 758
4520 7 400 772
4520 8 367 744
4520 9 1370 308
4530 2 795 891
4530 3 723 886
4530 4 310 762
4530 7 400 775
4530 8 361 750
4530 9 1385 301
4540 2 795 891
4540 3 723 886
4540 4 306 767
4540 7 399 779
4540 8 361 749
4540 9 1400 294
4550 2 795 891
4550 3 723 886
4550 4 302 772
4550 7 399 782
4550 8 360 748
4550 9 1416 286
4560 2 795 891
4560 3 723 886
4560 4 302 773
4560 7 398 784
4560 8 359 747
4560 9 1432 280
4570 2 795 890
4570 3 723 886
4570 4 302 774
4570 7 397 785
4570 8 359 746
4570 9 1448 272
4580 2 795 890
4580 3 723 886
4580 4 302 775
4580 7 396 785
4580 8 358 745
4580 9 1465 265
4590 2 795 890
4590 3 723 886
4590 4 302 775
4590 7 395 786
4590 8 358 745
4590 9 1480 258
4600 2 795 890
4600 3 723 886
4600 4 303 776
4600 7 395 786
4600 8 357 743
4600 9 1495 251
4610 2 795 889
4610 3 723 886
4610 4 304 776
4610 7 395 786
4610 8 356 741
4610 9 1509 244
4620 2 795 889
4620 3 723 886
4620 4 305 777
4620 7 395 785
4620 8 356 740
4620 9 1524 237
4630 2 795 889
4630 3 723 886
4630 4 306 777
4630 7 395 785
4630 8 356 738
4630 9 1539 230
4640 2 795 889
4640 3 723 886
4640 4 307 778
4640 7 395 785
4640 8 357 738
4640 9 1553 225
4650 2 795 888
4650 3 723 886
4650 4 308 778
4650 7 395 784
4650 8 358 738
4650 9 1567 220
4660 2 795 888
4660 3 723 886
4660 4 309 779
4660 7 395 784
4660 8 359 738
4660 9 1582 215
4670 2 796 888
4670 3 723 886
4670 4 310 779
4670 7 395 784
4670 8 360 738
4670 9 1593 208
4680 2 796 888
4680 3 723 886
4680 4 310 781
4680 7 395 784
4680 8 361 738
4680 9 1605 201
4690 2 796 887
4690 3 722 886
4690 4 309 783
4690 7 395 783
4690 8 361 738
4690 9 1616 194
4700 2 796 887
4700 3 722 886
4700 4 307 786
4700 7 395 783
4700 8 362 738
4700 9 1627 187
4710 2 796 887
4710 3 722 886
4710 4 306 788
4710 7 395 783
4710 8 362 738
4710 9 1637 181
4720 2 796 886
4720 3 722 886
4720 4 305 791
4720 7 395 782
4720 8 362 738
4720 9 1647 175
4730 2 796 886
4730 3 722 886
4730 4 305 791
4730 7 395 782
4730 8 363 738
4730 9 1657 169
4740 2 796 886
4740 3 722 886
4740 4 305 791
4740 7 395 782
4740 8 363 738
4740 9 1667 164
4750 2 796 886
4750 3 722 886
4750 4 305 791
4750 7 395 782
4750 8 364 738
4750 9 1677 158
4760 2 796 885
4760 3 722 886
4760 4 305 791
4760 7 395 781
4760 8 364 738
4760 9 1688 153
4770 2 796 885
4770 3 722 886
4770 4 305 791
4770 7 395 781
4770 8 364 738
4770 9 1698 149
4780 2 796 885
4780 3 722 886
4780 4 305 791
4780 7 395 781
4780 8 365 738
4780 9 1709 145
4790 2 796 885
4790 3 722 886
4790 4 305 791
4790 7 395 780
4790 8 365 738
4790 9 1719 141
4800 2 796 884
4800 3 722 886
4800 4 305 791
4800 7 395 780
4800 8 366 738
4800 9 1733 137
4810 2 796 884
4810 3 722 886
4810 4 305 791
4810 7 394 780
4810 8 366 738
4810 9 1746 133
4820 2 796 884
4820 3 722 886
4820 4 305 791
4820 7 394 780
4820 8 366 738
4820 9 1760 130
4830 2 796 884
4830 3 722 886
4830 4 305 791
4830 7 394 780
4830 8 367 738
4830 9 1773 126
4840 2 796 884
4840 3 722 886
4840 4 305 791
4840 7 394 780
4840 8 367 738
4840 9 1789 125
4850 2 796 884
4850 3 722 886
4850 4 305 791
4850 7 394 780
4850 8 367 738
4850 9 1805 126
4860 2 796 884
4860 3 721 885
4860 4 305 791
4860 7 394 780
4860 8 368 738
4860 9 1822 126
4870 2 796 884
4870 3 721 885
4870 4 305 791
4870 7 394 780
4870 8 368 738
4870 9 1839 126
4880 2 796 884
4880 3 721 885
4880 4 305 791
4880 7 394 780
4880 8 368 738
4880 9 1856 127
4890 2 796 884
4890 3 720 885
4890 4 305 791
4890 7 394 780
4890 8 369 738
4890 9 1876 127
4900 2 796 885
4900 3 720 885
4900 4 305 791
4900 7 394 780
4900 8 369 738
4900 9 1897 127
4910 2 796 885
4910 3 720 885
4910 4 305 791
4910 7 394 780
4910 8 369 738
4920 2 796 885
4920 3 719 885
4920 4 305 791
4920 7 394 781
4920 8 370 738
4930 2 796 885
4930 3 719 885
4930 4 305 791
4930 7 394 781
4930 8 370 738
4940 2 796 885
4940 3 719 885
4940 4 305 791
4940 7 394 781
4940 8 370 738
4950 2 796 885
4950 3 718 885
4950 4 305 791
4950 7 394 781
4950 8 370 739
4960 2 796 886
4960 3 718 885
4960 4 305 790
4960 7 394 781
4960 8 370 739
4970 2 796 886
4970 3 718 885
4970 4 305 790
4970 7 394 781
4970 8 370 739
4980 2 796 886
4980 3 717 885
4980 4 305 790
4980 7 393 781
4980 8 370 739
4990 2 796 886
4990 3 717 885
4990 4 305 790
4990 7 393 781
4990 8 370 739
5000 2 796 886
5000 3 717 885
5000 4 305 790
5000 7 393 781
5000 8 370 739
5010 2 796 886
5010 3 716 885
5010 4 305 790
5010 7 393 781
5010 8 370 739
5020 2 796 887
5020 3 716 885
5020 4 305 790
5020 7 393 781
5020 8 370 739
5030 2 796 887
5030 3 716 885
5030 4 305 790
5030 7 393 781
5030 8 370 739
5040 2 796 887
5040 3 716 885
5040 4 305 790
5040 7 393 781
5040 8 370 739
5050 2 796 887
5050 3 715 885
5050 4 305 790
5050 7 393 781
5050 8 370 739
5060 2 796 887
5060 3 715 885
5060 4 305 790
5060 7 393 781
5060 8 370 740
5070 2 796 887
5070 3 715 885
5070 4 305 790
5070 7 393 781
5070 8 370 740
5080 2 796 888
5080 3 714 885
5080 4 305 790
5080 7 393 781
5080 8 370 740
5090 2 796 888
5090 3 714 885
5090 4 305 790
5090 7 393 781
5090 8 370 740
5100 2 796 888
5100 3 714 885
5100 4 306 790
5100 7 393 781
5100 8 370 740
5110 2 796 888
5110 3 713 885
5110 4 306 790
5110 7 393 781
5110 8 370 740
5120 2 795 888
5120 3 713 885
5120 4 306 790
5120 7 393 781
5120 8 370 740
5130 2 795 888
5130 3 713 885
5130 4 306 790
5130 7 393 781
5130 8 370 740
5140 2 795 889
5140 3 712 885
5140 4 306 790
5140 7 393 781
5140 8 370 740
5150 2 795 889
5150 3 712 885
5150 4 306 790
5150 7 392 782
5150 8 370 740
5160 2 795 889
5160 3 712 885
5160 4 306 790
5160 7 392 782
5160 8 370 740
5170 2 795 889
5170 3 711 885
5170 4 306 790
5170 7 392 782
5170 8 370 741
5180 2 795 889
5180 3 711 885
5180 4 306 790
5180 7 392 782
5180 8 370 741
5190 2 795 889
5190 3 711 885
5190 4 306 789
5190 7 392 782
5190 8 370 741
5200 2 795 890
5200 3 710 885
5200 4 306 789
5200 7 392 782
5200 8 370 741
5210 2 795 890
5210 3 710 885
5210 4 306 789
5210 7 392 782
5210 8 370 741
5220 2 795 890
5220 3 710 885
5220 4 306 789
5220 7 392 782
5220 8 370 741
5230 2 795 890
5230 3 709 885
5230 4 306 789
5230 7 392 782
5230 8 369 741
5240 2 795 890
5240 3 709 885
5240 4 306 789
5240 7 392 782
5240 8 369 741
5250 2 795 890
5250 3 709 886
5250 4 306 789
5250 7 392 782
5250 8 369 741
5260 2 795 891
5260 3 709 886
5260 4 306 789
5260 7 392 782
5260 8 369 741
5270 2 795 891
5270 3 709 887
5270 4 306 789
5270 7 392 782
5270 8 369 741
5280 2 803 883
5280 3 709 887
5280 4 306 789
5280 7 392 782
5280 8 369 742
5290 2 803 883
5290 3 709 887
5290 4 306 789
5290 7 392 782
5290 8 369 742
5300 2 804 883
5300 3 709 888
5300 4 306 789
5300 7 392 782
5300 8 369 742
5310 2 804 883
5310 3 709 888
5310 4 306 789
5310 7 392 782
5310 8 369 742
5320 2 804 883
5320 3 708 889
5320 4 306 789
5320 7 391 782
5320 8 369 742
5330 2 804 883
5330 3 708 889
5330 4 306 789
5330 7 391 782
5330 8 369 742
5340 2 804 883
5340 3 708 890
5340 4 306 789
5340 7 391 782
5340 8 369 742
5350 2 809 882
5350 3 708 890
5350 4 306 789
5350 7 391 782
5350 8 369 742
5360 2 809 882
5360 3 707 891
5360 4 306 789
5360 7 391 782
5360 8 369 742
5370 2 809 882
5370 3 707 891
5370 4 306 789
5370 7 391 783
5370 8 369 742
5380 2 807 880
5380 3 717 880
5380 4 306 789
5380 7 391 783
5380 8 369 742
5390 2 807 880
5390 3 717 880
5390 4 306 789
5390 7 391 783
5390 8 369 743
5400 2 807 880
5400 3 716 880
5400 4 306 789
5400 7 391 783
5400 8 369 743
5410 2 807 880
5410 3 716 880
5410 4 306 789
5410 7 391 783
5410 8 369 743
5420 2 807 880
5420 3 718 880
5420 4 306 788
5420 7 391 783
5420 8 369 743
5430 2 807 880
5430 3 718 878
5430 4 306 788
5430 7 391 783
5430 8 369 743
5440 2 805 880
5440 3 715 881
5440 4 306 788
5440 7 391 783
5440 8 369 743
5450 2 805 880
5450 3 715 881
5450 4 306 788
5450 7 391 783
5450 8 369 743
5460 2 805 880
5460 3 715 881
5460 4 306 788
5460 7 391 783
5460 8 369 743
5470 2 800 882
5470 3 712 884
5470 4 307 788
5470 7 391 783
5470 8 369 743
5480 2 800 882
5480 3 711 887
5480 4 307 788
5480 7 391 783
5480 8 369 743
5490 2 800 882
5490 3 714 885
5490 4 307 788
5490 7 391 783
5490 8 369 743
5500 2 800 882
5500 3 712 880
5500 4 307 788
5500 7 391 783
5500 8 368 744
5510 2 800 882
5510 3 712 878
5510 4 307 788
5510 7 391 783
5510 8 368 744
5520 2 803 881
5520 3 712 878
5520 4 307 788
5520 7 391 783
5520 8 367 744
5530 2 803 881
5530 3 712 878
5530 4 307 788
5530 7 392 783
5530 8 367 744
5540 2 803 883
5540 3 712 878
5540 4 307 788
5540 7 392 783
5540 8 367 744
5550 2 803 883
5550 3 712 878
5550 4 307 788
5550 7 392 783
5550 8 366 744
5560 2 800 883
5560 3 713 878
5560 4 307 788
5560 7 392 783
5560 8 366 744
5570 2 800 883
5570 3 717 885
5570 4 307 788
5570 7 392 782
5570 8 365 744
5580 2 796 878
5580 3 716 882
5580 4 307 788
5580 7 393 782
5580 8 365 744
5590 2 796 878
5590 3 712 887
5590 4 307 788
5590 7 393 782
5590 8 364 744
5600 2 796 878
5600 3 712 885
5600 4 307 788
5600 7 393 782
5600 8 364 744
5610 2 797 878
5610 3 719 882
5610 4 307 788
5610 7 393 782
5610 8 364 744
5620 2 797 878
5620 3 717 885
5620 4 307 788
5620 7 393 782
5620 8 363 744
5630 2 797 878
5630 3 715 887
5630 4 307 788
5630 7 394 782
5630 8 363 744
5640 2 797 880
5640 3 720 885
5640 4 307 788
5640 7 394 782
5640 8 362 744
5650 2 797 880
5650 3 718 885
5650 4 307 787
5650 7 394 782
5650 8 362 744
5660 2 794 897
5660 3 713 887
5660 4 307 787
5660 7 394 781
5660 8 361 744
5670 2 794 897
5670 3 703 904
5670 4 307 787
5670 7 394 781
5670 8 361 744
5680 2 792 899
5680 3 698 909
5680 4 307 787
5680 7 395 781
5680 8 361 744
5690 2 788 903
5690 3 692 914
5690 4 307 787
5690 7 395 781
5690 8 362 744
5700 2 784 907
5700 3 687 920
5700 4 307 787
5700 7 395 781
5700 8 363 744
5710 2 779 912
5710 3 681 925
5710 4 307 787
5710 7 395 781
5710 8 364 744
5720 2 773 923
5720 3 678 930
5720 4 307 787
5720 7 395 781
5720 8 365 744
5730 2 766 934
5730 3 678 932
5730 4 307 787
5730 7 396 781
5730 8 367 744
5740 2 763 941
5740 3 678 935
5740 4 307 787
5740 7 396 780
5740 8 367 744
5750 2 763 947
5750 3 678 938
5750 4 307 787
5750 7 396 780
5750 8 367 744
5760 2 763 954
5760 3 678 941
5760 4 307 787
5760 7 396 780
5760 8 367 744
5770 2 763 960
5770 3 678 944
5770 4 307 787
5770 7 397 780
5770 8 367 744
5780 2 764 963
5780 3 679 947
5780 4 307 787
5780 7 397 780
5780 8 367 743
5790 2 768 965
5790 3 678 946
5790 4 307 787
5790 7 397 780
5790 8 367 743
5800 2 771 966
5800 3 678 946
5800 4 307 787
5800 7 397 780
5800 8 367 743
5810 2 773 966
5810 3 678 946
5810 4 307 787
5810 7 397 780
5810 8 367 743
5820 2 775 966
5820 3 678 946
5820 4 307 787
5820 7 397 780
5820 8 366 742
5830 2 776 966
5830 3 678 946
5830 4 307 787
5830 7 395 780
5830 8 366 742
5840 2 777 966
5840 3 678 946
5840 4 308 787
5840 7 393 780
5840 8 366 742
5850 2 776 963
5850 3 678 946
5850 4 308 787
5850 7 391 780
5850 8 366 742
5860 2 775 961
5860 3 678 945
5860 4 308 787
5860 7 389 780
5860 8 366 741
5870 2 774 960
5870 3 679 945
5870 4 308 787
5870 7 387 780
5870 8 366 741
5880 2 774 958
5880 3 679 945
5880 4 308 786
5880 7 387 780
5880 8 366 741
5890 2 774 958
5890 3 679 945
5890 4 308 786
5890 7 387 780
5890 8 366 741
5900 2 774 957
5900 3 679 945
5900 4 308 786
5900 7 387 780
5900 8 366 740
5910 2 774 956
5910 3 679 945
5910 4 308 786
5910 7 387 780
5910 8 366 740
5920 2 774 954
5920 3 679 945
5920 4 308 786
5920 7 387 780
5920 8 366 740
5930 2 774 954
5930 3 679 945
5930 4 308 786
5930 7 387 780
5930 8 366 740
5940 2 774 953
5940 3 679 944
5940 4 308 786
5940 7 387 780
5940 8 366 740
5950 2 774 952
5950 3 679 944
5950 4 308 786
5950 7 386 779
5950 8 366 740
5960 2 774 951
5960 3 679 944
5960 4 308 786
5960 7 386 779
5960 8 365 740
5970 2 772 951
5970 3 679 944
5970 4 308 786
5970 7 386 779
5970 8 365 740
5980 2 772 951
5980 3 679 944
5980 4 308 786
5980 7 386 779
5980 8 365 740
5990 2 771 951
5990 3 679 944
5990 4 308 786
5990 7 386 779
5990 8 365 740
6000 2 770 951
6000 3 679 944
6000 4 308 786
6000 7 386 779
6000 8 365 740
6010 2 769 951
6010 3 679 944
6010 4 308 786
6010 7 386 779
6010 8 365 740
6020 2 769 951
6020 3 679 943
6020 4 308 786
6020 7 385 778
6020 8 365 740
6030 2 769 950
6030 3 679 943
6030 4 308 786
6030 7 385 778
6030 8 365 739
6040 2 769 950
6040 3 679 943
6040 4 308 786
6040 7 385 778
6040 8 365 739
6050 2 769 950
6050 3 680 943
6050 4 308 786
6050 7 385 778
6050 8 365 739
6060 2 769 950
6060 3 680 943
6060 4 308 786
6060 7 385 778
6060 8 365 739
6070 2 769 950
6070 3 680 943
6070 4 308 786
6070 7 385 778
6070 8 365 739
6080 2 769 950
6080 3 680 943
6080 4 308 786
6080 7 385 778
6080 8 365 739
6090 2 770 950
6090 3 679 943
6090 4 308 786
6090 7 385 778
6090 8 365 739
6100 2 770 950
6100 3 679 942
6100 4 308 786
6100 7 384 777
6100 8 365 738
6110 2 770 950
6110 3 679 942
6110 4 308 785
6110 7 384 777
6110 8 365 738
6120 2 770 950
6120 3 679 942
6120 4 308 785
6120 7 384 777
6120 8 365 738
6130 2 771 950
6130 3 679 942
6130 4 308 785
6130 7 384 777
6130 8 365 738
6140 2 771 950
6140 3 680 942
6140 4 308 785
6140 7 384 777
6140 8 365 738
6150 2 771 950
6150 3 680 942
6150 4 308 785
6150 7 384 777
6150 8 365 738
6160 2 772 950
6160 3 680 942
6160 4 308 785
6160 7 384 777
6160 8 365 738
6170 2 772 950
6170 3 680 941
6170 4 308 785
6170 7 384 777
6170 8 365 737
6180 2 772 950
6180 3 680 941
6180 4 308 785
6180 7 384 777
6180 8 365 737
6190 2 772 950
6190 3 680 941
6190 4 308 785
6190 7 384 777
6190 8 365 737
6200 2 772 950
6200 3 680 941
6200 4 308 785
6200 7 384 777
6200 8 365 737
6210 2 773 950
6210 3 680 941
6210 4 309 785
6210 7 384 778
6210 8 365 737
6220 2 773 950
6220 3 680 941
6220 4 309 785
6220 7 384 778
6220 8 365 737
6230 2 773 950
6230 3 680 941
6230 4 309 785
6230 7 384 778
6230 8 364 737
6240 2 773 950
6240 3 680 941
6240 4 309 785
6240 7 384 779
6240 8 364 737
6250 2 773 950
6250 3 680 940
6250 4 309 785
6250 7 384 779
6250 8 364 737
6260 2 773 950
6260 3 680 940
6260 4 309 785
6260 7 384 779
6260 8 364 737
6270 2 774 950
6270 3 680 940
6270 4 309 785
6270 7 384 779
6270 8 364 737
6280 2 774 950
6280 3 680 940
6280 4 309 785
6280 7 384 780
6280 8 364 737
6290 2 774 950
6290 3 680 940
6290 4 309 785
6290 7 384 780
6290 8 364 737
6300 2 775 950
6300 3 680 940
6300 4 309 785
6300 7 384 780
6300 8 364 737
6310 2 775 950
6310 3 680 940
6310 4 309 785
6310 7 384 780
6310 8 364 737
6320 2 775 950
6320 3 681 940
6320 4 309 785
6320 7 384 781
6320 8 364 737
6330 2 776 950
6330 3 681 939
6330 4 309 785
6330 7 384 781
6330 8 364 737
6340 2 756 952
6340 3 681 939
6340 4 309 785
6340 7 384 781
6340 8 364 737
6350 2 756 952
6350 3 681 939
6350 4 309 784
6350 7 384 782
6350 8 364 737
6360 2 756 952
6360 3 681 939
6360 4 309 784
6360 7 384 782
6360 8 364 737
6370 2 756 952
6370 3 681 939
6370 4 309 784
6370 7 384 783
6370 8 364 737
6380 2 756 952
6380 3 681 939
6380 4 309 784
6380 7 384 783
6380 8 364 737
6390 2 756 952
6390 3 681 939
6390 4 309 784
6390 7 384 784
6390 8 364 737
6400 2 755 952
6400 3 681 939
6400 4 309 784
6400 7 383 784
6400 8 364 737
6410 2 755 952
6410 3 680 939
6410 4 309 784
6410 7 383 785
6410 8 364 737
6420 2 754 952
6420 3 680 939
6420 4 309 784
6420 7 383 785
6420 8 364 737
6430 2 753 953
6430 3 680 940
6430 4 309 784
6430 7 383 786
6430 8 364 737
6440 2 752 953
6440 3 680 940
6440 4 309 784
6440 7 383 786
6440 8 364 737
6450 2 751 953
6450 3 680 940
6450 4 309 784
6450 7 383 786
6450 8 363 737
6460 2 750 954
6460 3 680 941
6460 4 309 784
6460 7 383 785
6460 8 363 737
6470 2 750 954
6470 3 680 941
6470 4 309 784
6470 7 383 785
6470 8 363 737
6480 2 750 954
6480 3 680 942
6480 4 309 784
6480 7 383 784
6480 8 363 737
6490 2 764 959
6490 3 679 942
6490 4 309 784
6490 7 383 783
6490 8 363 737
6500 2 764 959
6500 3 679 942
6500 4 309 784
6500 7 383 783
6500 8 363 737
6510 2 764 959
6510 3 679 943
6510 4 309 784
6510 7 383 782
6510 8 363 737
6520 2 764 959
6520 3 679 943
6520 4 309 784
6520 7 383 781
6520 8 363 737
6530 2 764 959
6530 3 679 944
6530 4 309 784
6530 7 383 781
6530 8 363 737
6540 2 764 959
6540 3 679 944
6540 4 309 784
6540 7 383 781
6540 8 363 737
6550 2 764 959
6550 3 679 944
6550 4 309 784
6550 7 383 781
6550 8 363 737
6560 2 764 959
6560 3 679 945
6560 4 309 784
6560 7 383 781
6560 8 363 737
6570 2 764 959
6570 3 679 945
6570 4 309 784
6570 7 384 781
6570 8 363 737
6580 2 764 959
6580 3 678 946
6580 4 310 784
6580 7 384 781
6580 8 363 737
6590 2 764 959
6590 3 678 946
6590 4 310 784
6590 7 384 781
6590 8 363 737
6600 2 764 959
6600 3 678 946
6600 4 310 784
6600 7 384 781
6600 8 363 737
6610 2 759 962
6610 3 678 947
6610 4 310 784
6610 7 385 781
6610 8 362 737
6620 2 765 960
6620 3 678 947
6620 4 310 784
6620 7 385 781
6620 8 362 737
6630 2 782 950
6630 3 678 947
6630 4 310 784
6630 7 385 781
6630 8 362 737
6640 2 784 950
6640 3 678 948
6640 4 310 784
6640 7 386 781
6640 8 362 737
6650 2 789 950
6650 3 678 948
6650 4 310 784
6650 7 386 781
6650 8 362 737
6660 2 792 949
6660 3 677 949
6660 4 310 784
6660 7 386 781
6660 8 362 737
6670 2 788 949
6670 3 677 949
6670 4 310 784
6670 7 386 781
6670 8 362 737
6680 2 785 949
6680 3 677 949
6680 4 310 784
6680 7 387 781
6680 8 362 737
6690 2 782 949
6690 3 677 950
6690 4 310 785
6690 7 387 781
6690 8 362 737
6700 2 781 947
6700 3 677 950
6700 4 310 785
6700 7 387 781
6700 8 362 737
6710 2 781 945
6710 3 677 951
6710 4 310 785
6710 7 387 781
6710 8 362 737
6720 2 780 944
6720 3 677 951
6720 4 311 785
6720 7 388 781
6720 8 362 737
6730 2 780 944
6730 3 677 951
6730 4 311 785
6730 7 388 781
6730 8 362 737
6740 2 779 944
6740 3 676 952
6740 4 311 785
6740 7 388 781
6740 8 362 737
6750 2 779 944
6750 3 676 952
6750 4 311 785
6750 7 388 781
6750 8 362 737
6760 2 778 944
6760 3 676 953
6760 4 311 785
6760 7 389 781
6760 8 362 737
6770 2 778 944
6770 3 676 953
6770 4 311 785
6770 7 389 781
6770 8 361 737
6780 2 777 944
6780 3 676 953
6780 4 311 785
6780 7 389 781
6780 8 361 737
6790 2 777 944
6790 3 676 954
6790 4 311 785
6790 7 390 781
6790 8 361 737
6800 2 776 944
6800 3 676 954
6800 4 311 786
6800 7 390 781
6800 8 361 737
6810 2 775 944
6810 3 676 954
6810 4 311 786
6810 7 390 781
6810 8 361 737
6820 2 775 944
6820 3 676 954
6820 4 311 786
6820 7 390 781
6820 8 361 737
6830 2 774 944
6830 3 676 954
6830 4 311 786
6830 7 390 781
6830 8 361 737
6840 2 774 944
6840 3 675 954
6840 4 311 786
6840 7 390 781
6840 8 361 737
6850 2 773 944
6850 3 675 954
6850 4 311 786
6850 7 390 781
6850 8 361 737
6860 2 773 944
6860 3 675 954
6860 4 312 786
6860 7 390 781
6860 8 361 737
6870 2 772 944
6870 3 675 954
6870 4 312 786
6870 7 390 781
6870 8 361 737
6880 2 772 945
6880 3 675 954
6880 4 312 786
6880 7 390 781
6880 8 361 737
6890 2 771 945
6890 3 675 954
6890 4 312 786
6890 7 391 781
6890 8 361 737
6900 2 770 945
6900 3 674 954
6900 4 312 786
6900 7 391 781
6900 8 361 737
6910 2 770 945
6910 3 674 954
6910 4 312 787
6910 7 391 781
6910 8 361 737
6920 2 769 945
6920 3 674 954
6920 4 312 787
6920 7 391 781
6920 8 360 737
6930 2 769 945
6930 3 674 954
6930 4 312 787
6930 7 391 781
6930 8 360 737
6940 2 768 945
6940 3 674 954
6940 4 312 787
6940 7 391 781
6940 8 360 737
6950 2 768 945
6950 3 673 954
6950 4 312 787
6950 7 391 781
6950 8 360 737
6960 2 767 945
6960 3 673 954
6960 4 312 787
6960 7 391 781
6960 8 360 737
6970 2 767 945
6970 3 673 954
6970 4 312 787
6970 7 391 781
6970 8 360 737
6980 2 766 945
6980 3 673 954
6980 4 312 787
6980 7 391 781
6980 8 360 737
6990 2 765 945
6990 3 673 954
6990 4 312 787
6990 7 392 781
6990 8 360 737
7000 2 765 945
7000 3 672 954
7000 4 312 787
7000 7 392 781
7000 8 360 737
7010 2 764 945
7010 3 672 954
7010 4 313 787
7010 7 392 781
7010 8 360 737
7020 2 764 945
7020 3 672 954
7020 4 313 788
7020 7 392 781
7020 8 360 737
7030 2 764 946
7030 3 672 954
7030 4 313 788
7030 7 392 781
7030 8 360 737
7040 2 766 947
7040 3 672 954
7040 4 313 788
7040 7 392 781
7040 8 360 737
7050 2 768 948
7050 3 672 954
7050 4 313 788
7050 7 392 781
7050 8 360 737
7060 2 770 949
7060 3 671 954
7060 4 313 788
7060 7 392 781
7060 8 360 737
7070 2 772 949
7070 3 671 954
7070 4 313 788
7070 7 392 781
7070 8 360 737
7080 2 772 949
7080 3 671 954
7080 4 313 788
7080 7 392 781
7080 8 359 737
7090 2 772 949
7090 3 671 954
7090 4 313 788
7090 7 393 781
7090 8 359 737
7100 2 772 949
7100 3 671 954
7100 4 313 788
7100 7 393 781
7100 8 359 737
7110 2 772 949
7110 3 671 953
7110 4 313 788
7110 7 393 781
7110 8 359 737
7120 2 772 949
7120 3 671 953
7120 4 313 788
7120 7 393 781
7120 8 359 737
7130 2 772 949
7130 3 671 952
7130 4 313 789
7130 7 393 781
7130 8 359 737
7140 2 772 948
7140 3 671 952
7140 4 313 789
7140 7 393 781
7140 8 359 737
7150 2 772 948
7150 3 671 951
7150 4 314 789
7150 7 393 781
7150 8 359 737
7160 2 772 948
7160 3 671 951
7160 4 314 789
7160 7 393 781
7160 8 359 737
7170 2 772 948
7170 3 671 950
7170 4 314 789
7170 7 393 781
7170 8 359 737
7180 2 772 948
7180 3 671 950
7180 4 314 789
7180 7 393 781
7180 8 359 737
7190 2 772 948
7190 3 671 949
7190 4 314 789
7190 7 394 781
7190 8 359 737
7200 2 772 948
7200 3 671 948
7200 4 314 789
7200 7 394 781
7200 8 359 737
7210 2 772 947
7210 3 671 948
7210 4 314 789
7210 7 394 781
7210 8 359 737
7220 2 772 947
7220 3 671 947
7220 4 314 789
7220 7 394 781
7220 8 359 737
7230 2 772 947
7230 3 671 947
7230 4 314 789
7230 7 394 781
7230 8 369 741
7240 2 772 947
7240 3 671 946
7240 4 314 789
7240 7 394 781
7240 8 369 741
7250 2 772 947
7250 3 671 946
7250 4 314 790
7250 7 394 781
7250 8 369 741
7260 2 772 947
7260 3 671 945
7260 4 314 790
7260 7 394 781
7260 8 369 741
7270 2 772 947
7270 3 671 945
7270 4 314 790
7270 7 394 781
7270 8 369 741
7280 2 772 946
7280 3 671 944
7280 4 314 790
7280 7 394 781
7280 8 372 742
7290 2 772 946
7290 3 671 943
7290 4 315 790
7290 7 394 780
7290 8 374 741
7300 2 772 946
7300 3 676 943
7300 4 315 790
7300 7 394 780
7300 8 374 741
7310 2 772 946
7310 3 681 943
7310 4 315 790
7310 7 393 780
7310 8 374 741
7320 2 772 946
7320 3 686 942
7320 4 315 790
7320 7 393 780
7320 8 369 743
7330 2 772 946
7330 3 691 942
7330 4 315 790
7330 7 392 780
7330 8 369 743
7340 2 772 946
7340 3 694 941
7340 4 315 790
7340 7 392 780
7340 8 369 743
7350 2 772 945
7350 3 694 941
7350 4 315 790
7350 7 391 780
7350 8 369 743
7360 2 772 945
7360 3 694 941
7360 4 315 791
7360 7 391 780
7360 8 369 743
7370 2 772 945
7370 3 694 941
7370 4 315 791
7370 7 390 779
7370 8 371 740
7380 2 772 945
7380 3 694 941
7380 4 315 791
7380 7 390 779
7380 8 373 739
7390 2 772 945
7390 3 693 941
7390 4 315 791
7390 7 389 779
7390 8 374 739
7400 2 772 945
7400 3 693 940
7400 4 315 791
7400 7 389 779
7400 8 374 739
7410 2 772 945
7410 3 693 940
7410 4 315 791
7410 7 388 779
7410 8 374 739
7420 2 772 944
7420 3 693 940
7420 4 315 791
7420 7 387 779
7420 8 371 739
7430 2 772 944
7430 3 693 940
7430 4 315 791
7430 7 387 779
7430 8 357 737
7440 2 772 944
7440 3 692 940
7440 4 316 791
7440 7 387 779
7440 8 368 737
7450 2 773 944
7450 3 692 940
7450 4 316 791
7450 7 387 779
7450 8 368 737
7460 2 773 944
7460 3 692 939
7460 4 316 791
7460 7 387 779
7460 8 357 737
7470 2 773 944
7470 3 692 939
7470 4 316 792
7470 7 387 779
7470 8 357 737
7480 2 773 944
7480 3 691 939
7480 4 316 792
7480 7 387 779
7480 8 357 737
7490 2 773 943
7490 3 691 939
7490 4 316 792
7490 7 387 779
7490 8 357 737
7500 2 773 943
7500 3 691 939
7500 4 316 792
7500 7 387 779
7500 8 357 737
7510 2 773 943
7510 3 691 939
7510 4 316 792
7510 7 387 779
7510 8 357 737
7520 2 773 943
7520 3 691 939
7520 4 316 792
7520 7 387 779
7520 8 357 737
7530 2 773 943
7530 3 690 938
7530 4 316 792
7530 7 387 779
7530 8 357 737
7540 2 773 943
7540 3 690 938
7540 4 316 792
7540 7 387 779
7540 8 356 737
7550 2 773 943
7550 3 690 938
7550 4 316 792
7550 7 387 779
7550 8 356 737
7560 2 773 942
7560 3 690 938
7560 4 316 792
7560 7 387 779
7560 8 356 737
7570 2 773 942
7570 3 690 938
7570 4 316 792
7570 7 387 779
7570 8 356 737
7580 2 773 942
7580 3 689 938
7580 4 316 793
7580 7 387 779
7580 8 356 737
7590 2 773 942
7590 3 689 938
7590 4 315 793
7590 7 387 779
7590 8 356 737
7600 2 773 942
7600 3 689 938
7600 4 315 793
7600 7 387 779
7600 8 356 737
7610 2 773 942
7610 3 689 938
7610 4 314 793
7610 7 387 779
7610 8 356 737
7620 2 773 942
7620 3 688 937
7620 4 314 793
7620 7 387 779
7620 8 356 737
7630 2 773 941
7630 3 688 937
7630 4 313 793
7630 7 387 779
7630 8 356 737
7640 2 773 941
7640 3 688 937
7640 4 313 793
7640 7 387 779
7640 8 356 737
7650 2 773 941
7650 3 688 937
7650 4 312 793
7650 7 387 780
7650 8 356 737
7660 2 773 941
7660 3 688 937
7660 4 312 793
7660 7 387 780
7660 8 356 737
7670 2 773 941
7670 3 687 937
7670 4 311 793
7670 7 387 780
7670 8 356 737
7680 2 773 941
7680 3 687 937
7680 4 311 793
7680 7 387 780
7680 8 356 737
7690 2 773 941
7690 3 687 936
7690 4 311 793
7690 7 387 780
7690 8 356 737
7700 2 773 940
7700 3 687 936
7700 4 311 793
7700 7 387 780
7700 8 355 737
7710 2 773 940
7710 3 687 936
7710 4 311 793
7710 7 387 780
7710 8 370 741
7720 2 773 940
7720 3 686 936
7720 4 311 793
7720 7 387 780
7720 8 370 741
7730 2 773 940
7730 3 686 936
7730 4 311 793
7730 7 387 780
7730 8 370 741
7740 2 773 940
7740 3 686 936
7740 4 311 793
7740 7 387 780
7740 8 371 743
7750 2 773 940
7750 3 686 935
7750 4 311 793
7750 7 387 780
7750 8 374 747
7760 2 773 940
7760 3 686 935
7760 4 311 793
7760 7 387 780
7760 8 375 748
7770 2 773 939
7770 3 685 935
7770 4 311 793
7770 7 387 780
7770 8 374 744
7780 2 773 939
7780 3 685 935
7780 4 311 793
7780 7 387 780
7780 8 380 744
7790 2 773 939
7790 3 685 935
7790 4 311 793
7790 7 387 780
7790 8 377 744
7800 2 773 939
7800 3 685 935
7800 4 311 793
7800 7 387 780
7800 8 377 744
7810 2 773 939
7810 3 685 935
7810 4 311 793
7810 7 387 780
7810 8 377 744
7820 2 773 939
7820 3 685 935
7820 4 311 793
7820 7 387 780
7820 8 377 744
7830 2 773 939
7830 3 685 935
7830 4 311 793
7830 7 387 780
7830 8 377 744
7840 2 773 938
7840 3 685 935
7840 4 311 793
7840 7 387 780
7840 8 377 744
7850 2 773 938
7850 3 685 935
7850 4 311 793
7850 7 387 780
7850 8 377 744
7860 2 773 938
7860 3 685 935
7860 4 311 793
7860 7 387 781
7860 8 377 744
7870 2 773 938
7870 3 685 935
7870 4 311 793
7870 7 387 781
7870 8 374 740
7880 2 773 938
7880 3 685 935
7880 4 311 793
7880 7 387 781
7880 8 374 740
7890 2 773 938
7890 3 685 935
7890 4 311 793
7890 7 387 781
7890 8 374 740
7900 2 773 938
7900 3 685 935
7900 4 311 793
7900 7 387 781
7900 8 374 740
7910 2 773 938
7910 3 685 935
7910 4 311 793
7910 7 387 781
7910 8 374 740
7920 2 773 938
7920 3 685 935
7920 4 311 793
7920 7 387 781
7920 8 376 740
7930 2 773 938
7930 3 685 935
7930 4 311 793
7930 7 387 781
7930 8 376 740
7940 2 773 938
7940 3 685 935
7940 4 311 793
7940 7 387 781
7940 8 376 740
7950 2 773 938
7950 3 685 935
7950 4 311 793
7950 7 387 781
7950 8 376 740
7960 2 772 938
7960 3 685 935
7960 4 311 793
7960 7 387 781
7960 8 377 741
7970 2 772 938
7970 3 685 935
7970 4 311 793
7970 7 387 781
7970 8 377 741
7980 2 772 938
7980 3 685 935
7980 4 311 793
7980 7 387 781
7980 8 377 741
7990 2 772 938
7990 3 685 935
7990 4 311 793
7990 7 387 781
7990 8 354 737
8000 2 772 938
8000 3 685 935
8000 4 311 793
8000 7 387 781
8000 8 354 737
8010 2 772 938
8010 3 685 935
8010 4 311 793
8010 7 387 781
8010 8 353 737
8020 2 772 938
8020 3 685 935
8020 4 311 793
8020 7 387 781
8020 8 368 737
8030 2 772 938
8030 3 685 935
8030 4 311 793
8030 7 387 781
8030 8 368 737
8040 2 772 938
8040 3 685 935
8040 4 311 793
8040 7 387 781
8040 8 368 737
8050 2 772 938
8050 3 685 935
8050 4 311 793
8050 7 387 781
8050 8 368 737
8060 2 772 938
8060 3 685 935
8060 4 311 793
8060 7 387 781
8060 8 370 737
8070 2 772 938
8070 3 685 935
8070 4 311 793
8070 7 387 782
8070 8 370 737
8080 2 771 938
8080 3 685 935
8080 4 311 793
8080 7 387 782
8080 8 370 737
8090 2 771 938
8090 3 685 935
8090 4 300 795
8090 7 387 782
8090 8 370 737
8100 2 771 938
8100 3 685 935
8100 4 300 795
8100 7 387 782
8100 8 370 737
8110 2 771 938
8110 3 685 935
8110 4 311 793
8110 7 387 782
8110 8 370 737
8120 2 771 938
8120 3 685 935
8120 4 311 793
8120 7 387 782
8120 8 370 737
8130 2 771 938
8130 3 685 935
8130 4 311 793
8130 7 387 782
8130 8 370 737
8140 2 771 938
8140 3 685 935
8140 4 311 793
8140 7 387 782
8140 8 353 737
8150 2 771 938
8150 3 685 935
8150 4 311 793
8150 7 387 782
8150 8 353 737
8160 2 771 938
8160 3 685 935
8160 4 311 793
8160 7 387 782
8160 8 353 737
8170 2 771 938
8170 3 685 935
8170 4 311 793
8170 7 387 782
8170 8 353 737
8180 2 771 938
8180 3 685 935
8180 4 311 793
8180 7 387 782
8180 8 353 737
8190 2 771 938
8190 3 685 935
8190 4 311 793
8190 7 387 782
8190 8 353 737
8200 2 770 938
8200 3 685 935
8200 4 311 793
8200 7 387 782
8200 8 353 737
8210 2 770 938
8210 3 685 935
8210 4 311 793
8210 7 387 782
8210 8 353 737
8220 2 770 938
8220 3 685 935
8220 4 311 793
8220 7 387 782
8220 8 353 737
8230 2 770 938
8230 3 685 935
8230 4 311 793
8230 7 387 782
8230 8 353 737
8240 2 770 938
8240 3 685 935
8240 4 311 793
8240 7 387 782
8240 8 353 737
8250 2 770 938
8250 3 685 935
8250 4 311 793
8250 7 387 782
8250 8 353 737
8260 2 770 938
8260 3 685 935
8260 4 311 793
8260 7 387 782
8260 8 353 737
8270 2 770 938
8270 3 685 935
8270 4 311 793
8270 7 387 783
8270 8 353 737
8280 2 770 938
8280 3 685 935
8280 4 311 793
8280 7 387 783
8280 8 353 737
8290 2 770 938
8290 3 685 935
8290 4 311 793
8290 7 387 783
8290 8 353 737
8300 2 770 938
8300 3 685 935
8300 4 311 793
8300 7 387 783
8300 8 353 737
8310 2 770 938
8310 3 685 935
8310 4 311 793
8310 7 387 783
8310 8 353 737
8320 2 769 938
8320 3 685 935
8320 4 311 793
8320 7 387 783
8320 8 353 737
8330 2 769 938
8330 3 685 935
8330 4 311 793
8330 7 387 783
8330 8 353 737
8340 2 769 938
8340 3 685 935
8340 4 311 793
8340 7 387 783
8340 8 353 737
8350 2 769 938
8350 3 685 935
8350 4 311 793
8350 7 387 783
8350 8 353 737
8360 2 769 938
8360 3 685 935
8360 4 311 793
8360 7 387 783
8360 8 353 737
8370 2 769 938
8370 3 685 935
8370 4 311 793
8370 7 387 783
8370 8 353 737
8380 2 769 938
8380 3 685 935
8380 4 311 793
8380 7 387 783
8380 8 353 737
8390 2 769 938
8390 3 685 935
8390 4 311 793
8390 7 387 783
8390 8 353 737
8400 2 769 938
8400 3 685 935
8400 4 311 793
8400 7 387 783
8400 8 353 737
8410 2 769 938
8410 3 685 935
8410 4 311 793
8410 7 387 783
8410 8 353 737
8420 2 769 938
8420 3 685 935
8420 4 311 793
8420 7 387 783
8420 8 353 737
8430 2 769 938
8430 3 685 935
8430 4 311 793
8430 7 387 783
8430 8 353 737
8440 2 768 938
8440 3 685 935
8440 4 311 793
8440 7 387 783
8440 8 353 737
8450 2 768 938
8450 3 685 935
8450 4 311 793
8450 7 387 783
8450 8 353 737
8460 2 768 938
8460 3 685 935
8460 4 311 793
8460 7 387 783
8460 8 353 737
8470 2 768 938
8470 3 685 935
8470 4 311 793
8470 7 387 783
8470 8 353 737
8480 2 768 938
8480 3 685 935
8480 4 311 793
8480 7 387 784
8480 8 353 737
8490 2 768 938
8490 3 685 935
8490 4 311 793
8490 7 387 784
8490 8 353 737
8500 2 768 938
8500 3 685 935
8500 4 311 793
8500 7 387 784
8500 8 353 737
8510 2 768 938
8510 3 685 935
8510 4 311 793
8510 7 387 784
8510 8 353 737
8520 2 768 938
8520 3 685 935
8520 4 311 793
8520 7 387 784
8520 8 353 737
8530 2 768 938
8530 3 685 935
8530 4 311 793
8530 7 387 784
8530 8 353 737
8540 2 768 938
8540 3 685 935
8540 4 311 793
8540 7 387 784
8540 8 353 737
8550 2 768 938
8550 3 685 935
8550 4 311 793
8550 7 387 784
8550 8 353 737
8560 2 767 938
8560 3 685 935
8560 4 311 793
8560 7 387 784
8560 8 353 737
8570 2 767 938
8570 3 685 935
8570 4 311 793
8570 7 387 784
8570 8 353 737
8580 2 767 938
8580 3 685 935
8580 4 311 793
8580 7 387 784
8580 8 353 737
8590 2 767 938
8590 3 685 935
8590 4 311 793
8590 7 387 784
8590 8 353 737
8600 2 767 938
8600 3 685 935
8600 4 311 793
8600 7 387 784
8600 8 353 737
8610 2 767 938
8610 3 685 935
8610 4 311 793
8610 7 387 784
8610 8 353 737
8620 2 767 938
8620 3 685 935
8620 4 311 793
8620 7 387 784
8620 8 353 737
8630 2 768 938
8630 3 685 935
8630 4 311 793
8630 7 387 784
8630 8 353 737
8640 2 769 938
8640 3 685 935
8640 4 311 793
8640 7 387 784
8640 8 353 737
8650 2 770 938
8650 3 685 935
8650 4 311 793
8650 7 387 784
8650 8 353 737
8660 2 771 938
8660 3 685 935
8660 4 311 793
8660 7 387 784
8660 8 353 737
8670 2 772 938
8670 3 685 935
8670 4 311 793
8670 7 387 784
8670 8 353 737
8680 2 773 939
8680 3 685 935
8680 4 311 793
8680 7 387 784
8680 8 353 737
8690 2 774 939
8690 3 685 935
8690 4 311 793
8690 7 387 785
8690 8 353 737
8700 2 775 939
8700 3 685 935
8700 4 311 793
8700 7 387 785
8700 8 353 737
8710 2 776 939
8710 3 685 935
8710 4 311 793
8710 7 387 785
8710 8 353 737
8720 2 776 939
8720 3 685 935
8720 4 311 793
8720 7 387 785
8720 8 353 737
8730 2 776 939
8730 3 685 935
8730 4 311 793
8730 7 387 785
8730 8 353 737
8740 2 776 939
8740 3 685 935
8740 4 311 793
8740 7 387 785
8740 8 353 737
8750 2 776 939
8750 3 685 935
8750 4 311 793
8750 7 387 785
8750 8 353 737
8760 2 776 939
8760 3 685 935
8760 4 311 793
8760 7 387 785
8760 8 353 737
8770 2 776 939
8770 3 685 935
8770 4 311 793
8770 7 387 785
8770 8 353 737
8780 2 776 939
8780 3 685 935
8780 4 311 793
8780 7 387 785
8780 8 353 737
8790 2 776 939
8790 3 685 935
8790 4 311 793
8790 7 387 785
8790 8 353 737
8800 2 776 939
8800 3 685 935
8800 4 311 793
8800 7 387 785
8800 8 353 737
8810 2 776 939
8810 3 685 935
8810 4 311 793
8810 7 387 785
8810 8 353 737
8820 2 776 939
8820 3 685 935
8820 4 311 793
8820 7 387 785
8820 8 353 737
8830 2 776 939
8830 3 685 935
8830 4 311 793
8830 7 387 785
8830 8 353 737
8840 2 776 939
8840 3 685 935
8840 4 311 793
8840 7 387 785
8840 8 353 737
8850 2 776 939
8850 3 685 935
8850 4 311 793
8850 7 387 785
8850 8 353 737
8860 2 776 939
8860 3 685 935
8860 4 311 793
8860 7 387 785
8860 8 353 737
8870 2 776 939
8870 3 685 935
8870 4 311 793
8870 7 387 785
8870 8 353 737
8880 2 776 939
8880 3 685 935
8880 4 311 793
8880 7 387 785
8880 8 353 737
8890 2 776 939
8890 3 685 935
8890 4 311 793
8890 7 387 785
8890 8 353 737
8900 2 776 939
8900 3 685 935
8900 4 311 793
8900 7 386 785
8900 8 353 737
8910 2 776 939
8910 3 685 935
8910 4 311 793
8910 7 386 784
8910 8 353 737
8920 2 776 939
8920 3 685 935
8920 4 311 793
8920 7 386 784
8920 8 353 737
8930 2 776 939
8930 3 685 935
8930 4 311 793
8930 7 386 784
8930 8 353 737
8940 2 776 939
8940 3 685 935
8940 4 311 793
8940 7 386 783
8940 8 353 737
8950 2 776 939
8950 3 685 935
8950 4 311 793
8950 7 386 783
8950 8 353 737
8960 2 776 939
8960 3 685 935
8960 4 311 793
8960 7 386 782
8960 8 353 737
8970 2 776 939
8970 3 685 935
8970 4 311 793
8970 7 386 782
8970 8 353 737
8980 2 776 939
8980 3 685 935
8980 4 311 793
8980 7 386 782
8980 8 353 737
8990 2 776 939
8990 3 685 935
8990 4 311 793
8990 7 386 781
8990 8 353 737
9000 2 776 939
9000 3 685 935
9000 4 311 793
9000 7 386 781
9000 8 353 737
9010 2 776 939
9010 3 685 935
9010 4 311 793
9010 7 386 781
9010 8 353 737
9020 2 776 939
9020 3 685 935
9020 4 311 793
9020 7 386 780
9020 8 353 737
9030 2 776 939
9030 3 685 935
9030 4 311 793
9030 7 386 780
9030 8 353 737
9040 2 776 939
9040 3 685 935
9040 4 311 793
9040 7 386 779
9040 8 353 737
9050 2 776 939
9050 3 685 935
9050 4 311 793
9050 7 386 779
9050 8 353 737
9060 2 776 939
9060 3 685 935
9060 4 311 793
9060 7 386 779
9060 8 353 737
9070 2 776 939
9070 3 685 935
9070 4 311 793
9070 7 386 779
9070 8 353 737
