0 50 1560 929
0 51 1657 986
0 52 1422 656
10 50 1560 928
10 51 1657 985
10 52 1429 663
20 50 1560 929
20 51 1657 985
20 52 1437 670
30 50 1560 929
30 51 1657 985
30 52 1444 678
40 50 1560 929
40 51 1657 985
40 52 1452 685
50 50 1560 929
50 51 1657 985
50 52 1460 692
60 50 1560 929
60 51 1657 985
60 52 1467 700
70 50 1560 929
70 51 1657 985
70 52 1475 707
80 50 1560 930
80 51 1657 985
80 52 1484 715
90 50 1560 930
90 51 1657 985
90 52 1493 722
100 50 1559 931
100 51 1657 985
100 52 1502 730
110 50 1559 932
110 51 1657 985
110 52 1512 737
110 53 1102 1070
120 50 1558 933
120 51 1657 985
120 52 1521 745
120 53 1102 1065
130 50 1556 934
130 51 1657 985
130 52 1530 752
130 53 1101 1060
140 50 1554 934
140 51 1657 985
140 52 1539 760
140 53 1100 1055
150 50 1550 938
150 51 1657 984
150 52 1549 767
150 53 1100 1050
160 50 1545 943
160 51 1657 984
160 52 1558 775
160 53 1098 1045
170 50 1530 950
170 51 1657 984
170 52 1568 782
170 53 1095 1039
180 50 1508 954
180 51 1657 984
180 52 1579 790
180 53 1093 1034
190 50 1485 956
190 51 1657 984
190 52 1590 797
190 53 1092 1029
200 50 1461 958
200 51 1657 984
200 52 1601 804
200 53 1092 1024
210 50 1438 961
210 51 1657 984
210 52 1613 811
210 53 1093 1014
220 50 1413 963
220 51 1657 984
220 52 1624 818
220 53 1094 1005
230 50 1385 965
230 51 1657 984
230 52 1635 825
230 53 1095 996
240 50 1358 966
240 51 1657 984
240 52 1646 832
240 53 1096 987
250 50 1330 968
250 51 1657 984
250 52 1657 840
250 53 1091 977
260 50 1303 969
260 51 1657 984
260 52 1668 847
260 53 1084 966
270 50 1277 971
270 51 1657 984
270 52 1679 854
270 53 1078 956
280 50 1252 972
280 51 1657 984
280 52 1690 861
280 53 1072 946
290 50 1229 974
290 51 1657 984
290 52 1701 868
290 53 1066 936
300 50 1206 974
300 51 1653 983
300 52 1706 877
300 53 1061 927
310 50 1180 973
310 51 1648 983
310 52 1710 886
310 53 1055 918
320 50 1157 974
320 51 1643 982
320 52 1715 894
320 53 1050 909
330 50 1139 975
330 51 1638 982
330 52 1719 903
330 53 1044 900
340 50 1121 977
340 51 1633 982
340 52 1724 912
340 53 1038 892
350 50 1104 978
350 51 1633 982
350 52 1728 921
350 53 1032 883
360 50 1092 980
360 51 1634 982
360 52 1733 929
360 53 1026 875
370 50 1080 983
370 51 1635 983
370 52 1738 938
370 53 1020 866
380 50 1078 983
380 51 1636 983
380 52 1746 947
380 53 1014 858
390 50 1078 981
390 51 1637 983
390 52 1757 955
390 53 1008 850
400 50 1078 979
400 51 1638 984
400 52 1768 963
400 53 1000 840
410 50 1079 978
410 51 1638 984
410 52 1781 971
410 53 988 831
420 50 1079 977
420 51 1638 985
420 52 1796 979
420 53 977 822
430 50 1079 975
430 51 1638 985
430 52 1810 988
430 53 970 820
440 50 1079 973
440 51 1638 986
440 52 1825 996
440 53 964 819
450 50 1080 972
450 51 1638 986
450 52 1839 1004
450 53 958 818
460 50 1080 971
460 51 1638 986
460 52 1854 1012
460 53 952 817
470 50 1078 972
470 51 1638 986
470 52 1868 1019
470 53 947 816
480 50 1069 974
480 51 1638 987
480 52 1879 1025
480 53 947 816
490 50 1058 975
490 51 1638 987
490 52 1891 1031
490 53 947 816
500 50 1047 977
500 51 1638 987
500 52 1900 1035
500 53 948 816
510 50 1036 979
510 51 1638 988
510 52 1909 1037
510 53 948 816
520 50 1013 979
520 51 1638 988
520 53 949 816
530 50 986 980
530 51 1638 988
530 53 949 816
540 50 960 981
540 51 1638 988
540 53 950 816
550 50 933 982
550 51 1638 989
550 53 950 816
560 50 907 983
560 51 1638 990
560 53 950 816
570 50 868 983
570 51 1638 991
570 53 951 816
580 50 834 985
580 51 1639 991
580 53 951 816
590 50 799 986
590 51 1639 992
590 53 956 818
600 50 764 988
600 51 1639 993
600 53 966 822
610 50 730 989
610 51 1640 994
610 53 975 827
620 50 695 991
620 51 1640 995
620 53 984 831
630 50 661 992
630 51 1640 996
630 53 994 836
640 50 626 993
640 51 1641 997
640 53 1003 841
650 50 592 993
650 51 1641 997
650 53 1013 845
660 50 558 994
660 51 1642 997
660 53 1019 852
670 50 533 993
670 51 1642 997
670 53 1023 861
680 51 1643 997
680 53 1027 869
690 51 1643 997
690 53 1032 877
700 51 1644 997
700 53 1036 885
710 51 1645 997
710 53 1041 894
720 51 1645 997
720 53 1045 902
730 51 1646 997
730 53 1050 910
740 51 1646 997
740 53 1056 919
750 51 1647 997
750 53 1061 927
760 51 1647 997
760 53 1067 936
770 51 1648 997
770 53 1072 945
780 51 1649 997
780 53 1078 953
790 51 1649 997
790 53 1083 962
800 51 1649 998
800 53 1088 970
810 51 1648 998
810 53 1094 979
820 51 1648 999
820 53 1099 987
830 51 1647 999
830 53 1102 998
