0 25 418 326
0 26 1096 444
0 27 739 586
10 25 425 325
10 26 1106 443
10 27 745 580
20 25 433 324
20 26 1116 442
20 27 752 574
30 25 444 327
30 26 1122 444
30 27 759 574
40 25 456 329
40 26 1130 444
40 27 767 576
50 25 464 325
50 26 1131 440
50 27 774 568
60 25 473 329
60 26 1133 438
60 27 780 561
70 25 479 327
70 26 1137 437
70 27 790 562
80 25 488 326
80 26 1143 437
80 27 799 564
90 25 496 328
90 26 1147 439
90 27 801 557
100 25 505 332
100 26 1149 433
100 27 805 551
110 25 516 330
110 26 1155 434
110 27 815 549
120 25 526 329
120 26 1157 437
120 27 824 543
130 25 533 329
130 26 1160 432
130 27 828 548
140 25 543 331
140 26 1164 429
140 27 834 552
150 25 549 329
150 26 1167 431
150 27 840 549
160 25 556 329
160 26 1172 434
160 27 847 547
170 25 564 331
170 26 1176 431
170 27 853 542
180 25 574 333
180 26 1181 430
180 27 860 536
190 25 580 332
190 26 1181 430
190 27 863 532
200 25 589 331
200 26 1194 433
200 27 867 527
210 25 601 335
210 27 871 530
220 25 609 337
220 27 878 520
230 25 617 337
230 27 881 515
240 25 627 334
240 27 889 523
250 25 637 333
250 27 896 518
260 25 644 334
260 27 903 517
270 25 652 337
270 27 911 516
280 20 21 389
280 25 659 334
280 27 918 510
290 20 26 390
290 25 668 333
290 27 921 514
300 20 34 385
300 25 677 339
300 27 924 507
310 20 42 382
310 25 689 337
310 27 927 502
320 20 54 380
320 25 699 336
320 27 939 505
330 20 66 380
330 25 705 337
330 27 941 501
340 20 79 381
340 25 712 338
340 27 943 498
350 20 86 383
350 25 720 336
350 27 953 495
360 20 95 387
360 25 729 338
360 27 952 488
370 20 103 385
370 25 733 340
370 27 958 491
380 20 114 390
380 25 743 335
380 27 963 489
390 20 126 396
390 25 758 339
390 27 970 488
400 20 136 395
400 25 765 341
400 27 968 485
410 20 147 396
410 25 772 342
410 27 968 483
420 20 158 396
420 25 779 339
420 27 975 479
430 20 165 393
430 25 788 342
430 27 979 477
440 20 178 393
440 25 795 341
440 27 983 476
450 20 186 394
450 25 803 341
450 27 988 473
460 20 195 395
460 25 812 342
460 27 993 472
460 28 22 388
470 20 205 399
470 25 817 340
470 27 997 472
470 28 32 388
480 20 215 397
480 25 829 340
480 27 1002 472
480 28 39 385
490 20 222 396
490 25 835 341
490 27 1004 466
490 28 55 378
500 20 228 395
500 25 842 341
500 27 1007 462
500 28 63 380
510 20 244 399
510 25 853 346
510 27 1013 469
510 28 71 382
520 20 254 396
520 25 864 342
520 27 1022 464
520 28 89 384
530 20 262 396
530 25 870 343
530 27 1023 461
530 28 96 385
540 20 273 397
540 25 880 342
540 27 1026 464
540 28 105 389
550 20 283 395
550 25 890 344
550 27 1032 463
550 28 114 391
560 20 293 394
560 25 890 342
560 27 1035 455
560 28 125 395
570 20 301 393
570 25 901 344
570 27 1033 454
570 28 134 397
580 20 308 398
580 25 909 343
580 27 1042 450
580 28 144 398
590 20 317 395
590 25 916 348
590 27 1044 450
590 28 155 397
600 20 325 398
600 25 927 347
600 27 1046 450
600 28 166 397
610 20 333 397
610 25 937 348
610 27 1048 450
610 28 175 397
620 20 343 396
620 25 943 346
620 27 1053 447
620 28 183 398
630 20 355 396
630 25 950 346
630 27 1058 443
630 28 194 400
640 20 360 394
640 25 957 343
640 27 1060 441
640 28 205 400
650 20 366 393
650 25 964 341
650 27 1062 440
650 28 215 400
660 20 372 393
660 25 972 341
660 27 1064 440
660 28 226 402
670 20 377 390
670 25 982 342
670 27 1069 438
670 28 231 398
680 20 384 388
680 25 989 342
680 27 1073 438
680 28 239 397
690 20 391 387
690 25 995 343
690 27 1078 438
690 28 246 395
700 20 398 385
700 25 1003 346
700 27 1084 438
700 28 253 393
710 20 402 384
710 25 1013 344
710 27 1085 436
710 28 258 393
720 20 407 384
720 25 1017 348
720 27 1088 434
720 28 263 393
730 20 413 384
730 25 1024 346
730 27 1090 432
730 28 271 393
740 20 416 384
740 25 1031 344
740 27 1093 431
740 28 276 393
750 20 421 385
750 25 1039 343
750 27 1096 429
750 28 283 393
760 20 426 387
760 25 1041 344
760 27 1097 429
760 28 290 395
770 20 430 385
770 25 1052 345
770 27 1100 425
770 28 295 390
780 20 436 384
780 25 1055 344
780 27 1104 424
780 28 301 386
790 20 441 384
790 25 1060 343
790 27 1109 422
790 28 308 382
800 20 445 382
800 25 1065 343
800 27 1110 420
800 28 313 382
810 20 450 382
810 25 1070 344
810 27 1114 418
810 28 320 382
820 20 454 380
820 25 1076 344
820 27 1117 416
820 28 327 382
830 20 460 380
830 25 1082 346
830 27 1120 416
830 28 335 382
840 20 467 379
840 25 1097 343
840 27 1122 415
840 28 342 382
850 20 472 379
850 25 1101 342
850 27 1124 415
850 28 347 381
860 20 479 379
860 25 1104 342
860 27 1127 415
860 28 352 381
870 20 484 379
870 25 1108 342
870 27 1130 415
870 28 358 381
880 20 492 379
880 25 1111 342
880 27 1132 415
880 28 363 381
890 20 499 380
890 25 1116 342
890 27 1135 415
890 28 368 381
900 20 502 378
900 25 1120 341
900 27 1137 413
900 28 375 381
910 20 508 378
910 25 1126 341
910 27 1140 411
910 28 383 381
920 20 513 377
920 25 1132 341
920 27 1142 409
920 28 390 381
930 20 518 377
930 25 1137 340
930 27 1145 408
930 28 397 381
940 20 524 377
940 25 1143 341
940 27 1148 408
940 28 404 381
950 20 527 375
950 25 1147 339
950 27 1148 406
950 28 411 379
960 20 532 374
960 25 1150 338
960 27 1150 404
960 28 418 379
970 20 538 372
970 25 1155 337
970 27 1151 404
970 28 427 379
980 20 543 370
980 25 1158 336
980 27 1153 402
980 28 434 379
990 20 548 369
990 25 1164 336
990 27 1155 402
990 28 443 379
1000 20 552 367
1000 25 1167 336
1000 27 1157 400
1000 28 450 377
1010 20 557 367
1010 25 1173 336
1010 27 1159 399
1010 28 457 375
1020 20 563 366
1020 25 1177 337
1020 27 1162 397
1020 28 464 375
1030 20 568 366
1030 25 1182 337
1030 27 1165 395
1030 28 471 374
1040 20 573 366
1040 25 1188 339
1040 27 1168 393
1040 28 479 374
1050 20 579 364
1050 25 1190 337
1050 27 1170 393
1050 28 486 374
1060 20 586 363
1060 25 1192 335
1060 27 1172 393
1060 28 494 374
1070 20 591 361
1070 25 1195 334
1070 27 1175 393
1070 28 502 374
1080 20 598 359
1080 25 1198 332
1080 27 1176 393
1080 28 510 374
1090 20 605 357
1090 25 1201 332
1090 27 1180 393
1090 28 519 375
1100 20 611 357
1100 25 1211 332
1100 27 1182 392
1100 28 526 374
1110 20 616 357
1110 27 1183 390
1110 28 535 374
1120 20 621 357
1120 27 1185 390
1120 28 544 374
1130 20 625 359
1130 27 1189 388
1130 28 550 371
1140 20 634 357
1140 27 1191 386
1140 28 555 369
1150 20 643 357
1150 27 1193 386
1150 28 561 367
1160 20 652 355
1160 27 1195 386
1160 28 566 366
1170 20 660 355
1170 27 1197 386
1170 28 572 364
1180 20 666 355
1180 27 1200 382
1180 28 580 364
1190 20 671 357
1190 27 1203 379
1190 28 587 364
1200 20 676 358
1200 27 1206 377
1200 28 596 364
1210 20 676 358
1210 27 1206 375
1210 28 603 363
1220 20 678 360
1220 27 1206 375
1220 28 612 364
1230 20 680 362
1230 27 1207 375
1230 28 620 364
1240 20 682 364
1240 27 1207 375
1240 28 629 365
1250 20 682 364
1250 27 1209 375
1250 28 631 366
1260 20 682 364
1260 27 1208 375
1260 28 633 368
1270 20 682 366
1270 28 636 372
1280 20 682 367
1280 28 636 372
1290 20 682 369
1290 28 636 372
1300 20 684 367
1300 28 636 372
1310 20 687 367
1310 28 638 372
1320 20 685 367
1320 28 638 372
1330 20 685 369
1330 28 638 372
1340 20 684 369
1340 28 640 372
1350 20 682 369
1350 28 640 372
1360 20 682 369
1360 28 640 372
1370 20 684 369
1370 28 642 372
1380 20 685 371
1380 28 642 372
1390 20 684 366
1390 28 642 372
1400 20 682 360
1400 28 644 372
1410 20 676 360
1410 28 644 372
1420 20 673 360
1420 28 644 372
1430 20 671 360
1430 28 645 372
1440 20 671 360
1440 28 644 370
1450 20 670 360
1450 28 644 369
1460 20 670 361
1460 28 644 369
1470 20 668 361
1470 28 645 368
1480 20 667 361
1480 28 647 368
1490 20 670 361
1490 28 649 368
1500 20 668 361
1500 28 652 369
1510 20 667 363
1510 28 654 369
1520 20 667 363
1530 20 665 365
1540 20 665 366
1550 20 664 364
1560 20 669 364
1570 20 668 366
1580 20 671 365
1590 20 667 365
1600 20 665 365
1610 20 665 362
1620 20 666 361
1630 20 667 360
1640 20 668 359
1650 20 668 359
1660 20 668 359
1670 20 668 359
1680 20 668 359
1690 20 672 361
1700 20 676 363
1710 20 677 364
1720 20 677 366
1730 20 677 366
1740 20 677 366
1750 20 676 366
1760 20 676 366
1770 20 674 366
1780 20 674 366
1790 20 673 366
1800 20 672 366
1810 20 672 366
1820 20 670 366
1830 20 670 366
1840 20 669 366
1940 35 1112 710
1950 35 1117 707
1960 35 1123 705
1970 35 1126 703
1980 35 1131 702
1990 35 1140 698
2000 35 1140 695
2010 35 1143 693
2020 35 1143 691
2030 35 1144 691
2040 35 1145 688
2050 35 1149 683
