0 0 114 319
0 56 1049 384
0 66 1090 706
10 0 105 319
10 56 1042 382
10 66 1081 709
20 0 96 320
20 56 1035 381
20 66 1074 713
30 0 88 320
30 56 1027 381
40 0 81 320
40 56 1019 380
50 0 73 320
50 56 1013 380
60 0 65 320
60 56 1007 381
70 0 56 320
70 56 1000 381
80 0 47 320
80 56 993 381
90 0 38 320
90 56 986 382
100 0 31 320
100 56 977 382
110 0 23 320
110 56 970 384
120 0 16 321
120 56 962 387
130 0 7 319
130 56 955 390
140 56 948 391
150 56 941 392
150 58 1273 524
160 56 933 393
160 58 1272 524
170 56 926 393
170 58 1271 525
180 56 919 394
180 58 1269 525
190 56 912 395
190 58 1268 526
200 56 904 395
200 58 1267 527
210 56 897 396
210 58 1265 530
220 56 891 396
220 58 1262 533
230 56 885 397
230 58 1260 535
240 56 877 398
240 58 1256 537
250 56 870 399
250 58 1253 538
260 56 862 400
260 58 1250 541
270 56 854 400
270 58 1248 544
280 56 846 401
280 58 1246 547
290 56 840 402
290 58 1244 550
300 56 833 403
300 58 1244 552
310 56 827 404
310 58 1244 554
320 56 807 408
320 58 1237 561
330 56 800 408
330 58 1234 564
340 56 781 411
340 58 1226 571
350 56 772 411
350 58 1223 575
360 56 765 412
360 58 1219 579
370 56 758 413
370 58 1216 582
380 56 751 415
380 58 1213 585
390 56 743 416
390 58 1210 588
400 56 735 418
400 58 1207 591
410 56 728 420
410 58 1204 593
420 56 721 421
420 58 1201 596
430 56 715 422
430 58 1197 600
440 56 708 423
440 58 1194 603
450 56 702 425
450 58 1190 607
460 56 695 427
460 58 1187 610
470 56 688 429
470 58 1183 614
480 56 682 432
480 58 1180 617
490 56 674 433
490 58 1176 621
500 56 667 434
500 58 1172 625
510 56 659 435
510 58 1168 629
520 56 651 437
520 58 1165 632
530 56 644 439
530 58 1161 636
540 56 637 441
540 58 1158 641
550 56 630 443
550 58 1155 645
560 56 623 446
560 58 1152 650
570 56 617 449
570 58 1148 654
580 56 611 453
580 58 1145 659
590 56 604 454
590 58 1141 664
600 56 597 456
600 58 1135 667
610 56 568 463
610 58 1115 684
620 56 544 469
620 58 1103 689
630 56 528 469
630 58 1097 692
640 56 512 470
640 58 1091 695
650 56 496 471
650 58 1086 698
660 56 481 472
660 58 1080 699
670 56 464 471
670 58 1075 700
680 56 447 471
680 58 1069 703
690 56 430 471
690 58 1063 706
700 56 411 471
700 58 1046 707
710 56 393 471
710 58 1028 709
720 56 375 472
720 58 1011 709
730 56 357 472
730 58 991 710
740 56 339 472
740 58 967 710
750 56 321 472
750 58 943 710
760 56 302 472
760 58 921 710
770 56 282 470
770 58 898 709
780 56 261 469
780 58 876 709
790 56 237 468
790 58 853 709
800 56 212 467
800 58 830 709
810 56 188 467
810 58 808 709
810 65 1272 557
820 56 163 467
820 58 786 709
820 65 1271 560
830 56 140 468
830 58 763 708
830 65 1269 562
840 56 118 470
840 58 739 708
840 65 1267 565
850 56 98 471
850 58 716 708
850 65 1263 569
860 56 80 471
860 58 694 708
860 65 1261 574
870 56 63 471
870 58 671 708
870 65 1258 576
880 56 41 473
880 58 649 708
880 65 1255 578
890 56 22 475
890 58 627 709
890 65 1252 581
900 56 9 475
900 58 604 710
900 65 1249 584
910 58 581 711
910 65 1247 586
920 58 551 711
920 65 1245 589
930 58 526 712
930 65 1243 592
940 58 502 714
940 65 1240 594
950 58 477 715
950 65 1238 597
960 58 452 715
960 65 1236 599
970 65 1233 603
980 65 1230 607
990 65 1227 610
1000 65 1223 614
1010 65 1220 618
1020 65 1216 621
1030 65 1212 624
1040 65 1208 627
1050 65 1204 629
1060 65 1200 632
1060 67 1061 712
1070 65 1197 636
1070 67 1063 709
1080 65 1194 640
1080 67 1066 706
1090 65 1190 644
1090 67 1071 703
