500 52 398 710
510 52 400 706
520 52 401 703
530 52 403 700
540 52 404 696
550 52 405 692
560 52 407 688
570 52 407 685
580 52 405 681
590 52 403 677
600 52 401 673
610 52 400 669
620 52 396 663
630 52 393 657
640 52 391 652
650 52 388 646
660 52 385 640
670 52 382 635
680 52 379 629
690 52 376 623
700 52 372 618
710 52 369 612
710 53 206 708
720 52 365 606
720 53 225 708
730 52 362 601
730 53 244 707
740 52 358 596
740 53 266 706
750 52 355 592
750 53 284 704
760 52 351 588
760 53 300 703
770 52 348 583
770 53 316 702
780 52 346 579
780 53 330 699
790 52 348 574
790 53 344 697
800 52 351 569
800 53 359 694
810 52 353 564
810 53 377 692
820 52 355 559
820 53 396 690
830 52 360 555
830 53 412 688
840 52 365 553
840 53 426 686
850 52 370 550
850 53 440 684
860 52 375 547
860 53 453 682
870 52 380 544
870 53 466 681
880 52 386 541
880 53 478 679
890 52 391 538
890 53 491 677
900 52 397 534
900 53 503 675
910 52 402 531
910 53 516 673
920 52 407 527
920 53 529 670
930 52 411 523
930 53 542 668
940 52 416 519
940 53 555 665
950 52 420 516
950 53 568 662
960 52 424 512
960 53 578 658
970 52 426 510
970 53 588 654
980 52 428 508
980 53 599 649
990 52 431 506
990 53 609 645
1000 52 433 503
1000 53 619 641
1010 52 435 500
1010 53 628 638
1020 52 435 497
1020 53 637 635
1030 52 436 494
1030 53 646 632
1040 52 437 490
1040 53 655 629
1050 52 437 487
1050 53 663 627
1060 52 436 484
1060 53 673 623
1070 52 434 481
1070 53 683 619
1080 52 432 478
1080 53 694 616
1090 52 431 475
1090 53 704 612
1100 52 429 472
1100 53 712 609
1110 52 427 469
1110 53 721 606
1120 52 425 466
1120 53 729 603
1130 52 425 464
1130 53 737 600
1140 52 424 461
1140 53 745 597
1150 52 423 459
1150 53 752 595
1160 52 423 456
1160 53 759 592
1170 52 422 454
1170 53 767 589
1180 52 420 452
1180 53 774 586
1190 52 418 450
1190 53 782 583
1200 52 416 448
1200 53 788 581
1210 52 414 446
1210 53 795 578
1220 52 412 444
1220 53 801 575
1230 52 410 442
1230 53 807 572
1240 52 407 440
1240 53 814 569
1250 52 404 438
1250 53 820 566
1260 52 400 436
1260 53 828 564
1270 52 397 434
1270 53 835 563
1280 52 393 432
1280 53 843 561
1290 52 390 430
1290 53 850 559
1300 52 387 428
1300 53 858 557
1310 52 384 426
1310 53 865 555
1320 52 381 424
1320 53 871 552
1330 52 378 422
1330 53 876 550
1340 52 375 419
1340 53 881 547
1350 52 373 417
1350 53 887 545
1360 52 369 415
1360 53 892 542
1370 52 365 413
1370 53 898 540
1380 52 361 411
1380 53 904 538
1390 52 357 409
1390 53 910 536
1400 52 353 407
1400 53 915 535
1410 52 349 405
1410 53 921 533
1420 52 344 403
1420 53 927 531
1430 52 338 401
1430 53 933 529
1440 52 332 399
1440 53 939 526
1450 52 317 394
1450 53 952 518
1450 58 9 608
1460 52 311 393
1460 53 955 516
1460 58 42 616
1470 52 304 391
1470 53 957 515
1470 58 75 628
1480 52 298 390
1480 53 960 513
1480 58 108 639
1490 52 292 389
1490 53 963 511
1490 58 141 651
1500 52 289 388
1500 53 966 510
1500 58 174 662
1510 52 286 387
1510 53 969 508
1510 58 200 677
1520 52 283 387
1520 53 972 507
1520 58 222 690
1530 52 280 386
1530 53 975 505
1530 58 242 692
1540 52 279 386
1540 53 977 504
1540 58 260 695
1550 52 279 386
1550 53 980 502
1550 58 278 698
1560 52 280 386
1560 53 983 500
1560 58 297 701
1570 52 281 386
1570 53 986 498
1570 58 316 704
1580 52 280 385
1580 53 989 496
1580 58 339 706
1590 52 280 385
1590 53 992 494
1590 58 367 706
1600 52 279 385
1600 53 995 493
1600 58 407 707
1610 52 279 385
1610 53 998 491
1610 58 451 710
1620 52 279 385
1620 53 1002 490
1620 58 496 710
1630 52 279 385
1630 53 1005 488
1630 58 541 710
1640 52 279 385
1640 53 1009 486
1640 58 587 709
1650 52 279 385
1650 53 1012 485
1650 58 633 706
1660 52 279 385
1660 53 1016 483
1660 58 679 704
1670 52 278 385
1670 53 1020 482
1670 58 724 703
1680 52 278 385
1680 53 1024 481
1680 58 772 700
1690 52 278 385
1690 53 1028 479
1690 58 822 695
1700 52 278 385
1700 53 1032 478
1700 58 866 691
1710 52 278 385
1710 53 1036 477
1710 58 905 687
1720 52 276 385
1720 53 1040 475
1720 58 937 679
1730 52 274 384
1730 53 1045 474
1730 58 967 670
1740 52 272 383
1740 53 1049 472
1740 58 993 659
1750 52 271 384
1750 53 1054 471
1750 58 1017 646
1760 52 272 387
1760 53 1059 470
1760 58 1036 632
1770 52 272 384
1770 53 1063 468
1770 58 1053 617
1780 52 271 381
1780 53 1068 467
1780 58 1070 603
1790 52 270 382
1790 53 1073 466
1790 58 1084 589
1800 52 270 385
1800 53 1077 464
1800 58 1098 578
1810 53 1079 463
1810 58 1109 569
1820 53 1082 462
1820 58 1120 559
1830 53 1085 460
1830 58 1134 551
1840 53 1088 459
1840 58 1148 542
1850 53 1090 458
1850 58 1161 533
1860 53 1093 457
1860 58 1175 525
1870 53 1096 456
1870 58 1186 517
1880 53 1098 454
1880 58 1197 510
1890 53 1101 453
1890 58 1208 502
1900 53 1104 452
1900 58 1219 495
1910 53 1106 451
1910 58 1224 491
1920 53 1108 450
1920 58 1229 493
1930 53 1111 448
1930 58 1235 493
1940 53 1114 447
1950 53 1116 446
1960 53 1118 445
1970 53 1121 444
1980 53 1123 443
1990 53 1125 441
2000 53 1126 440
2010 53 1128 439
2020 53 1129 438
2030 53 1131 437
2040 53 1132 436
2050 53 1134 435
2060 53 1135 434
2070 53 1137 432
2080 53 1138 431
2090 53 1140 430
2100 53 1142 429
2110 53 1144 428
2120 53 1146 426
2130 53 1148 425
2140 53 1150 424
2150 53 1151 423
2150 54 533 710
2160 53 1153 422
2160 54 532 707
2170 53 1156 421
2170 54 532 703
2180 53 1159 420
2180 54 533 700
2190 53 1162 419
2190 54 535 696
2200 53 1165 418
2200 54 537 692
2210 53 1168 417
2210 54 539 689
2220 53 1172 417
2220 54 544 686
2230 53 1175 416
2230 54 549 682
2240 53 1179 415
2240 54 554 679
2250 53 1183 415
2250 54 559 675
2260 53 1188 415
2260 54 562 669
2270 54 566 664
2280 54 569 658
2290 54 573 653
2300 54 577 647
2310 54 581 641
2320 54 586 636
2330 54 590 630
2340 54 593 625
2350 54 596 621
2360 54 599 617
2370 54 602 612
2380 54 605 608
2390 54 609 604
2400 54 609 598
2410 54 610 592
2420 54 611 586
2420 61 757 260
2430 54 611 581
2430 56 1052 707
2430 61 762 260
2440 54 609 569
2440 56 1060 700
2440 61 785 260
2450 54 609 564
2450 56 1064 697
2450 61 790 259
2460 54 609 559
2460 56 1068 695
2460 61 795 259
2470 54 609 555
2470 56 1072 692
2470 61 800 259
2480 54 609 550
2480 56 1075 690
2480 61 806 259
2490 54 609 545
2490 56 1079 688
2490 61 812 260
2490 62 281 383
2500 54 609 540
2500 56 1083 686
2500 61 818 260
2500 62 289 384
2510 54 611 535
2510 56 1087 683
2510 61 823 260
2510 62 299 385
2520 54 612 531
2520 56 1091 681
2520 61 829 260
2520 62 309 386
2530 54 614 526
2530 56 1097 679
2530 61 835 260
2530 62 320 388
2540 54 616 523
2540 56 1104 677
2540 61 840 260
2540 62 327 387
2550 54 618 521
2550 56 1111 675
2550 61 845 261
2550 62 335 387
2560 54 621 519
2560 56 1118 674
2560 61 851 262
2560 62 336 385
2570 54 623 516
2570 56 1124 669
2570 61 857 263
2570 62 333 383
2580 54 626 514
2580 56 1130 664
2580 61 863 264
2580 62 331 382
2590 54 628 511
2590 56 1136 660
2590 61 868 264
2590 62 323 375
2600 54 629 508
2600 56 1143 655
2600 61 873 264
2600 62 315 369
2610 54 631 504
2610 56 1148 651
2610 61 879 264
2610 62 305 365
2620 54 632 501
2620 56 1151 646
2620 61 884 264
2620 62 296 364
2630 54 634 498
2630 56 1153 642
2630 61 889 265
2630 62 290 364
2640 54 636 494
2640 56 1156 638
2640 61 894 266
2640 62 290 364
2650 54 638 492
2650 56 1159 633
2650 61 900 267
2650 62 290 364
2660 54 641 491
2660 56 1162 629
2660 61 905 267
2660 62 290 364
2670 54 643 489
2670 56 1164 628
2670 61 910 268
2670 62 286 363
2680 54 645 487
2680 56 1166 627
2680 61 916 268
2680 62 283 363
2690 54 648 485
2690 56 1167 627
2690 61 921 268
2690 62 278 364
2700 54 649 483
2700 56 1170 623
2700 61 927 268
2700 62 277 367
2710 54 651 479
2710 56 1173 620
2710 61 932 269
2710 62 277 371
2720 54 652 476
2720 56 1176 616
2720 61 937 270
2720 62 277 373
2730 54 653 473
2730 56 1179 612
2730 61 942 271
2730 62 277 373
2740 54 655 470
2740 56 1182 609
2740 61 947 271
2740 62 278 372
2750 54 656 468
2750 56 1185 605
2750 61 952 272
2750 62 278 371
2760 54 658 465
2760 56 1188 602
2760 61 956 272
2760 62 279 371
2770 54 660 463
2770 56 1191 599
2770 61 961 272
2770 62 279 370
2780 54 662 460
2780 56 1194 595
2780 61 966 272
2780 62 280 369
2790 54 664 458
2790 56 1198 593
2790 61 970 272
2790 62 280 369
2800 54 665 456
2800 56 1203 591
2800 61 975 272
2800 62 280 368
2810 54 666 454
2810 56 1208 588
2810 61 980 273
2810 62 281 368
2820 54 668 452
2820 56 1213 586
2820 61 985 273
2820 62 281 367
2830 54 669 449
2830 56 1216 584
2830 61 991 274
2830 62 282 366
2840 54 669 447
2840 56 1219 582
2840 61 996 275
2840 62 282 366
2850 54 669 445
2850 56 1223 580
2850 61 1001 275
2850 62 284 366
2860 54 668 444
2860 56 1224 578
2860 61 1007 276
2860 62 286 366
2870 54 667 442
2870 56 1226 576
2870 61 1013 276
2870 62 287 366
2880 54 666 440
2880 56 1227 574
2880 61 1018 277
2880 62 285 367
2890 54 666 439
2890 56 1229 572
2890 61 1024 277
2890 62 283 368
2900 54 663 437
2900 56 1230 570
2900 61 1030 278
2900 62 282 370
2910 54 660 435
2910 56 1231 566
2910 61 1035 278
2910 62 280 371
2920 54 658 433
2920 56 1233 563
2920 61 1041 279
2920 62 278 372
2930 54 655 431
2930 56 1234 560
2930 61 1047 279
2930 62 279 371
2940 54 652 428
2940 56 1236 557
2940 61 1053 280
2940 62 280 370
2950 54 649 426
2950 56 1238 555
2950 61 1059 281
2950 62 282 368
2960 54 645 424
2960 56 1241 553
2960 61 1065 281
2960 62 284 366
2970 54 641 422
2970 56 1244 551
2970 61 1070 282
2970 62 287 366
2980 54 637 417
2980 56 1246 548
2980 61 1077 282
2980 62 291 366
2990 54 633 410
2990 56 1248 547
2990 61 1083 283
2990 62 295 366
3000 54 629 409
3000 56 1251 545
3000 61 1090 283
3000 62 297 366
3010 54 626 409
3010 56 1253 543
3010 61 1096 284
3010 62 297 366
3020 54 626 410
3020 56 1256 541
3020 61 1103 285
3020 62 296 366
3030 54 628 411
3030 56 1258 539
3030 61 1110 286
3030 62 295 366
3040 54 630 413
3040 56 1261 537
3040 61 1116 287
3040 62 295 366
3050 54 632 414
3050 56 1263 535
3050 61 1123 288
3050 62 299 366
3060 54 632 413
3060 56 1264 533
3060 61 1129 288
3060 62 304 367
3070 54 632 413
3070 56 1265 530
3070 61 1135 288
3070 62 309 368
3080 54 631 413
3080 56 1266 528
3080 61 1142 289
3080 62 317 371
3090 54 631 413
3090 56 1266 525
3090 61 1148 290
3090 62 325 373
3100 54 631 413
3100 56 1267 523
3100 61 1155 290
3100 62 330 380
3110 54 630 413
3110 56 1267 521
3110 61 1161 291
3110 62 335 384
3120 54 630 413
3120 56 1268 519
3120 61 1168 292
3120 62 339 387
3130 54 630 413
3130 56 1270 519
3130 61 1175 293
3130 62 338 388
3140 54 630 413
3140 56 1272 519
3140 61 1181 294
3140 62 335 388
3150 54 630 413
3150 56 1273 518
3150 57 1081 711
3150 61 1188 295
3150 62 332 388
3160 54 631 413
3160 57 1087 708
3160 61 1195 296
3160 62 326 388
3170 54 631 413
3170 57 1092 705
3170 61 1201 296
3170 62 316 388
3180 54 631 413
3180 57 1097 702
3180 61 1208 297
3180 62 306 388
3190 54 631 413
3190 57 1102 699
3190 61 1214 297
3190 62 298 388
3200 54 631 412
3200 57 1107 696
3200 61 1221 298
3200 62 290 387
3210 54 631 410
3210 57 1113 693
3210 61 1228 298
3210 62 284 386
3220 54 631 409
3220 57 1117 690
3220 61 1235 299
3220 62 278 385
3230 54 631 409
3230 57 1122 687
3230 61 1241 299
3230 62 272 384
3240 54 631 409
3240 57 1130 684
3240 61 1248 300
3240 62 272 384
3250 54 631 409
3250 57 1139 681
3250 62 271 384
3260 54 631 409
3260 57 1145 675
3260 62 271 384
3270 54 631 409
3270 57 1150 668
3270 62 271 384
3280 54 631 409
3280 57 1155 662
3280 62 272 383
3290 54 631 409
3290 57 1160 655
3300 54 631 409
3300 57 1165 649
3310 54 630 410
3310 57 1170 643
3320 54 630 411
3320 57 1175 639
3330 54 630 412
3330 57 1178 635
3340 54 630 412
3340 57 1181 632
3350 54 630 413
3350 57 1184 628
3360 54 630 414
3360 57 1189 623
3370 54 630 414
3370 57 1193 618
3380 54 631 414
3380 57 1197 613
3390 54 631 414
3390 57 1201 608
3400 54 631 413
3400 57 1205 604
3410 54 631 412
3410 57 1209 600
3420 54 631 412
3420 57 1213 597
3430 54 631 411
3430 57 1216 593
3440 54 628 409
3440 57 1219 589
3450 54 624 407
3450 57 1221 586
3460 54 621 405
3460 57 1224 583
3470 54 618 403
3470 57 1227 578
3480 54 619 403
3480 57 1231 574
3490 54 620 403
3490 57 1235 570
3500 54 620 403
3500 57 1238 567
3510 54 621 403
3510 57 1242 564
3520 54 621 403
3520 57 1245 561
3530 54 620 404
3530 57 1249 558
3540 54 619 404
3540 57 1253 555
3550 57 1256 552
3560 57 1259 549
3570 57 1263 545
3580 57 1265 542
3590 57 1267 540
3600 55 7 322
3600 57 1268 537
3610 55 17 327
3610 57 1270 534
3620 55 29 331
3620 57 1272 533
3630 55 39 331
3640 55 49 332
3650 55 59 332
3660 55 69 332
3670 55 79 332
3680 55 88 332
3690 55 97 332
3700 55 106 333
3710 55 114 334
3720 55 124 334
3730 55 133 334
3740 55 142 334
3750 55 152 334
3760 55 161 334
3770 55 170 334
3780 55 180 334
3790 55 189 334
3800 55 198 334
3810 55 206 334
3820 55 214 335
3830 55 222 335
3840 55 230 335
3850 55 237 336
3860 55 244 336
3870 55 251 336
3880 55 258 336
3890 55 265 336
