0 34 1643 1005
0 51 1772 968
0 52 1644 981
0 53 1756 1009
0 54 950 109
10 34 1646 1002
10 51 1772 967
10 52 1643 980
10 53 1755 1009
10 54 954 114
20 34 1646 1002
20 51 1772 967
20 52 1643 980
20 53 1755 1009
20 54 958 119
30 34 1646 1002
30 51 1772 967
30 52 1643 980
30 53 1754 1009
30 54 962 124
40 34 1646 1002
40 51 1772 967
40 52 1643 980
40 53 1754 1009
40 54 966 129
50 34 1646 1002
50 51 1772 967
50 52 1643 980
50 53 1754 1009
50 54 970 134
60 34 1646 1002
60 51 1772 967
60 52 1643 980
60 53 1753 1009
60 54 974 139
70 34 1646 1002
70 51 1772 967
70 52 1643 980
70 53 1753 1009
70 54 979 145
80 34 1646 1002
80 51 1772 967
80 52 1643 980
80 53 1753 1009
80 54 985 150
90 34 1646 1002
90 51 1771 967
90 52 1643 980
90 53 1752 1009
90 54 990 155
100 34 1646 1002
100 51 1771 967
100 52 1643 980
100 53 1752 1009
100 54 994 161
110 34 1646 1002
110 51 1771 967
110 52 1643 980
110 53 1752 1009
110 54 998 166
120 34 1646 1002
120 51 1771 967
120 52 1643 980
120 53 1750 1008
120 54 1003 172
130 34 1646 1002
130 51 1771 967
130 52 1643 980
130 53 1745 1007
130 54 1009 177
140 34 1646 1002
140 51 1771 967
140 52 1643 979
140 53 1739 1006
140 54 1014 183
150 34 1646 1002
150 51 1771 967
150 52 1643 979
150 53 1734 1004
150 54 1020 188
160 34 1646 1002
160 51 1771 967
160 52 1643 979
160 53 1729 1003
160 54 1026 194
170 34 1646 1002
170 51 1771 967
170 52 1643 979
170 53 1724 1002
170 54 1028 199
180 34 1646 1002
180 51 1771 967
180 52 1643 979
180 53 1718 1000
180 54 1031 204
190 34 1646 1002
190 51 1771 967
190 52 1643 979
190 53 1713 999
190 54 1033 210
200 34 1646 1002
200 51 1771 967
200 52 1643 979
200 53 1711 999
200 54 1036 215
210 34 1646 1002
210 51 1771 967
210 52 1643 979
210 53 1711 999
210 54 1038 220
220 34 1646 1002
220 51 1771 967
220 52 1643 979
220 53 1711 999
220 54 1042 226
230 34 1646 1002
230 51 1771 967
230 52 1643 979
230 53 1711 999
230 54 1048 232
240 34 1646 1002
240 51 1771 967
240 52 1643 979
240 53 1711 999
240 54 1053 238
250 34 1646 1002
250 51 1771 967
250 52 1643 979
250 53 1711 999
250 54 1057 244
260 34 1646 1002
260 51 1771 967
260 52 1643 979
260 53 1711 999
260 54 1062 250
270 34 1646 1002
270 51 1771 967
270 52 1642 978
270 53 1711 999
270 54 1067 256
280 34 1646 1002
280 51 1771 967
280 52 1642 978
280 53 1711 999
280 54 1070 262
290 34 1646 1002
290 51 1771 967
290 52 1642 978
290 53 1711 999
290 54 1074 268
300 34 1646 1002
300 51 1771 967
300 52 1642 978
300 53 1711 999
300 54 1078 274
310 34 1643 1002
310 51 1771 967
310 52 1642 978
310 53 1711 999
310 54 1082 280
320 34 1643 1002
320 51 1771 967
320 52 1642 978
320 53 1711 999
320 54 1086 286
330 34 1643 1002
330 51 1770 967
330 52 1642 978
330 53 1711 999
330 54 1090 292
340 34 1643 1002
340 51 1770 967
340 52 1642 978
340 53 1711 999
340 54 1093 299
350 34 1643 1003
350 51 1770 967
350 52 1642 978
350 53 1711 999
350 54 1099 305
360 34 1643 1003
360 51 1770 967
360 52 1642 978
360 53 1710 999
360 54 1104 312
370 34 1643 1003
370 51 1770 967
370 52 1642 978
370 53 1710 999
370 54 1110 318
380 34 1643 1003
380 51 1770 967
380 52 1642 978
380 53 1710 999
380 54 1116 325
390 34 1642 1005
390 51 1770 967
390 52 1642 978
390 53 1710 999
390 54 1122 331
400 34 1642 1005
400 51 1770 967
400 52 1642 977
400 53 1710 999
400 54 1128 338
410 34 1642 1005
410 51 1770 967
410 52 1642 977
410 53 1710 999
410 54 1134 344
420 34 1642 1005
420 51 1770 967
420 52 1642 977
420 53 1710 999
420 54 1140 351
430 34 1642 1006
430 51 1770 967
430 52 1642 977
430 53 1710 999
430 54 1148 358
440 34 1642 1006
440 51 1770 967
440 52 1642 977
440 53 1710 999
440 54 1155 365
450 34 1642 1006
450 51 1770 967
450 52 1642 977
450 53 1710 999
450 54 1163 371
460 34 1642 1006
460 51 1770 967
460 52 1642 977
460 53 1710 999
460 54 1170 378
470 34 1642 1006
470 51 1770 967
470 52 1642 977
470 53 1710 999
470 54 1178 385
480 34 1643 1006
480 50 1882 852
480 51 1770 967
480 52 1642 977
480 53 1710 999
480 54 1185 392
490 34 1646 1006
490 50 1852 860
490 51 1770 967
490 52 1642 977
490 53 1710 999
490 54 1192 398
500 34 1647 1006
500 50 1822 865
500 51 1761 967
500 52 1642 977
500 53 1710 999
500 54 1199 406
510 34 1646 1006
510 50 1793 869
510 51 1750 966
510 52 1642 977
510 53 1710 999
510 54 1206 414
520 34 1633 1014
520 50 1767 876
520 51 1738 965
520 52 1642 977
520 53 1710 999
520 54 1212 422
530 34 1618 1019
530 50 1743 883
530 51 1726 964
530 52 1639 977
530 53 1707 999
530 54 1219 430
540 34 1605 1027
540 50 1720 891
540 51 1715 963
540 52 1630 979
540 53 1705 998
540 54 1226 438
550 34 1586 1027
550 50 1696 898
550 51 1701 962
550 52 1622 979
550 53 1700 997
550 54 1233 446
560 34 1569 1029
560 50 1673 903
560 51 1679 961
560 52 1613 981
560 53 1692 996
560 54 1240 453
570 34 1550 1030
570 50 1651 909
570 51 1659 960
570 52 1605 982
570 53 1684 995
570 54 1247 461
580 34 1538 1030
580 50 1628 914
580 51 1638 959
580 52 1588 984
580 53 1668 995
580 54 1254 469
590 34 1502 1033
590 50 1605 919
590 51 1619 957
590 52 1564 986
590 53 1652 994
590 54 1261 476
600 34 1473 1037
600 50 1580 926
600 51 1601 955
600 52 1540 988
600 53 1636 994
600 54 1269 485
610 34 1445 1038
610 50 1553 935
610 51 1583 958
610 52 1515 991
610 53 1614 996
610 54 1276 495
620 34 1418 1041
620 50 1526 944
620 51 1567 970
620 52 1490 993
620 53 1592 998
620 54 1284 504
630 34 1391 1043
630 50 1498 949
630 51 1551 980
630 52 1461 993
630 53 1569 1000
630 54 1292 513
640 34 1366 1046
640 50 1468 951
640 51 1531 981
640 52 1433 993
640 53 1546 1002
640 54 1299 523
650 34 1337 1049
650 50 1438 952
650 51 1511 983
650 52 1404 993
650 53 1523 1004
650 54 1307 532
660 34 1308 1051
660 50 1408 953
660 51 1491 984
660 52 1375 993
660 53 1500 1007
660 54 1315 541
670 34 1281 1054
670 50 1381 955
670 51 1471 984
670 52 1347 993
670 53 1477 1009
670 54 1322 549
680 34 1251 1057
680 50 1354 957
680 51 1451 984
680 52 1318 994
680 53 1456 1009
680 54 1330 557
690 34 1223 1059
690 50 1327 959
690 51 1430 985
690 52 1289 995
690 53 1434 1010
690 54 1338 565
700 34 1197 1063
700 50 1299 962
700 51 1410 985
700 52 1261 996
700 53 1411 1011
700 54 1346 573
710 34 1165 1065
710 50 1269 966
710 51 1385 988
710 52 1232 997
710 53 1388 1013
710 54 1352 582
720 34 1135 1067
720 50 1239 970
720 51 1359 990
720 52 1201 999
720 53 1365 1015
720 54 1359 591
730 34 1109 1069
730 50 1209 974
730 51 1332 993
730 52 1167 1002
730 53 1343 1016
730 54 1366 601
740 34 1082 1071
740 50 1179 976
740 51 1307 995
740 52 1134 1005
740 53 1320 1018
740 54 1372 610
750 50 1149 978
750 51 1284 996
750 52 1104 1005
750 53 1296 1019
750 54 1379 619
760 50 1119 980
760 51 1261 998
760 52 1074 1006
760 53 1273 1019
760 54 1385 629
770 50 1089 981
770 51 1238 999
770 52 1044 1006
770 53 1249 1019
770 54 1393 638
780 50 1059 983
780 51 1215 1000
780 52 1014 1007
780 53 1225 1019
780 54 1403 648
790 50 1029 983
790 51 1191 1000
790 52 984 1008
790 53 1202 1019
790 54 1412 658
800 50 997 983
800 51 1167 999
800 52 954 1009
800 53 1178 1019
800 54 1422 668
810 50 965 983
810 51 1143 999
810 52 924 1010
810 53 1154 1020
810 54 1431 678
820 50 934 984
820 51 1118 999
820 52 894 1012
820 53 1130 1021
820 54 1441 688
830 50 902 988
830 51 1090 999
830 52 864 1013
830 53 1106 1023
830 54 1449 698
840 50 870 989
840 51 1061 1000
840 52 834 1015
840 53 1082 1024
840 54 1456 708
850 50 838 988
850 51 1033 1001
850 52 804 1017
850 53 1058 1025
850 54 1464 719
860 50 806 987
860 51 1005 1001
860 52 773 1019
860 53 1036 1026
860 54 1471 729
870 50 774 986
870 51 978 1001
870 52 742 1020
870 53 1014 1026
870 54 1479 739
880 50 741 987
880 51 953 1001
880 52 712 1020
880 53 992 1026
880 54 1483 750
890 50 708 989
890 51 928 1001
890 52 681 1021
890 53 971 1026
890 54 1486 761
900 50 676 991
900 51 902 1001
900 52 650 1022
900 53 946 1026
900 54 1489 771
910 50 643 993
910 51 876 1001
910 52 619 1023
910 53 922 1026
910 54 1492 782
920 50 610 995
920 51 850 1001
920 52 589 1024
920 53 897 1026
920 54 1494 794
930 50 579 995
930 51 824 1001
930 52 560 1024
930 53 872 1026
930 54 1494 807
940 50 548 994
940 51 799 1001
940 52 532 1023
940 53 847 1026
940 54 1494 820
950 51 773 1001
950 53 823 1026
950 54 1494 833
960 51 746 1003
960 53 798 1026
960 54 1494 846
970 51 719 1004
970 53 773 1026
970 54 1488 857
980 51 692 1006
980 53 747 1028
980 54 1474 867
990 51 666 1008
990 53 722 1029
990 54 1461 878
1000 51 639 1008
1000 53 696 1031
1000 54 1448 888
1010 51 614 1009
1010 53 671 1033
1010 54 1431 897
1020 51 588 1010
1020 53 645 1033
1020 54 1413 905
1030 51 564 1009
1030 53 618 1033
1030 54 1395 913
1040 51 540 1008
1040 53 593 1033
1040 54 1373 920
1050 53 568 1033
1050 54 1348 925
1060 53 544 1033
1060 54 1323 930
1070 54 1301 937
