100 21 1114 708
110 21 1116 706
120 21 1119 704
120 22 1271 514
130 21 1122 701
130 22 1267 517
140 21 1125 699
140 22 1262 523
150 21 1127 697
150 22 1256 529
160 21 1127 695
160 22 1250 535
170 21 1129 694
170 22 1245 541
180 21 1132 691
180 22 1238 546
190 21 1135 689
190 22 1231 552
200 21 1141 686
200 22 1224 558
210 21 1149 683
210 22 1215 567
220 21 1154 679
220 22 1205 574
230 21 1160 673
230 22 1195 580
240 21 1166 668
240 22 1186 590
250 21 1171 663
250 22 1177 599
260 21 1176 658
260 22 1168 606
270 21 1181 654
270 22 1158 616
280 21 1185 650
280 22 1149 626
290 21 1190 645
290 22 1139 635
300 21 1194 641
300 22 1130 646
310 21 1196 637
310 22 1125 662
320 21 1198 634
320 22 1117 679
330 21 1200 631
330 22 1109 689
340 21 1203 627
340 22 1099 696
350 21 1205 624
350 22 1090 702
360 21 1207 621
360 22 1079 711
370 21 1209 617
380 21 1212 614
390 21 1216 611
400 21 1219 608
410 21 1223 604
420 21 1227 600
430 21 1230 597
440 21 1234 592
450 21 1237 588
460 21 1240 584
470 21 1243 580
480 21 1246 577
490 21 1248 574
500 21 1249 572
510 21 1252 569
520 21 1255 567
530 21 1257 564
540 21 1260 562
550 21 1262 560
560 21 1263 557
570 21 1264 555
580 21 1265 552
590 21 1267 550
600 21 1269 547
610 21 1270 546
620 21 1272 548
630 2 559 433
630 21 1272 542
640 2 558 433
650 2 558 433
660 2 557 432
670 2 555 432
680 2 555 432
690 2 555 432
700 2 555 432
710 2 555 432
720 2 556 433
730 2 556 433
740 2 556 433
750 2 556 433
760 2 556 434
770 2 555 434
780 2 555 434
790 2 557 435
800 2 561 437
810 2 564 438
820 2 564 438
830 2 564 438
840 2 571 440
850 2 574 443
860 2 576 445
870 2 579 449
880 2 581 451
890 2 580 451
900 2 579 452
910 2 578 453
920 2 578 454
930 2 577 456
940 2 577 457
950 2 576 459
960 2 576 460
970 2 576 463
980 2 576 465
990 2 575 467
990 24 9 607
1000 2 575 469
1000 24 40 622
1010 2 575 471
1010 24 87 636
1020 2 573 474
1020 24 134 649
1030 2 570 478
1030 24 178 664
1040 2 567 481
1040 24 215 681
1050 2 564 482
1050 24 268 696
1060 2 560 484
1060 24 317 703
1070 2 556 487
1070 24 375 710
1080 2 553 490
1090 2 548 492
1100 2 543 493
1110 2 538 495
1120 2 533 496
1130 2 526 499
1140 2 520 501
1150 2 514 504
1160 2 509 507
1170 2 503 511
1180 2 484 513
1190 2 476 517
1200 2 454 521
1210 2 447 522
1220 2 438 524
1230 2 429 527
1240 2 420 530
1250 2 412 532
1260 2 404 535
1270 2 397 538
1280 2 390 540
1290 2 384 542
1300 2 379 545
1310 2 374 550
1320 2 369 555
1330 2 366 559
1340 2 363 563
1350 2 359 567
1360 2 357 572
1370 2 354 577
1380 2 353 582
1390 2 356 587
1400 2 359 592
1410 2 363 597
1420 2 370 603
1430 2 376 607
1440 2 382 612
1450 2 391 619
1460 2 399 625
1470 2 398 631
1480 2 397 637
1490 2 395 643
1500 2 394 649
1510 2 393 655
1520 2 391 661
1530 2 393 668
1540 2 397 675
1550 2 400 680
1560 2 402 683
1570 2 408 687
1580 2 413 691
1590 2 419 694
1600 2 425 698
1610 2 433 703
1620 2 441 707
1630 2 452 710
1640 2 461 715
