40 19 1077 19
50 19 1055 30
60 19 1039 30
70 19 1026 30
80 19 1010 30
90 19 997 33
100 19 986 35
110 19 975 35
120 19 965 38
120 46 884 42
130 19 954 41
130 46 886 41
140 19 943 43
140 46 887 37
150 19 933 46
150 46 891 36
160 19 919 49
160 46 894 36
170 6 18 726
170 19 898 51
170 46 896 35
180 6 32 701
180 19 885 51
180 46 902 34
190 6 50 694
190 46 908 33
200 6 65 682
200 46 913 32
210 6 83 672
210 24 806 59
210 46 918 35
220 6 103 659
220 24 777 59
220 46 926 31
230 6 121 649
230 24 747 62
230 46 932 31
240 6 135 641
240 24 721 63
240 46 939 32
250 6 150 632
250 24 691 65
250 46 946 32
260 6 170 625
260 24 662 68
260 46 954 29
270 6 181 616
270 24 633 68
270 46 960 29
280 6 193 606
280 24 598 73
280 46 969 27
290 6 205 597
290 24 563 76
290 46 976 28
300 6 216 586
300 15 5 685
300 24 529 81
300 46 981 28
310 6 214 578
310 15 28 652
310 24 494 84
310 46 988 29
320 6 213 570
320 15 30 634
320 46 998 30
330 6 212 562
330 15 46 631
330 26 430 87
330 46 1005 29
340 6 212 554
340 15 62 628
340 26 395 93
340 46 1012 29
350 6 210 549
350 15 83 623
350 26 356 96
350 46 1018 30
360 6 210 543
360 15 102 618
360 26 317 102
360 46 1026 29
370 6 209 538
370 15 120 610
370 26 279 109
370 46 1031 28
380 6 210 533
380 15 137 604
380 26 239 111
380 46 1035 28
390 6 218 521
390 15 146 600
390 26 200 115
390 46 1042 28
400 6 237 515
400 15 150 593
400 26 156 115
400 46 1046 28
410 6 258 510
410 15 155 582
410 26 115 124
410 46 1051 27
420 6 277 510
420 15 165 576
420 26 65 126
420 46 1057 26
430 6 300 505
430 15 174 568
430 26 17 133
430 46 1062 24
440 6 322 499
440 15 177 559
440 46 1069 22
450 6 347 491
450 15 186 546
450 46 1072 21
460 6 370 486
460 15 195 542
460 46 1078 19
470 6 387 481
470 15 207 534
470 46 1084 19
480 6 421 476
480 15 217 530
480 46 1092 19
490 6 440 478
490 15 239 521
490 46 1097 21
500 6 461 476
500 15 261 512
510 6 485 476
510 15 282 508
520 6 509 481
520 15 303 506
530 6 535 486
530 15 321 506
540 6 546 492
540 15 339 506
550 6 567 494
550 15 359 507
560 6 586 497
560 15 379 507
570 6 607 497
570 15 399 507
580 6 603 497
580 15 412 509
590 6 601 497
590 15 425 511
600 6 598 497
600 15 444 516
610 6 595 495
610 15 464 521
620 6 595 495
620 15 485 526
630 6 591 495
630 15 507 531
640 6 590 493
640 15 530 532
650 6 589 490
650 15 553 532
660 6 584 487
660 15 579 532
670 6 581 487
670 15 600 529
680 6 573 487
680 15 632 524
690 6 570 489
690 15 640 522
700 6 566 494
700 15 650 518
710 6 563 498
710 15 653 520
720 6 562 498
720 15 640 522
730 6 561 499
730 15 625 522
740 6 561 505
740 15 612 522
750 6 561 502
750 15 600 518
760 6 560 496
760 15 589 510
770 6 559 494
770 15 588 510
780 6 561 491
780 15 588 510
790 6 566 491
790 15 598 514
800 6 572 491
800 15 601 514
810 6 582 486
810 15 605 513
820 6 591 483
820 15 612 512
830 6 595 486
830 15 619 510
840 6 598 486
840 7 1276 19
840 15 622 510
850 6 603 485
850 7 1280 17
850 15 623 510
860 6 609 482
860 7 1285 17
860 15 625 510
870 6 610 485
870 7 1290 18
870 15 624 510
880 6 614 489
880 7 1294 20
880 15 619 511
890 6 626 494
890 7 1300 18
890 15 608 509
900 6 622 505
900 7 1305 19
900 15 598 508
910 6 618 499
910 7 1307 19
910 15 592 507
920 6 616 497
920 7 1313 19
920 15 588 507
930 6 611 494
930 7 1318 19
930 15 588 507
940 6 609 491
940 7 1321 19
940 15 587 507
950 6 605 489
950 7 1326 19
950 15 580 507
960 6 602 486
960 7 1331 19
960 15 581 509
970 6 590 489
970 7 1337 19
970 15 582 511
980 6 578 494
980 7 1339 19
980 15 584 513
990 6 565 497
990 7 1345 19
990 15 585 515
1000 6 555 502
1000 7 1350 19
1000 15 587 517
1010 6 555 503
1010 7 1353 19
1010 15 587 517
1020 6 555 506
1020 7 1358 19
1020 15 587 517
1030 6 555 509
1030 7 1363 17
1030 15 587 517
1040 6 555 506
1040 7 1366 17
1040 15 587 517
1050 6 555 495
1050 7 1371 17
1050 15 585 519
1060 6 555 487
1060 7 1374 17
1060 15 582 522
1070 6 561 483
1070 7 1379 17
1070 15 579 525
1080 6 570 486
1080 7 1382 17
1080 15 582 524
1090 6 580 489
1090 7 1385 14
1090 15 586 523
1100 6 593 491
1100 7 1390 14
1100 15 591 521
1110 6 611 491
1110 7 1393 14
1110 15 592 521
1120 6 622 494
1120 7 1398 14
1120 15 592 520
1130 6 619 494
1130 7 1401 14
1130 15 597 517
1140 6 617 494
1140 7 1406 14
1140 15 606 513
1150 6 614 494
1150 15 614 512
1160 6 611 494
1160 15 621 513
1170 6 607 494
1170 15 626 514
1180 6 597 494
1180 15 626 514
1190 6 603 491
1190 15 626 514
1200 6 602 491
1200 15 627 517
1210 6 602 491
1210 15 622 517
1220 6 602 491
1220 15 619 519
1230 6 613 493
1230 15 617 519
1240 6 611 497
1240 15 619 519
1250 6 610 492
1250 15 622 519
1260 6 609 478
1260 15 633 519
1270 6 614 478
1270 15 651 521
1270 43 813 1038
1280 6 621 470
1280 15 670 522
1280 43 861 1018
1290 6 641 448
1290 15 701 522
1290 43 901 997
1300 6 662 431
1300 15 730 522
1300 43 937 977
1310 6 681 426
1310 15 757 514
1310 43 971 938
1320 6 697 421
1320 15 783 506
1320 43 1013 905
1330 6 717 416
1330 15 805 498
1330 43 1055 881
1340 6 733 407
1340 15 821 496
1340 43 1099 857
1350 6 741 403
1350 15 834 496
1350 43 1142 835
1360 6 743 403
1360 15 840 496
1360 43 1180 814
1370 6 749 403
1370 15 845 496
1370 43 1217 795
1380 6 751 403
1380 15 850 491
1380 43 1254 774
1390 6 754 401
1390 15 850 487
1390 43 1292 758
1400 6 757 401
1400 15 850 484
1400 16 1342 66
1400 43 1326 745
1410 6 759 401
1410 15 850 482
1410 16 1334 66
1410 43 1364 730
1420 6 762 401
1420 15 850 482
1420 16 1326 69
1420 43 1401 715
1430 6 767 401
1430 15 850 482
1430 16 1318 69
1430 43 1426 705
1440 6 770 398
1440 15 850 482
1440 16 1308 72
1440 43 1449 697
1450 6 775 398
1450 15 850 478
1450 16 1300 72
1450 43 1474 686
1460 6 778 398
1460 15 851 469
1460 16 1292 74
1460 43 1482 678
1470 6 783 398
1470 15 853 460
1470 16 1284 74
1470 43 1485 673
1480 6 789 398
1480 15 853 460
1480 16 1276 74
1480 43 1488 667
1490 6 791 398
1490 15 851 460
1490 16 1265 77
1490 43 1488 662
1500 6 791 398
1500 15 847 460
1500 16 1257 77
1500 43 1490 662
1510 15 843 460
1510 16 1249 80
1510 43 1494 662
1520 16 1241 80
1520 43 1501 663
1530 16 1225 79
1530 43 1505 665
1540 16 1217 82
1540 43 1511 666
1550 16 1204 82
1550 43 1518 669
1560 16 1193 85
1560 43 1518 666
1570 16 1180 85
1570 43 1518 666
1580 16 1169 87
1580 43 1518 663
1590 16 1158 90
1590 43 1518 663
1600 16 1142 87
1600 43 1518 661
1610 16 1129 87
1610 43 1521 661
1620 16 1116 87
1620 43 1518 661
1630 16 1102 87
1630 43 1518 661
1640 16 1089 87
1640 43 1518 661
1650 16 1076 87
1650 43 1518 661
1660 16 1062 87
1660 43 1518 661
1670 16 1049 85
1670 43 1518 661
1680 16 1036 85
1680 43 1518 661
1690 16 1022 82
1690 43 1518 661
1700 16 1012 82
1700 43 1518 661
1710 16 998 79
1710 43 1515 661
1720 16 985 77
1720 43 1515 661
1730 16 972 74
1730 43 1515 661
1740 16 958 74
1740 43 1515 661
1750 16 945 74
1750 43 1515 661
1760 16 934 74
1760 43 1515 661
1770 16 921 74
1770 43 1515 661
1780 16 910 77
1780 43 1515 661
1790 16 897 74
1790 43 1515 661
1800 16 884 71
1800 43 1515 661
1810 16 870 71
1810 43 1514 659
1820 16 868 71
1820 43 1513 661
1830 16 844 62
1830 43 1514 661
1840 16 835 62
1840 43 1513 662
1850 16 821 62
1850 43 1512 662
1860 16 817 62
1860 43 1513 663
1870 16 796 64
1870 43 1513 663
1880 16 786 66
1880 43 1513 663
1890 16 776 60
1890 43 1513 663
1900 16 765 60
1900 43 1513 663
1910 16 752 60
1910 43 1513 663
1920 16 752 60
1920 43 1514 663
1930 16 736 57
1930 43 1513 663
1940 16 722 54
1940 43 1513 663
1950 16 713 53
1950 43 1513 663
1960 16 713 53
1960 43 1513 663
1970 16 696 51
1970 43 1511 663
1980 16 684 53
1980 43 1511 663
1990 16 674 50
1990 43 1511 663
2000 16 671 52
2000 43 1511 663
2010 16 660 49
2010 43 1511 663
2020 16 657 47
2020 43 1513 663
2030 16 654 45
2030 43 1513 663
2040 16 650 44
2040 43 1513 663
2050 16 644 45
2050 43 1513 663
2060 16 635 43
2060 43 1514 663
2070 16 629 43
2070 43 1513 663
2080 16 625 41
2080 43 1514 663
2090 16 621 40
2090 43 1518 662
2100 16 618 40
2100 43 1518 662
2110 16 610 53
2110 43 1518 659
2120 16 606 53
2120 43 1518 659
2130 16 602 53
2130 43 1521 659
2140 16 598 50
2140 43 1521 659
2150 16 594 50
2150 43 1522 659
2160 16 590 50
2160 43 1524 659
2170 16 585 48
2170 43 1525 659
2180 16 585 48
2180 43 1525 659
2190 16 582 45
2190 43 1527 659
2200 16 580 43
2200 43 1527 659
2210 16 580 41
2210 43 1530 659
2220 16 577 39
2220 43 1530 659
2230 16 574 38
2230 43 1530 659
2240 16 572 37
2240 43 1530 659
2250 16 572 34
2250 43 1530 659
2260 16 569 31
2260 43 1530 659
2270 16 566 30
2270 43 1530 659
2280 16 566 29
2280 43 1530 659
2280 71 747 11
2290 16 564 28
2290 43 1530 659
2290 71 747 11
2300 16 561 28
2300 43 1530 659
2300 71 747 11
2310 16 558 28
2310 43 1530 659
2310 71 746 10
2320 16 558 28
2320 43 1530 659
2320 71 745 9
2330 16 556 28
2330 43 1530 659
2330 71 745 8
2340 16 553 28
2340 43 1530 659
2340 71 745 9
2350 16 550 28
2350 43 1530 659
2350 71 746 8
2360 16 550 28
2360 43 1530 659
2360 71 746 8
2370 16 550 28
2370 43 1530 659
2370 71 746 8
2380 16 550 28
2380 43 1530 659
2380 71 746 7
2390 16 550 28
2390 43 1530 659
2390 71 747 7
2400 16 550 28
2400 43 1530 659
2400 71 747 7
2410 16 550 28
2410 43 1530 659
2410 71 748 9
2420 16 550 28
2420 43 1530 659
2420 71 749 9
2430 43 1530 659
2430 71 750 9
2440 43 1530 659
2440 71 750 9
2450 43 1530 659
2450 71 750 9
2460 43 1530 659
2460 71 752 9
2470 43 1530 659
2470 71 753 9
2480 43 1530 659
2480 71 753 9
2490 43 1530 659
2490 71 751 9
2500 43 1530 659
2500 71 750 9
2510 43 1531 661
2510 71 751 9
2520 43 1531 661
2520 71 751 10
2530 43 1531 661
2530 71 752 11
2540 43 1531 661
2540 71 752 11
2550 43 1531 661
2550 71 752 11
2560 43 1531 661
2560 71 752 12
2570 43 1531 661
2570 71 752 12
2580 43 1531 661
2580 71 753 12
2590 43 1531 661
2590 71 753 12
2600 43 1531 661
2600 71 753 12
2610 43 1534 663
2610 71 754 12
2620 43 1534 663
2620 71 754 12
2630 43 1534 663
2630 71 755 12
2640 43 1534 663
2640 71 755 12
2650 43 1534 663
2650 71 755 12
2660 43 1534 663
2660 71 755 12
2670 43 1534 663
2670 71 755 12
2680 43 1534 663
2680 71 756 12
2690 43 1534 663
2690 71 756 12
2700 43 1534 663
2700 71 757 12
2710 43 1533 662
2710 71 757 13
2720 43 1533 662
2720 71 758 13
2730 43 1533 662
2730 71 758 13
2740 43 1533 662
2740 71 759 13
2750 43 1533 662
2750 71 759 13
2760 43 1533 662
2760 71 759 13
2770 43 1533 661
2770 71 759 13
2780 43 1533 661
2780 71 759 13
2790 43 1533 661
2790 71 760 13
2800 43 1534 661
2800 71 761 13
2810 43 1534 661
2810 71 762 13
2820 43 1534 661
2820 71 763 13
2830 43 1534 659
2830 71 763 14
2840 43 1534 659
2840 70 747 17
2840 71 764 15
2850 43 1534 659
2850 70 748 17
2850 71 764 15
2860 43 1534 659
2860 70 748 17
2860 71 765 15
2870 43 1534 659
2870 70 749 17
2870 71 766 15
2880 43 1534 659
2880 70 749 17
2880 71 767 17
2890 43 1534 658
2890 70 750 17
2890 71 768 17
2900 43 1535 658
2900 70 752 17
2900 71 769 17
2910 43 1535 658
2910 58 1009 293
2910 70 754 18
2910 71 770 17
2920 43 1535 658
2920 58 1009 294
2920 70 755 21
2920 71 772 21
2930 43 1535 658
2930 58 1009 294
2930 70 756 20
2930 71 774 20
2940 43 1535 658
2940 58 1011 296
2940 70 757 20
2940 71 775 20
2950 43 1535 657
2950 58 1011 297
2950 70 759 20
2950 71 776 21
2960 43 1535 657
2960 58 1011 298
2960 70 761 20
2960 71 777 21
2970 43 1535 657
2970 54 1105 256
2970 58 1011 298
2970 70 762 20
2970 71 779 22
2980 43 1535 657
2980 54 1116 270
2980 58 1019 303
2980 70 762 20
2980 71 780 22
2990 43 1535 657
2990 54 1129 273
2990 58 1027 306
2990 70 762 21
2990 71 783 21
3000 43 1537 657
3000 54 1142 278
3000 58 1035 311
3000 70 763 23
3000 71 784 22
3010 43 1537 657
3010 54 1151 283
3010 58 1047 314
3010 70 764 25
3010 71 784 23
3020 43 1537 657
3020 54 1162 291
3020 58 1061 317
3020 70 765 25
3020 71 784 24
3030 43 1537 657
3030 54 1173 298
3030 58 1074 319
3030 70 766 25
3030 71 786 25
3040 43 1537 657
3040 54 1175 306
3040 58 1089 322
3040 70 767 25
3040 71 787 26
3050 43 1537 657
3050 54 1175 310
3050 58 1102 325
3050 70 772 27
3050 71 789 27
3060 43 1537 657
3060 54 1173 314
3060 58 1116 329
3060 70 774 28
3060 71 791 27
3070 43 1537 657
3070 54 1171 318
3070 58 1120 329
3070 70 777 28
3070 71 793 27
3080 43 1537 657
3080 54 1169 321
3080 58 1120 329
3080 70 779 27
3080 71 795 27
3090 43 1537 657
3090 54 1169 321
3090 58 1121 329
3090 70 781 27
3090 71 797 28
3100 43 1540 658
3100 54 1169 321
3100 58 1122 329
3100 70 783 27
3100 71 800 28
3110 43 1540 658
3110 54 1169 321
3110 58 1122 329
3110 70 786 27
3110 71 802 27
3120 43 1540 658
3120 54 1169 321
3120 58 1122 329
3120 70 788 27
3120 71 805 27
3130 43 1540 658
3130 54 1169 321
3130 58 1122 329
3130 70 792 27
3130 71 808 27
3140 43 1540 658
3140 54 1169 321
3140 58 1123 329
3140 70 795 28
3140 71 811 28
3150 43 1540 658
3150 54 1169 321
3150 58 1123 329
3150 70 798 29
3150 71 815 28
3160 43 1540 658
3160 54 1171 318
3160 58 1123 329
3160 70 800 30
3160 71 817 29
3170 43 1540 658
3170 54 1171 318
3170 58 1123 329
3170 70 802 29
3170 71 820 30
3180 43 1540 658
3180 54 1171 318
3180 58 1126 329
3180 70 806 29
3180 71 824 31
3190 43 1540 658
3190 54 1174 318
3190 58 1126 329
3190 70 809 29
3200 43 1542 659
3200 54 1174 315
3200 58 1129 329
3200 70 813 29
3210 43 1542 659
3210 54 1174 315
3210 58 1131 329
3210 70 815 31
3220 43 1542 659
3220 54 1174 315
3220 58 1134 329
3220 70 819 29
3230 43 1542 659
3230 54 1177 315
3230 58 1134 329
3230 70 822 30
3240 43 1542 659
3240 54 1177 317
3240 58 1137 329
3250 43 1542 659
3250 54 1177 318
3250 58 1139 329
3260 43 1542 659
3260 54 1177 319
3260 58 1142 331
3270 43 1542 659
3270 54 1177 322
3270 58 1142 334
3280 43 1542 659
3280 54 1177 324
3280 58 1142 334
3290 43 1542 659
3290 54 1179 327
3290 58 1142 337
3300 43 1545 662
3300 54 1179 330
3300 58 1145 339
3310 43 1546 661
3310 54 1179 329
3310 58 1142 338
3320 43 1547 661
3320 54 1179 327
3320 58 1142 338
3330 43 1549 661
3330 54 1179 326
3330 58 1141 338
3340 43 1550 661
3340 54 1182 327
3340 58 1139 338
3350 43 1551 661
3350 54 1174 330
3350 58 1139 337
3360 43 1556 662
3360 54 1171 333
3360 58 1138 337
3370 3 891 39
3370 43 1556 662
3370 54 1171 331
3370 58 1137 338
3380 3 894 42
3380 43 1556 662
3380 54 1171 331
3380 58 1136 338
3390 3 894 42
3390 4 879 40
3390 43 1557 665
3390 54 1173 330
3390 58 1136 337
3400 3 897 42
3400 4 882 40
3400 43 1574 683
3400 54 1173 330
3400 58 1134 337
3410 3 899 42
3410 4 884 42
3410 43 1609 702
3410 54 1174 329
3410 58 1133 337
3420 3 902 42
3420 4 886 45
3420 43 1651 731
3420 54 1174 329
3420 58 1133 337
3430 3 905 45
3430 4 888 48
3430 43 1702 738
3430 54 1175 329
3430 58 1133 338
3440 3 907 45
3440 4 890 50
3440 43 1770 762
3440 54 1173 326
3440 58 1128 336
3450 3 910 45
3450 4 892 50
3450 43 1810 786
3450 54 1170 326
3450 58 1125 333
3460 3 913 47
3460 4 892 49
3460 43 1858 797
3460 54 1167 326
3460 58 1122 333
3470 3 913 47
3470 4 893 48
3470 54 1167 326
3470 58 1122 333
3480 3 915 47
3480 4 896 48
3480 54 1165 326
3480 58 1122 333
3490 3 915 47
3490 4 898 48
3490 54 1162 326
3490 58 1122 333
3500 3 918 47
3500 4 900 48
3500 54 1159 326
3500 58 1120 333
3510 3 918 47
3510 4 902 48
3510 54 1162 326
3510 58 1120 333
3520 3 923 50
3520 4 904 48
3520 54 1165 329
3520 58 1120 333
3530 3 926 50
3530 4 907 49
3530 54 1167 331
3530 58 1120 333
3540 3 931 53
3540 4 910 51
3540 54 1170 334
3540 58 1120 333
3550 3 934 53
3550 4 913 52
3550 54 1170 331
3550 58 1120 333
3560 3 937 53
3560 4 916 52
3560 54 1170 330
3560 58 1121 333
3570 3 942 53
3570 4 920 52
3570 54 1170 327
3570 58 1121 333
3580 3 945 53
3580 4 923 53
3580 54 1173 327
3580 58 1122 333
3590 3 947 53
3590 4 927 54
3590 54 1181 330
3590 58 1122 333
3600 3 953 53
3600 4 930 54
3600 54 1181 330
3600 58 1124 333
3610 3 955 53
3610 4 933 54
3610 54 1181 333
3610 58 1129 333
3620 3 959 54
3620 4 935 57
3620 54 1182 335
3620 58 1133 334
3630 3 963 56
3630 4 939 59
3630 54 1181 337
3630 58 1133 335
3640 3 967 58
3640 4 944 59
3640 54 1181 334
3640 58 1131 335
3650 3 973 59
3650 4 948 58
3650 54 1178 333
3650 58 1131 334
3660 3 975 59
3660 4 953 58
3660 54 1175 330
3660 58 1131 333
3670 3 981 62
3670 4 958 61
3670 54 1175 327
3670 58 1130 331
3680 3 983 62
3680 4 962 62
3680 54 1175 327
3680 58 1130 330
3690 3 989 62
3690 4 966 62
3690 54 1178 329
3690 58 1127 329
3700 3 991 62
3700 4 972 63
3700 54 1178 330
3700 58 1125 329
3710 3 997 62
3710 4 977 65
3710 54 1181 331
3710 58 1122 329
3720 3 999 62
3720 4 981 66
3720 54 1183 333
3720 58 1122 329
3730 3 1005 65
3730 4 985 68
3730 54 1186 333
3730 58 1125 329
3740 3 1010 65
3740 4 990 69
3740 54 1189 336
3740 58 1130 332
3750 3 1015 67
3750 4 997 69
3750 54 1191 336
3750 58 1130 334
3760 3 1018 67
3760 4 1002 70
3760 54 1191 338
3760 58 1130 334
3770 3 1023 67
3770 4 1007 71
3770 54 1186 339
3770 58 1130 334
3780 3 1029 70
3780 4 1015 71
3780 54 1181 341
3780 58 1130 334
3790 3 1037 70
3790 4 1020 70
3790 54 1178 341
3790 58 1130 334
3800 3 1042 70
3800 4 1026 70
3800 54 1175 343
3800 58 1127 334
3810 3 1047 73
3810 4 1031 74
3810 54 1171 345
3810 58 1125 334
3820 3 1055 73
3820 4 1036 75
3820 54 1160 346
3820 58 1122 334
3830 3 1061 75
3830 4 1041 76
3830 54 1150 347
3830 58 1119 334
3840 3 1069 75
3840 4 1045 78
3840 54 1143 350
3840 58 1117 334
3850 3 1071 78
3850 4 1051 78
3850 54 1135 351
3850 58 1114 337
3860 3 1074 78
3860 4 1057 79
3860 54 1130 351
3860 58 1114 337
3870 3 1082 78
3870 4 1064 81
3870 54 1130 353
3870 58 1111 337
3880 3 1087 81
3880 4 1071 80
3880 54 1130 354
3880 58 1111 337
3890 3 1098 81
3890 4 1076 79
3890 54 1130 355
3890 58 1109 337
3900 3 1103 83
3900 4 1080 83
3900 54 1131 358
3900 58 1106 337
3910 3 1109 83
3910 4 1086 83
3910 54 1142 361
3910 58 1097 333
3920 3 1114 86
3920 4 1092 85
3920 54 1155 363
3920 58 1089 330
3930 3 1127 86
3930 4 1096 86
3930 54 1169 367
3930 58 1082 327
3940 3 1127 86
3940 4 1101 87
3940 54 1179 370
3940 58 1074 323
3950 3 1127 86
3950 4 1106 88
3950 54 1193 374
3950 58 1066 321
3960 3 1131 87
3960 4 1111 89
3960 54 1206 378
3960 58 1059 318
3970 3 1136 88
3970 4 1116 90
3970 54 1219 381
3970 58 1051 315
3980 3 1139 90
3980 4 1119 90
3980 54 1230 383
3980 58 1043 312
3990 3 1141 91
3990 4 1123 91
3990 54 1243 389
3990 58 1038 309
4000 3 1145 92
4000 4 1127 91
4000 54 1253 390
4000 58 1033 306
4010 3 1148 91
4010 4 1130 92
4010 54 1262 393
4010 58 1027 304
4020 3 1152 91
4020 4 1130 92
4020 54 1272 394
4020 58 1019 301
4030 3 1155 90
4030 4 1131 92
4030 54 1281 397
4030 58 1014 301
4040 3 1155 90
4040 4 1131 92
4040 54 1290 401
4040 58 1014 301
4050 3 1155 90
4050 4 1132 91
4050 54 1299 402
4050 58 1011 301
4060 3 1156 91
4060 4 1132 91
4060 54 1313 405
4060 58 1009 301
4070 3 1156 89
4070 4 1133 91
4070 54 1329 410
4070 58 1009 301
4080 3 1160 89
4080 4 1133 91
4080 54 1347 418
4080 58 1006 301
4090 3 1165 89
4090 4 1133 91
4090 54 1366 424
4090 58 1006 299
4100 3 1168 89
4100 4 1136 91
4100 54 1383 429
4100 58 1008 295
4110 3 1170 89
4110 4 1140 91
4110 54 1402 434
4110 58 1009 294
4120 3 1174 90
4120 4 1145 91
4120 54 1423 442
4120 58 1010 293
4130 3 1178 89
4130 4 1150 91
4130 54 1445 450
4130 58 1012 289
4140 3 1183 87
4140 4 1156 91
4140 54 1466 458
4140 58 1013 287
4150 3 1188 88
4150 4 1163 91
4150 54 1487 466
4150 58 1017 286
4160 3 1191 88
4160 4 1169 93
4160 54 1505 475
4160 58 1017 286
4170 3 1193 88
4170 4 1176 93
4170 54 1522 483
4180 3 1198 85
4180 4 1185 92
4180 54 1539 493
4190 3 1205 83
4190 4 1191 90
4190 54 1558 501
4200 3 1205 84
4200 4 1205 85
4200 5 747 10
4200 54 1577 511
4210 3 1209 83
4210 4 1210 82
4210 5 747 10
4210 54 1593 517
4220 3 1213 81
4220 4 1218 82
4220 5 747 10
4220 54 1611 525
4230 3 1217 80
4230 4 1223 82
4230 5 747 10
4230 54 1630 532
4240 3 1221 79
4240 4 1231 82
4240 5 747 12
4240 54 1649 540
4250 3 1228 77
4250 4 1237 79
4250 5 747 12
4250 54 1662 550
4260 3 1233 77
4260 4 1245 79
4260 5 747 12
4260 54 1678 561
4270 3 1242 77
4270 4 1253 79
4270 5 747 12
4270 54 1694 572
4280 3 1248 79
4280 4 1258 79
4280 5 745 14
4280 54 1705 579
4290 3 1257 77
4290 4 1266 79
4290 5 745 17
4290 54 1716 589
4300 3 1261 77
4300 4 1274 79
4300 5 747 14
4300 54 1726 599
4310 3 1266 75
4310 4 1282 79
4310 5 745 14
4310 54 1729 610
4320 3 1270 75
4320 4 1287 77
4320 5 745 16
4320 54 1732 621
4330 3 1276 74
4330 4 1293 74
4330 5 745 17
4330 54 1734 631
4340 3 1280 72
4340 4 1298 74
4340 5 745 18
4340 54 1740 645
4350 3 1284 69
4350 4 1303 71
4350 5 743 19
4350 54 1734 655
4360 3 1290 67
4360 4 1309 69
4360 5 750 20
4360 54 1729 666
4370 3 1297 67
4370 4 1317 69
4370 5 747 17
4370 54 1724 677
4380 3 1305 68
4380 4 1319 69
4380 5 747 16
4380 54 1718 687
4390 3 1310 70
4390 4 1325 71
4390 5 747 14
4390 54 1709 693
4400 3 1313 71
4400 4 1327 74
4400 5 747 13
4400 54 1702 698
4410 3 1318 69
4410 4 1333 77
4410 5 750 14
4410 54 1694 706
4420 3 1324 66
4420 4 1338 74
4420 5 750 16
4420 54 1687 711
4430 3 1329 64
4430 4 1343 71
4430 5 750 17
4430 54 1679 717
4440 3 1334 62
4440 4 1349 71
4440 5 750 20
4440 54 1673 725
4450 3 1339 61
4450 4 1354 69
4450 5 753 22
4450 54 1662 730
4460 3 1341 60
4460 4 1359 66
4460 5 751 18
4460 54 1651 738
4470 3 1344 59
4470 5 751 18
4470 54 1641 746
4480 5 755 25
4480 54 1633 754
4490 5 755 25
4490 54 1619 758
4500 5 755 25
4500 54 1606 762
4510 5 755 25
4510 54 1592 769
4520 5 755 25
4520 54 1579 777
4530 5 758 19
4530 54 1567 785
4540 5 758 19
4540 54 1554 793
4550 5 758 19
4550 54 1541 801
4560 5 760 17
4560 54 1529 809
4570 5 763 19
4570 54 1507 818
4580 5 763 18
4580 54 1483 829
4590 5 764 17
4590 54 1457 842
4600 5 767 18
4600 54 1433 853
4610 5 768 19
4610 54 1407 869
4620 5 769 20
4620 54 1382 874
4630 5 770 20
4630 54 1355 885
4640 5 773 22
4640 54 1326 901
4650 5 775 23
4650 54 1295 914
4660 5 776 23
4660 54 1263 930
4670 5 778 24
4670 54 1233 944
4680 5 780 26
4680 54 1198 954
4690 5 781 26
4690 54 1165 965
4700 5 784 27
4700 54 1130 976
4710 5 786 27
4710 54 1099 985
4720 5 788 27
4720 54 1067 991
4730 5 790 27
4730 54 1025 998
4740 5 793 27
4740 54 979 1005
4750 5 796 27
4750 54 937 1010
4760 5 800 28
4760 54 897 1021
4770 5 803 30
4770 54 854 1031
4780 5 806 30
4780 54 811 1042
4790 5 810 29
4790 54 769 1053
4800 5 809 33
4800 54 718 1062
4810 5 809 33
4820 5 814 33
4830 5 822 33
4840 5 827 33
4850 5 830 33
4860 5 835 35
4870 5 841 35
4880 5 846 38
4890 5 851 38
4900 5 857 38
4910 5 859 41
4920 5 865 41
4930 5 870 43
4940 5 875 43
4950 5 881 43
4960 5 883 43
4970 5 883 43
4980 5 883 43
4990 5 883 43
4990 39 897 42
5000 5 886 46
5000 39 909 42
5010 5 889 46
5010 39 910 42
5020 5 894 46
5020 39 913 42
5030 5 897 46
5030 39 918 42
5040 5 899 46
5040 39 921 42
5050 5 902 46
5050 39 926 42
5060 5 905 46
5060 39 926 42
5070 5 907 46
5070 39 926 42
5080 5 910 46
5080 39 929 45
5090 5 918 49
5090 39 937 48
5100 5 921 49
5100 39 934 55
5110 5 923 49
5110 39 937 55
5120 5 929 49
5120 39 942 55
5130 5 934 50
5130 39 945 55
5140 5 938 51
5140 39 950 57
5150 5 943 53
5150 39 955 57
5160 5 949 53
5160 39 958 58
5170 5 954 54
5170 39 963 60
5180 5 958 55
5180 39 969 60
5190 5 964 57
5190 39 971 60
5200 5 969 57
5200 39 977 60
5210 5 974 58
5210 39 982 61
5220 5 978 60
5220 39 985 62
5230 5 983 61
5230 39 990 62
5240 5 989 61
5240 39 993 63
5250 5 993 62
5250 39 998 63
5260 5 997 63
5260 39 1003 63
5270 5 1002 65
5270 39 1006 63
5280 5 1007 65
5280 39 1014 66
5290 5 1011 65
5290 39 1019 66
5300 5 1019 67
5300 39 1025 67
5310 5 1025 69
5310 39 1033 69
5320 5 1030 70
5320 39 1038 69
5330 5 1037 72
5330 39 1046 70
5340 5 1042 72
5340 39 1051 71
5350 5 1050 74
5350 39 1057 73
5360 5 1056 74
5360 39 1065 73
5370 5 1061 77
5370 39 1070 74
5380 5 1067 77
5380 39 1078 75
5390 5 1074 78
5390 39 1083 75
5400 5 1080 80
5400 39 1089 78
5410 5 1086 81
5410 39 1097 78
5420 5 1091 81
5420 39 1102 78
5500 72 1167 91
5510 9 981 436
5510 72 1176 89
5510 73 1167 90
5520 9 978 425
5520 72 1184 89
5520 73 1176 89
5530 9 965 417
5530 72 1195 89
5530 73 1183 89
5540 9 965 422
5540 72 1203 89
5540 73 1193 88
5550 9 973 419
5550 72 1210 89
5550 73 1201 87
5560 9 981 419
5560 72 1218 87
5560 73 1206 85
5570 9 991 417
5570 72 1227 86
5570 73 1214 84
5580 9 999 417
5580 21 1396 15
5580 72 1235 86
5580 73 1222 83
5590 9 1002 414
5590 21 1393 15
5590 72 1243 83
5590 73 1229 81
5600 9 1005 411
5600 21 1390 14
5600 72 1251 81
5600 73 1236 80
5610 9 1010 411
5610 21 1386 14
5610 72 1257 80
5610 73 1242 80
5620 9 1010 410
5620 21 1382 15
5620 72 1264 80
5620 73 1250 80
5630 9 1010 410
5630 21 1377 16
5630 72 1271 79
5630 73 1258 80
5640 9 1010 410
5640 21 1374 16
5640 72 1279 79
5640 73 1265 79
5650 9 1013 410
5650 21 1368 15
5650 72 1286 76
5650 73 1271 76
5660 9 1010 408
5660 21 1364 15
5660 72 1292 74
5660 73 1277 74
5670 9 1010 408
5670 21 1361 16
5670 72 1297 74
5670 73 1284 73
5680 9 1007 405
5680 21 1359 16
5680 72 1304 74
5680 73 1289 73
5690 9 1007 405
5690 21 1351 16
5690 72 1310 74
5690 73 1295 72
5700 9 1007 405
5700 21 1347 16
5700 72 1316 73
5700 73 1303 72
5710 9 984 406
5710 21 1342 16
5710 72 1322 71
5710 73 1310 71
5720 9 968 420
5720 21 1337 16
5720 72 1328 70
5720 73 1315 70
5730 9 949 429
5730 21 1334 16
5730 72 1334 70
5730 73 1320 69
5740 9 928 437
5740 21 1330 16
5740 72 1341 70
5740 73 1326 68
5750 9 906 446
5750 21 1325 18
5750 72 1349 70
5750 73 1333 68
5760 9 889 461
5760 21 1319 18
5760 72 1356 68
5760 73 1340 68
5770 9 874 475
5770 21 1314 18
5770 72 1359 68
5770 73 1346 68
5780 9 869 489
5780 21 1308 18
5780 72 1363 69
5780 73 1350 68
5790 9 871 502
5790 21 1304 19
5790 72 1369 69
5800 9 879 515
5800 21 1299 19
5810 9 890 525
5810 21 1293 16
5820 9 911 533
5820 21 1289 19
5830 9 945 538
5830 21 1284 18
5840 9 973 548
5840 21 1282 17
5850 9 1006 559
5850 21 1275 19
5860 9 1041 573
5860 21 1270 17
5870 9 1065 594
5870 21 1266 18
5880 9 1097 613
5890 9 1129 641
5900 9 1150 666
5910 9 1170 689
5920 9 1186 710
5930 9 1194 729
5940 9 1194 747
5950 9 1189 771
5960 9 1184 795
5970 9 1176 822
5980 9 1154 855
5990 9 1142 882
6000 9 1137 930
6010 9 1126 975
6020 9 1113 997
6030 9 1110 1023
6040 9 1089 1043
6050 9 1062 1066
6160 10 17 129
6170 10 21 123
6180 10 29 115
6190 10 39 115
6200 10 50 115
6210 10 63 115
6220 10 74 115
6220 20 1069 30
6230 10 87 115
6230 20 1066 30
6240 10 98 115
6240 20 1055 30
6250 10 114 118
6250 20 1047 30
6260 10 125 113
6260 20 1042 30
6270 10 135 113
6270 20 1037 30
6280 10 149 113
6280 20 1031 30
6290 10 157 113
6290 20 1023 30
6300 10 167 113
6300 20 1018 30
6310 10 178 113
6310 20 1013 30
6320 10 191 113
6320 20 1007 30
6330 10 210 91
6330 20 1001 29
6340 10 219 81
6340 20 990 29
6350 10 225 80
6350 20 985 29
6360 10 233 77
6360 20 977 31
6370 10 235 74
6370 20 971 31
6380 10 241 72
6380 20 963 31
6390 10 246 72
6390 20 955 31
6400 10 249 69
6400 20 949 31
6410 10 249 66
6410 20 944 31
6420 10 254 66
6420 20 933 31
6430 10 262 65
6430 20 928 31
6440 10 265 62
6440 20 920 31
6450 10 267 62
6450 20 920 31
6460 10 275 60
6460 20 914 34
