290 5 18 613
300 5 29 607
310 5 41 603
320 5 54 601
330 5 67 598
340 5 81 595
350 5 94 593
360 5 107 589
370 5 121 586
380 5 134 584
390 5 147 581
400 5 161 578
410 5 174 576
420 5 182 570
430 5 193 568
440 5 203 565
450 5 214 562
460 5 222 558
470 5 233 555
480 5 243 552
490 5 254 549
500 5 265 546
510 5 273 542
520 5 283 539
530 5 294 537
540 5 305 533
550 5 315 530
560 5 323 526
570 5 334 523
580 5 345 521
590 5 355 518
600 5 366 515
610 5 374 513
620 5 382 510
630 5 393 507
640 5 401 505
650 5 409 502
660 5 419 499
670 5 427 499
680 5 435 497
690 5 446 494
700 5 454 491
710 5 462 489
720 5 473 486
730 5 481 483
740 5 489 483
750 5 499 481
760 5 507 478
770 5 515 478
780 5 523 478
790 5 531 478
800 5 539 478
810 5 547 478
820 5 555 478
830 5 563 478
840 5 571 478
850 5 579 478
860 5 587 478
870 5 595 478
880 5 603 478
890 5 611 478
900 5 619 481
910 5 629 481
920 5 639 482
930 5 650 483
940 5 661 485
950 5 671 487
960 5 682 487
970 5 693 490
980 5 703 490
990 5 714 490
1000 5 725 493
1010 5 735 493
1020 5 746 495
1030 5 759 495
1040 5 770 495
1050 5 781 498
1060 5 791 498
1070 5 802 501
1080 5 813 501
1090 5 823 501
1100 5 834 503
1110 5 847 506
1120 5 858 509
1130 5 871 509
1140 5 882 511
1150 5 895 514
1160 5 906 517
1170 5 919 519
1180 5 930 519
1190 5 943 522
1200 5 957 522
1210 5 969 522
1220 5 982 522
1230 5 994 523
1240 5 1008 523
1250 5 1019 525
1260 5 1033 525
1260 21 12 626
1270 5 1041 528
1270 21 16 619
1280 5 1046 530
1280 21 26 615
1290 5 1052 530
1290 21 35 613
1300 5 1057 533
1300 21 46 610
1310 5 1062 536
1310 21 57 607
1320 5 1062 536
1320 21 67 605
1330 5 1062 536
1330 21 79 602
1340 5 1062 536
1340 21 93 593
1350 5 1062 536
1350 21 102 592
1360 5 1062 536
1360 21 109 592
1370 5 1062 536
1370 21 123 588
1380 5 1062 536
1380 21 129 586
1390 5 1062 536
1390 21 140 582
1400 5 1062 536
1400 21 147 580
1410 5 1062 536
1410 21 150 577
1420 5 1062 536
1420 21 157 574
1430 5 1062 536
1430 21 168 573
1440 5 1062 536
1440 21 169 570
1450 5 1062 536
1450 21 166 573
1460 5 1062 536
1460 21 171 571
1470 5 1062 536
1470 21 171 571
1480 5 1062 536
1480 21 166 573
1490 5 1062 536
1490 21 166 573
1500 5 1062 536
1500 21 166 573
1510 5 1061 534
1510 21 165 572
1520 5 1059 533
1520 21 165 572
1530 5 1058 534
1530 21 165 572
1540 5 1057 533
1540 21 165 572
1550 5 1057 533
1550 21 165 572
1560 5 1054 534
1560 21 165 572
1570 5 1051 534
1570 21 165 572
1580 5 1051 534
1580 21 165 572
1590 5 1049 534
1590 21 165 572
1600 5 1046 534
1600 21 165 572
1610 5 1046 534
1610 21 165 570
1620 5 1038 531
1620 21 165 570
1630 5 1030 531
1630 21 165 570
1640 5 1022 531
1640 21 165 570
1650 5 1014 531
1650 21 165 570
1660 5 1003 531
1660 21 163 570
1670 5 993 534
1670 21 163 570
1680 5 979 534
1680 21 163 570
1690 5 969 535
1690 21 163 570
1700 5 953 537
1700 21 163 570
1710 5 941 538
1710 21 163 569
1720 5 941 538
1720 21 163 569
1730 5 941 538
1730 21 163 569
1740 5 941 538
1740 21 163 569
1750 5 942 535
1750 21 163 569
1760 5 942 533
1760 21 163 569
1770 5 942 536
1770 21 163 569
1780 5 942 536
1780 21 163 569
1790 5 942 537
1790 21 163 569
1800 5 942 534
1800 21 165 569
1810 5 942 535
1810 21 165 567
1820 5 942 536
1820 21 165 567
1830 5 937 534
1830 21 165 567
1840 5 937 534
1840 21 165 567
1850 5 937 534
1850 21 165 567
1860 5 937 534
1860 21 165 567
1870 5 937 534
1870 21 165 567
1880 5 937 534
1880 21 165 567
1890 5 937 534
1890 21 165 567
1900 5 937 534
1900 21 165 567
1910 5 943 535
1910 21 165 567
1920 5 952 535
1920 21 165 567
1930 5 960 534
1930 21 165 567
1940 5 962 533
1940 21 165 567
1950 5 965 529
1950 21 165 567
1960 5 968 527
1960 21 165 566
1970 5 971 529
1970 21 165 566
1980 5 972 531
1980 21 165 566
1990 5 972 530
1990 21 165 566
2000 5 970 529
2000 21 165 566
2010 5 969 529
2010 21 165 566
2020 5 969 529
2020 21 165 566
2030 5 969 529
2030 21 165 566
2040 5 969 529
2040 21 165 566
2050 5 969 529
2050 21 165 566
2060 5 969 529
2060 21 165 566
2070 5 967 528
2070 21 165 566
2080 5 964 526
2080 21 165 566
2090 5 960 524
2090 21 165 566
2100 5 963 526
2100 21 166 566
2110 5 965 526
2110 21 166 566
2120 5 965 526
2120 21 166 566
2130 5 965 526
2130 21 166 566
2140 5 965 526
2140 21 166 566
2150 21 166 566
2160 21 166 566
2170 21 166 566
2180 21 166 566
2190 21 166 566
2200 21 166 566
2210 21 166 566
2220 21 166 566
2230 21 166 566
2240 21 166 566
2250 21 167 567
2260 21 167 567
2270 21 167 567
2280 21 167 567
2290 21 167 567
2300 21 167 567
2310 21 167 567
2320 21 167 567
2330 21 167 567
2340 21 167 567
2350 21 167 567
2360 21 167 567
2370 21 167 567
2380 21 167 567
2390 21 167 567
2400 21 169 569
2410 21 167 568
2420 21 167 568
2430 21 167 568
2440 21 167 568
2450 21 167 568
2460 21 167 568
2470 21 167 568
2480 21 167 568
2490 21 167 568
2500 21 167 568
2510 21 167 568
2520 21 167 568
2530 21 167 568
2540 21 167 568
2550 21 167 568
2560 21 166 566
2570 21 166 566
2580 21 166 566
2590 21 166 566
2600 21 166 566
2610 21 166 566
2620 21 166 566
2630 17 33 371
2630 21 166 566
2640 17 41 371
2640 21 166 566
2650 17 46 374
2650 21 166 566
2660 17 51 374
2660 21 166 566
2670 17 62 374
2670 21 166 566
2680 17 67 369
2680 21 166 566
2690 17 73 369
2690 21 166 566
2700 17 78 369
2700 21 166 567
2710 17 86 369
2710 21 165 566
2720 17 91 369
2720 21 165 566
2730 17 98 359
2730 21 165 566
2740 17 106 357
2740 21 165 566
2750 17 111 357
2750 21 165 566
2760 17 117 357
2760 21 165 566
2770 17 122 357
2770 21 165 566
2780 17 130 357
2780 21 165 566
2790 17 135 357
2790 21 165 566
2800 17 141 357
2800 21 165 566
2810 17 146 357
2810 21 165 565
2820 17 151 357
2820 21 165 565
2830 17 157 357
2830 21 165 565
2840 17 165 357
2840 21 165 565
2850 17 170 354
2850 21 165 565
2860 17 175 354
2860 21 165 565
2870 17 181 354
2870 21 165 565
2880 17 189 354
2880 21 165 565
2890 17 194 351
2890 21 165 565
2900 17 202 349
2900 21 165 565
2910 17 207 346
2910 21 165 563
2920 17 215 343
2920 21 165 563
2930 17 221 343
2930 21 165 563
2940 17 229 343
2940 21 165 563
2950 17 231 341
2950 21 165 563
2960 17 234 341
2960 21 165 563
2970 17 247 341
2970 21 165 563
2980 17 253 341
2980 21 165 563
2990 17 258 341
2990 21 165 563
3000 17 261 341
3000 21 165 565
3010 17 271 341
3010 21 165 565
3020 17 271 341
3020 21 165 565
3030 21 165 565
3040 21 165 565
3050 21 165 565
3060 21 165 565
3070 21 165 565
3080 21 165 565
3090 21 165 565
3100 21 165 566
3110 21 165 566
3120 21 165 566
3130 21 165 566
3140 21 165 566
3150 21 165 566
3160 21 165 566
3170 21 165 566
3180 21 165 566
3190 21 165 566
3200 21 165 567
3210 21 165 567
3220 21 165 567
3230 21 165 567
3240 21 165 567
3250 21 165 567
3260 21 165 567
3270 21 165 567
3280 21 165 567
3290 21 165 567
3300 21 167 569
3310 21 167 567
3320 21 167 567
3330 21 167 567
3340 21 167 569
3350 21 167 569
3360 21 167 567
3370 21 167 567
3380 21 167 569
3390 21 169 569
3400 21 169 569
3410 21 169 570
3420 21 169 569
3430 21 169 569
3440 21 169 569
3450 21 169 570
3460 21 169 570
3470 21 169 570
3480 21 172 562
3490 21 174 563
3500 21 174 563
3510 21 174 563
3520 21 172 563
3530 21 172 563
3540 21 172 563
3550 21 172 563
3560 21 172 563
3570 21 172 563
3580 21 172 563
3590 21 172 563
3600 21 172 563
3610 21 172 563
3620 21 172 563
3630 21 172 563
3640 21 172 563
3650 21 172 563
3660 21 169 571
3670 21 169 571
3680 21 169 571
3690 21 169 571
3700 21 169 570
3710 21 169 570
3720 21 169 570
3730 21 169 570
3740 21 171 568
3750 21 179 568
3760 21 187 565
3770 21 198 562
3780 21 206 560
3790 21 214 557
3800 21 225 552
3810 21 230 549
3820 21 235 546
3830 21 238 544
3840 21 243 541
3850 21 246 541
3860 21 251 541
3870 21 254 538
3880 21 259 536
3890 21 265 536
3900 21 265 536
3910 21 262 534
3920 21 262 534
3930 21 262 533
3940 21 262 533
3950 21 262 532
3960 21 262 532
3970 21 262 530
3980 21 262 530
3990 21 262 530
4000 21 262 529
4010 21 262 529
4020 21 259 529
4030 21 258 529
4040 21 258 531
4050 21 257 534
4060 21 254 534
4070 21 254 537
4080 21 253 537
4090 21 252 539
4100 21 252 539
4110 21 249 542
4120 21 246 542
4130 21 246 542
4130 35 593 492
4140 21 244 542
4140 35 594 493
4150 21 241 542
4150 35 595 496
4160 21 238 545
4160 35 595 498
4170 21 238 545
4170 35 596 499
4180 21 238 545
4180 35 596 499
4190 21 238 545
4190 35 596 499
4200 21 233 549
4200 35 595 501
4210 21 233 549
4210 35 590 501
4220 21 233 549
4220 35 592 503
4230 21 233 549
4230 35 588 499
4240 21 233 549
4240 35 593 502
4250 21 233 549
4250 35 583 497
4260 21 233 549
4260 35 566 501
4270 21 233 549
4270 35 561 501
4280 21 233 549
4280 35 555 501
4290 21 233 549
4290 35 550 501
4300 21 233 549
4300 35 550 503
4310 21 233 549
4310 35 553 503
4320 21 233 549
4320 35 551 506
4330 21 233 549
4330 35 546 509
4340 21 233 549
4340 35 546 509
4350 21 233 549
4350 35 550 509
4360 21 233 549
4360 35 550 509
4370 21 233 549
4370 35 550 509
4380 21 233 549
4380 35 550 509
4390 21 233 549
4390 35 550 509
4400 21 233 549
4400 35 554 509
4410 21 233 549
4410 35 570 506
4420 21 233 549
4420 35 576 505
4430 21 233 549
4430 35 585 503
4440 21 233 549
4440 35 593 503
4450 21 233 549
4450 35 598 503
4460 21 233 549
4460 35 603 503
4470 21 233 549
4470 35 611 503
4480 21 233 549
4480 35 617 503
4490 21 233 549
4490 35 622 503
4500 21 233 549
4500 35 630 503
4510 21 229 549
4510 35 629 502
4520 21 226 550
4520 35 629 501
4530 21 225 552
4530 35 629 499
4540 21 219 554
4540 35 629 499
4550 21 214 557
4550 35 629 498
4560 21 211 560
4560 35 630 497
4570 21 206 560
4570 35 630 497
4580 21 203 562
4580 35 630 495
4590 21 201 562
4590 35 630 494
4600 21 198 562
4600 35 630 494
4610 21 195 565
4610 35 630 493
4620 21 193 565
4620 35 626 491
4630 21 190 565
4630 35 618 491
4640 21 190 568
4640 35 610 489
4650 21 187 568
4650 35 605 489
4660 21 185 568
4660 35 597 486
4670 21 182 568
4670 35 589 486
4680 21 187 568
4680 35 581 483
4690 21 195 565
4690 35 575 483
4700 21 203 562
4700 35 567 481
4710 21 214 560
4710 35 562 481
4720 21 222 560
4720 35 557 481
4730 21 235 554
4730 35 549 478
4740 21 246 552
4740 35 543 478
4750 21 259 546
4750 35 535 478
4760 21 273 544
4760 35 530 478
4770 21 286 541
4770 35 525 478
4780 21 305 533
4780 35 511 475
4790 21 323 525
4790 35 498 473
4800 21 339 520
4800 35 487 470
4810 21 353 510
4810 35 481 466
4820 21 366 505
4820 35 475 466
4830 21 377 500
4830 35 467 466
4840 21 390 494
4840 35 462 466
4850 21 398 492
4850 35 451 461
4860 21 406 489
4860 35 449 461
4870 21 412 484
4870 35 438 458
4880 21 422 484
4880 35 435 453
4890 21 434 475
4890 35 427 453
4900 21 443 474
4900 35 422 453
4910 21 443 474
4910 35 422 453
4920 21 443 474
4920 35 422 453
4930 21 441 468
4930 35 422 453
4940 21 438 465
4940 35 422 453
4950 21 436 460
4950 35 422 453
4960 21 430 460
4960 35 422 453
4970 21 425 460
4970 35 422 453
4980 21 420 460
4980 35 422 453
4990 21 417 460
4990 35 422 453
5000 21 417 460
5000 35 422 453
5010 21 414 460
5010 35 422 453
5020 21 414 460
5020 35 422 453
5030 21 412 460
5030 35 422 453
5040 21 412 460
5040 35 422 453
5050 21 412 460
5050 35 422 453
5060 21 409 460
5060 35 422 453
5070 21 409 460
5070 35 422 453
5080 21 406 460
5080 35 422 453
5090 21 406 460
5090 35 422 453
5100 21 406 460
5100 35 422 453
5110 20 8 507
5110 21 406 460
5110 35 419 451
5120 20 12 507
5120 21 406 460
5120 35 417 451
5130 20 19 505
5130 21 406 460
5130 35 414 451
5140 20 25 505
5140 21 407 460
5140 35 413 451
5150 20 33 502
5150 21 407 460
5150 35 411 451
5160 20 38 499
5160 21 407 460
5160 35 409 450
5170 20 43 499
5170 21 407 460
5170 35 408 450
5180 20 51 497
5180 21 409 461
5180 35 405 450
5190 20 57 494
5190 21 409 461
5190 35 402 450
5200 20 65 494
5200 21 409 461
5200 35 402 450
5210 20 67 491
5210 21 409 461
5210 35 394 447
5220 20 67 489
5220 21 411 461
5220 35 389 447
5230 20 67 489
5230 21 411 461
5230 35 382 447
5240 20 70 486
5240 21 411 461
5240 35 374 447
5250 20 70 486
5250 21 411 461
5250 35 369 447
5260 20 73 483
5260 21 413 462
5260 35 361 445
5270 20 73 481
5270 21 413 462
5270 35 355 445
5280 20 73 481
5280 21 413 462
5280 35 347 442
5290 20 75 478
5290 21 413 462
5290 35 339 442
5300 20 75 475
5300 21 414 462
5300 35 331 439
5310 20 78 475
5310 21 414 462
5310 35 326 439
5320 20 78 473
5320 21 414 462
5320 35 318 437
5330 20 81 473
5330 21 414 462
5330 35 310 437
5340 20 81 470
5340 21 411 462
5340 35 305 434
5350 20 81 467
5350 21 403 462
5350 35 297 434
5360 20 83 467
5360 21 398 461
5360 35 289 431
5370 20 83 465
5370 21 390 461
5370 35 283 431
5380 20 86 465
5380 21 385 458
5380 35 275 429
5390 20 86 462
5390 21 379 458
5390 35 267 429
5400 20 89 462
5400 21 377 458
5400 35 262 429
5410 20 90 459
5410 21 374 455
5410 35 254 426
5420 20 93 457
5420 21 373 454
5420 35 248 426
5430 20 96 457
5430 21 370 453
5430 35 242 426
5440 20 98 454
5440 21 369 450
5440 35 235 425
5450 20 99 451
5450 21 366 450
5450 35 230 423
5460 20 102 451
5460 21 365 449
5460 35 223 423
5470 20 105 449
5470 21 362 446
5470 35 218 422
5480 20 107 446
5480 21 361 445
5480 35 212 422
5490 20 109 446
5490 21 361 445
5490 35 206 422
5500 20 111 443
5500 21 356 443
5500 35 201 422
5510 20 111 443
5510 21 353 443
5510 35 196 422
5520 20 111 443
5520 21 350 442
5520 35 190 422
5530 20 111 443
5530 21 348 442
5530 35 185 422
5540 20 113 441
5540 21 345 444
5540 35 180 422
5550 20 113 441
5550 21 342 442
5550 35 174 422
5560 20 113 441
5560 21 340 442
5560 35 169 422
5570 20 113 441
5570 21 337 442
5570 35 164 422
5580 20 116 438
5580 21 334 441
5580 35 158 425
5590 20 116 438
5590 21 329 441
5590 35 156 425
5600 20 116 435
5600 21 326 441
5600 35 153 425
5610 20 116 435
5610 21 324 441
5610 35 150 425
5620 20 116 435
5620 21 321 441
5620 35 148 425
5630 20 113 433
5630 21 318 441
5630 35 145 422
5640 20 110 433
5640 21 316 438
5640 35 143 422
5650 20 108 433
5650 21 313 438
5650 35 141 419
5660 20 105 433
5660 21 310 438
5660 35 139 419
5670 20 102 433
5670 21 308 438
5670 35 137 417
5680 20 100 433
5680 21 305 438
5680 35 136 417
5690 20 97 433
5690 21 302 438
5690 35 133 414
5700 20 94 433
5700 21 300 438
5700 35 133 414
5710 20 94 430
5710 21 294 435
5710 35 128 411
5720 20 94 430
5720 21 290 435
5720 35 125 411
5730 20 97 429
5730 21 286 435
5730 35 120 409
5740 20 97 427
5740 21 282 435
5740 34 36 376
5740 35 117 409
5750 20 97 427
5750 21 278 434
5750 34 47 376
5750 35 113 408
5760 20 100 426
5760 21 274 434
5760 34 55 373
5760 35 109 406
5770 20 100 425
5770 21 270 434
5770 34 64 371
5770 35 105 405
5780 20 100 425
5780 21 267 434
5780 34 73 368
5780 35 101 405
5790 20 102 424
5790 21 262 434
5790 34 81 366
5790 35 98 402
5800 20 102 422
5800 21 258 431
5800 34 87 365
5800 35 94 402
5810 20 105 421
5810 21 254 431
5810 34 94 363
5810 35 90 400
5820 20 105 421
5820 21 250 431
5820 34 99 361
5820 35 86 400
5830 20 105 419
5830 21 246 431
5830 34 108 360
5830 35 83 398
5840 20 108 418
5840 21 242 431
5840 34 116 357
5840 35 78 397
5850 20 108 418
5850 21 238 430
5850 34 125 354
5850 35 75 395
5860 20 108 417
5860 21 235 430
5860 34 134 352
5860 35 72 395
5870 20 110 416
5870 21 230 430
5870 34 142 349
5870 35 67 393
5880 20 110 416
5880 21 226 430
5880 34 153 348
5880 35 65 393
5890 20 110 413
5890 21 222 430
5890 34 163 348
5890 35 59 393
5900 20 110 413
5900 21 218 430
5900 34 174 346
5900 35 54 393
5910 20 110 413
5910 21 207 430
5910 34 187 344
5910 35 46 393
5920 20 110 410
5920 21 199 430
5920 34 200 344
5920 35 41 393
5930 20 108 410
5930 21 191 430
5930 34 213 344
5930 35 34 395
5940 20 108 408
5940 21 183 430
5940 34 225 341
5940 35 27 395
5950 20 108 408
5950 21 175 430
5950 34 239 340
5950 35 22 398
5960 20 108 405
5960 21 167 430
5960 34 249 341
5960 35 16 398
5970 20 105 405
5970 21 159 430
5970 34 260 338
5970 35 12 401
5980 20 105 402
5980 21 151 433
5980 34 265 335
5990 20 105 402
5990 21 143 433
6000 20 105 402
6000 21 132 435
6010 20 102 400
6010 21 124 435
6020 20 100 400
6020 21 117 437
6030 20 97 398
6030 21 109 439
6040 20 94 398
6040 21 102 441
6050 20 92 397
6050 21 95 442
6060 20 89 397
6060 21 89 445
6070 20 89 394
6070 21 81 445
6080 20 86 394
6080 21 74 447
6090 20 84 393
6090 21 67 449
6100 20 81 393
6100 21 61 450
6110 20 78 391
6110 21 53 453
6120 20 76 391
6120 21 46 454
6130 20 76 391
6130 21 41 457
6140 20 70 391
6140 21 32 457
6150 20 65 391
6150 21 23 457
6160 20 62 391
6160 21 15 459
6170 20 57 391
6170 21 8 459
6180 20 52 391
6190 20 49 391
6200 20 44 391
6210 20 38 391
6220 20 36 391
6230 20 30 391
6240 20 25 391
6250 20 22 391
6260 20 18 391
6270 20 13 391
6280 20 10 391
6520 41 13 477
6530 41 20 477
6540 41 28 477
6550 41 34 477
6560 41 45 480
6570 41 53 482
6580 41 61 482
6590 41 64 481
6600 41 70 481
6610 41 75 480
6620 41 81 480
6630 41 86 481
6640 41 91 481
6650 41 97 482
6660 41 104 483
6670 41 109 485
6680 41 114 485
6690 41 120 485
6700 41 126 486
6710 41 131 486
6720 41 146 491
6730 41 150 491
6740 41 159 492
6750 41 165 493
6760 41 167 492
6770 27 8 665
6770 41 173 492
6780 27 14 654
6780 41 180 490
6790 27 22 649
6790 41 185 494
6800 27 30 643
6800 41 193 497
6810 27 39 638
6810 41 199 498
6820 27 47 634
6820 41 203 498
6830 27 54 630
6830 41 208 500
6840 27 63 625
6840 41 214 500
6850 27 71 620
6850 41 222 500
6860 27 79 614
6860 41 226 501
6870 27 87 612
6870 41 230 502
6880 27 95 607
6880 41 235 504
6890 27 103 603
6890 41 239 505
6900 27 111 602
6900 41 242 506
6910 27 121 597
6910 41 243 505
6920 27 129 592
6920 41 247 507
6930 27 131 592
6930 41 251 509
6940 27 139 589
6940 41 255 512
6950 27 147 584
6950 41 259 513
6960 27 155 578
6960 41 263 515
6970 27 163 576
6970 41 269 518
6980 27 171 573
6980 41 271 518
6990 27 179 568
6990 41 271 518
7000 27 190 565
7000 41 271 521
7010 27 198 561
7010 41 271 521
7020 27 206 557
7020 41 274 523
7030 27 214 556
7030 41 274 523
7040 27 217 550
7040 41 276 526
7050 27 222 548
7050 41 278 529
7060 27 225 542
7060 41 274 530
7070 27 227 540
7070 41 273 533
7080 27 227 540
7080 41 272 536
7090 27 227 540
7090 41 266 538
7100 27 227 534
7100 41 262 541
7110 27 227 529
7110 41 258 545
7120 27 227 524
7120 41 247 546
7130 27 227 521
7130 41 239 549
7140 27 227 518
7140 41 229 551
7150 27 227 518
7150 41 221 554
7160 27 227 516
7160 41 207 554
7170 27 227 513
7170 41 194 557
7180 27 227 513
7180 41 181 557
7190 27 225 510
7190 41 167 559
7200 27 222 508
7200 41 154 559
7210 27 219 505
7210 41 141 561
7220 27 219 502
7220 41 130 563
7230 27 219 500
7230 41 119 566
7240 27 219 497
7240 41 109 569
7250 27 219 495
7250 41 97 571
7260 27 217 493
7260 41 86 574
7270 27 217 492
7270 41 75 577
7280 27 217 489
7280 41 65 579
7290 27 217 487
7290 41 53 582
7300 27 217 485
7300 41 41 585
7310 27 217 482
7310 41 30 589
7320 27 215 479
7320 41 21 592
7330 27 213 477
7330 41 13 602
7340 27 211 475
7340 41 13 605
7350 27 206 473
7360 27 203 470
7370 27 199 469
7380 27 195 466
7390 27 191 466
7400 27 189 464
7410 27 183 462
7420 27 181 459
7430 27 178 459
7440 27 170 457
7450 27 165 454
7460 27 159 451
7470 27 154 449
7480 27 149 446
7490 27 143 443
7500 27 138 443
7510 27 131 442
7520 27 126 441
7530 27 122 441
7540 27 117 441
7550 27 114 440
7560 27 114 440
7570 27 112 437
7580 1 7 417
7580 27 112 437
7590 1 12 419
7590 2 5 417
7590 27 109 434
7600 1 21 418
7600 2 10 416
7600 27 109 432
7610 1 28 414
7610 2 15 413
7610 27 109 432
7620 1 35 415
7620 2 23 414
7620 27 109 432
7630 1 40 415
7630 2 29 414
7630 27 109 432
7640 1 47 414
7640 2 34 412
7640 27 109 432
7650 1 54 412
7650 2 41 410
7650 27 109 432
7660 1 61 412
7660 2 48 410
7660 27 109 430
7670 1 67 409
7670 2 55 407
7670 27 109 430
7680 1 74 408
7680 2 61 406
7680 27 109 430
7690 1 79 406
7690 2 67 405
7690 27 112 429
7700 1 84 406
7700 2 72 406
7700 27 112 429
7710 1 91 406
7710 2 79 403
7710 27 112 429
7720 1 100 406
7720 2 86 406
7720 27 112 427
7730 1 105 407
7730 2 90 405
7730 27 112 427
7740 1 110 406
7740 2 98 405
7740 27 112 427
7750 1 117 403
7750 2 105 402
7750 27 112 427
7760 1 123 401
7760 2 110 402
7760 27 112 427
7770 1 129 399
7770 2 117 401
7770 27 112 425
7780 1 138 395
7780 2 123 398
7780 27 112 422
7790 1 143 399
7790 2 128 399
7790 27 112 419
7800 1 149 397
7800 2 133 397
7800 27 112 419
7810 1 155 397
7810 2 138 396
7810 27 112 417
7820 1 160 397
7820 2 143 395
7820 27 113 416
7830 1 165 397
7830 2 149 397
7830 27 113 414
7840 1 173 396
7840 2 156 394
7840 27 114 413
7850 1 178 394
7850 2 161 393
7850 27 111 413
7860 1 184 394
7860 2 167 394
7860 27 111 413
7870 1 191 392
7870 2 175 393
7870 27 111 413
7880 1 196 389
7880 2 181 390
7880 27 119 410
7890 1 201 388
7890 2 187 388
7890 27 119 407
7900 1 208 387
7900 2 194 387
7900 27 119 407
7910 1 213 389
7910 2 199 387
7910 27 117 407
7920 1 218 388
7920 2 203 388
7920 27 117 410
7930 1 224 385
7930 2 210 385
7930 27 114 410
7940 1 229 385
7940 2 216 385
7940 27 114 410
7950 1 237 386
7950 2 221 385
7950 27 111 407
7960 1 242 385
7960 2 228 385
7960 27 109 405
7970 1 247 384
7970 2 234 385
7970 27 109 402
7980 1 253 383
7980 2 239 382
7980 27 103 402
7990 1 258 382
7990 2 244 382
7990 27 101 397
8000 1 264 381
8000 2 249 381
8000 27 95 397
8010 1 270 380
8010 2 254 379
8010 27 93 397
8020 1 276 379
8020 2 260 378
8020 27 89 394
8030 1 281 379
8030 2 265 376
8030 27 86 394
8040 1 285 378
8040 2 270 375
8040 27 78 394
8050 1 290 375
8050 2 275 374
8050 27 78 394
8060 1 295 373
8060 2 281 372
8060 27 73 394
8070 1 299 372
8070 2 286 371
8070 27 70 394
8080 1 305 372
8080 2 292 372
8080 27 62 394
8090 1 310 371
8090 2 297 372
8090 27 59 394
8100 1 316 370
8100 2 302 370
8100 27 54 389
8110 1 321 368
8110 2 307 367
8110 27 48 389
8120 1 326 366
8120 2 313 365
8120 27 42 390
8130 1 330 364
8130 2 318 364
8130 27 35 392
8140 1 335 364
8140 2 323 364
8140 27 30 393
8150 1 341 364
8150 2 328 363
8150 27 23 393
8160 1 346 364
8160 2 332 361
8160 27 20 394
8170 1 348 359
8170 2 336 359
8170 27 13 396
8180 1 353 358
8180 2 341 357
8180 27 10 398
8190 1 358 358
8190 2 346 356
8190 27 10 398
8200 1 363 357
8200 2 350 355
8210 1 368 356
8210 2 355 354
8220 1 372 355
8220 2 359 353
8230 1 377 354
8230 2 364 352
8240 1 382 353
8240 2 369 351
8250 1 387 353
8250 2 373 351
8260 1 391 352
8260 2 378 350
8270 1 396 351
8270 2 382 349
8280 1 401 350
8280 2 387 348
8290 1 406 349
8290 2 392 347
8300 1 411 349
8300 2 396 346
8310 1 415 347
8310 2 401 345
8320 1 419 346
8320 2 405 344
8330 1 423 344
8330 2 410 344
8340 1 428 343
8340 2 414 343
8350 1 432 341
8350 2 419 342
8360 1 436 340
8360 2 423 341
8370 1 439 339
8370 2 428 340
8380 1 439 339
8380 2 432 339
8390 1 447 341
8390 2 437 339
8400 2 441 338
