0 92 772 350
10 92 771 349
20 92 770 348
30 92 769 348
40 92 769 347
40 113 203 699
50 92 768 347
50 113 218 702
60 92 767 346
60 113 236 705
70 92 767 346
70 113 253 709
80 92 770 347
90 92 773 349
100 92 776 350
110 92 779 350
120 92 782 351
130 92 786 352
140 92 789 353
150 92 789 354
160 92 789 354
170 92 790 354
180 92 793 355
190 92 797 356
200 92 801 357
210 92 805 358
220 92 809 359
230 92 816 359
240 92 822 359
250 92 828 359
260 92 835 359
270 92 841 362
280 92 848 364
290 92 855 366
300 92 862 370
310 92 870 372
320 92 877 373
330 92 884 374
340 92 891 374
350 92 898 375
360 92 904 376
370 92 910 376
380 92 916 376
390 92 921 377
400 92 926 376
410 92 926 376
420 92 925 375
430 92 925 375
440 92 925 375
450 92 925 375
460 92 925 375
470 92 925 375
480 92 927 376
490 92 928 376
500 92 934 377
510 92 938 377
520 92 944 377
530 92 949 378
540 92 955 377
550 92 961 377
560 92 967 377
570 92 973 377
580 92 979 378
590 92 985 378
600 92 991 378
610 92 997 378
620 92 1003 377
630 92 1008 376
640 92 1013 375
650 92 1019 374
660 92 1023 373
670 92 1028 373
680 92 1033 373
690 92 1038 373
700 92 1043 373
710 92 1044 373
720 92 1045 373
730 92 1046 372
740 92 1047 372
750 92 1048 372
760 92 1049 373
770 92 1049 373
780 92 1049 373
790 92 1049 373
800 92 1049 373
810 92 1049 373
820 92 1048 373
830 92 1047 373
840 92 1046 373
850 92 1044 372
860 92 1038 372
870 92 1032 372
880 92 1026 373
890 92 1018 374
900 92 1010 376
910 92 1002 377
910 94 1208 366
920 92 995 378
920 94 1206 371
930 92 988 378
930 94 1205 372
940 92 981 379
940 94 1204 373
950 92 974 379
950 93 1242 315
950 94 1202 374
960 92 966 379
960 93 1241 315
960 94 1201 374
970 92 959 379
970 93 1239 314
970 94 1199 375
980 92 952 379
980 93 1238 314
980 94 1198 376
990 92 944 379
990 93 1237 314
990 94 1197 377
1000 92 937 378
1000 93 1237 313
1000 94 1196 378
1010 92 930 378
1010 93 1237 313
1010 94 1195 379
1020 92 922 377
1020 93 1237 313
1020 94 1194 379
1030 92 915 377
1030 93 1237 313
1030 94 1192 380
1040 92 908 377
1040 93 1239 313
1040 94 1191 381
1050 92 900 376
1050 93 1240 313
1050 94 1190 382
1060 92 893 376
1060 93 1240 312
1060 94 1189 383
1070 92 886 375
1070 93 1240 312
1070 94 1187 384
1080 92 878 374
1080 93 1240 312
1080 94 1185 385
1090 92 871 374
1090 93 1239 312
1090 94 1182 386
1100 92 865 372
1100 93 1239 312
1100 94 1180 387
1110 92 858 369
1110 93 1239 312
1110 94 1178 388
1120 92 851 366
1120 93 1238 312
1120 94 1176 389
1130 92 844 363
1130 93 1238 312
1130 94 1173 389
1140 92 837 362
1140 93 1238 312
1140 94 1171 390
1140 95 243 707
1150 92 830 360
1150 93 1237 312
1150 94 1169 391
1150 95 296 701
1160 92 823 359
1160 93 1237 312
1160 94 1166 392
1160 95 349 696
1170 92 817 359
1170 93 1237 312
1170 94 1164 393
1170 95 397 690
1180 92 810 359
1180 93 1235 312
1180 94 1162 394
1180 95 443 685
1190 92 804 358
1190 93 1231 312
1190 94 1159 395
1190 95 482 678
1200 92 799 358
1200 93 1228 312
1200 94 1157 396
1200 95 520 671
1210 92 794 357
1210 93 1224 312
1210 94 1155 396
1210 95 558 662
1220 92 789 356
1220 93 1220 312
1220 94 1154 397
1220 95 588 651
1230 92 784 355
1230 93 1216 312
1230 94 1152 398
1230 95 619 640
1240 92 783 355
1240 93 1213 313
1240 94 1150 399
1240 95 650 629
1250 92 781 354
1250 93 1209 313
1250 94 1149 400
1250 95 677 618
1260 92 779 354
1260 93 1205 313
1260 94 1147 401
1260 95 705 607
1270 92 779 353
1270 93 1202 313
1270 94 1146 402
1270 95 729 597
1280 92 779 353
1280 93 1199 312
1280 94 1144 403
1280 95 750 590
1290 92 780 353
1290 93 1195 312
1290 94 1142 404
1290 95 772 582
1300 92 780 353
1300 93 1192 312
1300 94 1140 405
1300 95 793 574
1310 92 779 353
1310 93 1189 312
1310 94 1137 406
1310 95 815 566
1320 92 777 353
1320 93 1185 311
1320 94 1135 407
1320 95 836 559
1330 92 776 353
1330 93 1182 311
1330 94 1133 408
1330 95 857 551
1340 92 776 353
1340 93 1179 311
1340 94 1131 409
1340 95 878 545
1350 92 776 353
1350 93 1175 311
1350 94 1128 410
1350 95 893 539
1360 92 776 352
1360 93 1173 310
1360 94 1126 411
1360 95 908 534
1370 92 776 352
1370 93 1171 310
1370 94 1123 412
1370 95 923 529
1380 92 777 353
1380 93 1170 309
1380 94 1121 413
1380 95 938 523
1390 92 777 352
1390 93 1168 309
1390 94 1118 414
1390 95 954 518
1400 92 777 352
1400 93 1166 308
1400 94 1116 415
1400 95 967 513
1410 92 777 352
1410 93 1164 308
1410 94 1114 416
1410 95 979 508
1420 92 777 352
1420 93 1163 307
1420 94 1111 417
1420 95 990 503
1430 92 777 352
1430 93 1161 306
1430 94 1109 419
1430 95 1002 498
1440 92 775 352
1440 93 1159 306
1440 94 1106 420
1440 95 1014 493
1450 93 1157 306
1450 94 1103 421
1450 95 1025 488
1460 93 1154 306
1460 94 1100 423
1460 95 1037 483
1470 93 1152 306
1470 94 1097 424
1470 95 1047 478
1480 93 1149 306
1480 94 1095 425
1480 95 1056 475
1490 93 1147 306
1490 94 1092 426
1490 95 1066 470
1500 93 1143 306
1500 94 1089 428
1500 95 1075 466
1510 93 1140 306
1510 94 1086 429
1510 95 1084 462
1520 93 1137 306
1520 94 1083 431
1520 95 1093 458
1530 93 1134 306
1530 94 1081 432
1530 95 1101 454
1540 93 1131 306
1540 94 1078 433
1540 95 1110 451
1550 93 1127 305
1550 94 1075 434
1550 95 1118 447
1560 93 1122 305
1560 94 1072 435
1560 95 1126 443
1570 93 1118 304
1570 94 1070 436
1570 95 1134 439
1580 93 1113 304
1580 94 1060 439
1580 95 1151 431
1590 93 1109 303
1590 94 1057 441
1590 95 1157 428
1600 93 1104 303
1600 94 1054 443
1600 95 1164 425
1610 93 1103 302
1610 94 1050 444
1610 95 1170 422
1620 93 1103 302
1620 94 1047 445
1620 95 1177 418
1630 93 1102 302
1630 94 1044 446
1630 95 1183 416
1640 93 1102 302
1640 94 1041 448
1640 95 1190 413
1650 93 1101 301
1650 94 1038 450
1650 95 1196 410
1660 93 1100 301
1660 94 1035 451
1670 93 1100 301
1670 94 1031 452
1680 93 1099 300
1680 94 1028 454
1690 93 1098 300
1690 94 1025 455
1700 93 1098 300
1700 94 1022 457
1710 93 1097 300
1710 94 1019 459
1720 93 1096 299
1720 94 1016 460
1730 93 1096 299
1730 94 1013 462
1740 93 1096 299
1740 94 1010 464
1750 93 1095 299
1750 94 1006 465
1760 93 1095 299
1760 94 1003 467
1770 93 1095 299
1770 94 1000 469
1780 93 1094 299
1780 94 996 471
1790 93 1094 299
1790 94 993 472
1800 93 1094 299
1800 94 989 474
1810 93 1093 298
1810 94 985 476
1820 93 1092 298
1820 94 981 477
1830 93 1092 298
1830 94 977 479
1840 93 1091 298
1840 94 973 481
1850 93 1089 297
1850 94 969 482
1860 93 1088 297
1860 94 966 484
1870 93 1088 297
1870 94 962 486
1880 93 1087 297
1880 94 959 487
1890 93 1087 296
1890 94 955 489
1900 93 1088 296
1900 94 951 491
1910 93 1089 296
1910 94 946 493
1920 93 1089 296
1920 94 942 495
1930 93 1090 296
1930 94 937 497
1940 93 1091 296
1940 94 932 499
1950 93 1092 296
1950 94 927 501
1960 93 1093 296
1960 94 923 504
1970 93 1093 296
1970 94 918 505
1980 93 1094 296
1980 94 913 507
1990 93 1094 296
1990 94 908 510
2000 93 1094 296
2000 94 903 512
2010 93 1095 296
2010 94 898 514
2020 93 1096 295
2020 94 893 516
2030 93 1096 295
2030 94 888 518
2040 93 1096 295
2040 94 883 520
2050 93 1096 295
2050 94 878 522
2060 93 1096 295
2060 94 873 524
2070 93 1096 295
2070 94 867 526
2080 93 1096 295
2080 94 862 529
2090 93 1096 294
2090 94 857 531
2100 93 1097 294
2100 94 852 534
2110 93 1097 293
2110 94 846 536
2120 93 1096 293
2120 94 841 538
2130 93 1095 293
2130 94 834 541
2140 93 1094 293
2140 94 827 544
2150 93 1093 293
2150 94 821 546
2160 93 1091 292
2160 94 814 549
2170 93 1089 292
2170 94 807 551
2180 93 1086 292
2180 94 800 554
2190 93 1084 292
2190 94 794 556
2200 93 1081 292
2200 94 787 559
2210 93 1079 292
2210 94 780 561
2220 93 1077 292
2220 94 774 564
2230 93 1076 292
2230 94 767 567
2240 93 1077 292
2240 94 760 570
2240 96 775 353
2250 93 1078 292
2250 94 752 573
2250 96 774 353
2260 93 1079 292
2260 94 745 576
2260 96 773 350
2270 93 1080 292
2270 94 737 579
2270 96 773 348
2280 93 1081 292
2280 94 730 582
2280 96 772 348
2290 93 1082 292
2290 94 723 586
2290 96 772 348
2300 93 1083 292
2300 94 715 589
2300 96 772 348
2310 93 1084 292
2310 94 708 592
2310 96 772 348
2320 93 1084 293
2320 94 700 596
2320 96 773 349
2330 93 1084 293
2330 94 692 599
2330 96 776 351
2340 93 1084 293
2340 94 684 603
2340 96 780 352
2350 93 1084 293
2350 94 677 607
2350 96 784 354
2360 93 1084 293
2360 94 670 611
2360 96 788 356
2370 93 1084 294
2370 94 663 616
2370 96 793 357
2380 93 1084 294
2380 94 652 619
2380 96 798 357
2390 93 1084 294
2390 94 642 623
2390 96 804 358
2390 97 1072 711
2400 93 1083 294
2400 94 631 628
2400 96 810 359
2400 97 1078 709
2410 93 1083 294
2410 94 621 632
2410 96 817 359
2410 97 1084 706
2420 93 1083 295
2420 94 610 635
2420 96 824 359
2420 97 1091 703
2430 93 1083 295
2430 94 600 640
2430 96 831 360
2430 97 1098 700
2440 93 1083 295
2440 94 588 644
2440 96 839 362
2440 97 1104 697
2450 93 1083 295
2450 94 575 649
2450 96 846 365
2450 97 1109 693
2450 109 532 403
2460 93 1083 295
2460 94 562 654
2460 96 853 367
2460 97 1114 691
2460 109 532 402
2470 93 1083 295
2470 94 549 659
2470 96 860 369
2470 97 1119 688
2470 109 532 401
2480 93 1083 295
2480 94 535 663
2480 96 867 370
2480 97 1124 686
2480 109 532 400
2490 93 1084 295
2490 94 519 666
2490 96 874 371
2490 97 1130 682
2490 109 533 399
2500 93 1084 295
2500 94 502 669
2500 96 881 372
2500 97 1135 676
2500 109 533 398
2510 93 1085 294
2510 94 486 671
2510 96 889 373
2510 97 1140 670
2510 109 531 397
2520 93 1085 294
2520 94 470 674
2520 96 897 374
2520 97 1145 664
2520 109 530 397
2530 93 1086 294
2530 94 453 676
2530 96 904 374
2530 97 1149 659
2530 109 529 397
2540 93 1087 293
2540 94 436 678
2540 96 913 375
2540 97 1153 654
2540 109 528 398
2550 93 1087 293
2550 94 420 680
2550 96 920 375
2550 97 1157 650
2550 109 527 398
2560 93 1088 293
2560 94 403 682
2560 96 928 376
2560 97 1162 645
2560 109 523 396
2570 93 1088 293
2570 94 386 684
2570 96 935 377
2570 97 1167 640
2570 109 520 394
2580 93 1088 293
2580 94 370 686
2580 96 943 377
2580 97 1171 636
2580 109 515 391
2590 93 1088 293
2590 94 353 688
2590 96 950 378
2590 97 1175 632
2590 109 514 391
2600 93 1087 293
2600 94 335 690
2600 96 957 378
2600 97 1179 627
2600 109 513 390
2610 93 1087 293
2610 94 318 692
2610 96 963 378
2610 97 1184 622
2610 109 512 390
2620 93 1086 294
2620 94 301 695
2620 96 970 379
2620 97 1188 618
2620 109 512 390
2630 93 1086 294
2630 94 284 697
2630 96 977 379
2630 97 1192 614
2630 109 512 390
2640 93 1086 294
2640 94 267 699
2640 96 984 379
2640 97 1196 610
2640 109 512 390
2650 93 1086 294
2650 94 247 701
2650 96 991 380
2650 97 1200 606
2650 109 512 390
2660 93 1086 295
2660 94 227 702
2660 96 997 379
2660 97 1204 602
2660 109 512 390
2670 93 1086 295
2670 94 208 703
2670 96 1003 379
2670 97 1208 598
2670 109 512 390
2680 93 1086 295
2680 94 188 705
2680 96 1009 378
2680 97 1213 594
2680 109 512 390
2690 93 1086 295
2690 94 165 706
2690 96 1015 378
2690 97 1217 590
2690 109 512 390
2700 93 1086 295
2700 96 1019 377
2700 97 1222 587
2700 109 512 390
2710 93 1088 296
2710 96 1022 376
2710 97 1227 584
2710 109 512 390
2720 93 1089 296
2720 96 1025 375
2720 97 1231 580
2720 109 512 390
2730 93 1089 296
2730 96 1028 375
2730 97 1237 577
2730 109 512 390
2740 93 1090 296
2740 96 1031 374
2740 97 1241 574
2740 109 512 390
2750 93 1090 296
2750 96 1034 373
2750 97 1246 570
2750 109 512 390
2760 93 1090 296
2760 96 1037 373
2760 97 1251 567
2760 109 512 390
2770 93 1090 296
2770 96 1041 373
2770 97 1256 564
2770 109 512 390
2780 93 1090 296
2780 96 1046 373
2780 97 1261 560
2780 109 512 390
2790 93 1089 295
2790 96 1050 373
2790 97 1264 558
2790 109 512 390
2800 93 1089 295
2800 96 1052 374
2800 97 1266 556
2800 109 512 390
2810 93 1089 295
2810 96 1053 374
2810 97 1267 553
2810 109 512 390
2820 93 1087 295
2820 96 1053 374
2820 97 1269 550
2820 109 512 390
2830 93 1085 296
2830 96 1053 374
2830 97 1271 547
2830 109 512 390
2840 93 1083 296
2840 96 1053 374
2840 97 1273 545
2840 109 512 390
2850 93 1081 296
2850 96 1053 374
2850 109 512 390
2860 93 1079 296
2860 96 1053 374
2860 109 512 390
2870 93 1077 297
2870 96 1053 374
2870 109 513 390
2880 93 1073 297
2880 96 1053 374
2880 109 514 391
2890 93 1070 297
2890 96 1053 374
2890 109 516 391
2900 93 1067 296
2900 96 1053 374
2900 109 518 392
2910 93 1067 296
2910 96 1053 374
2910 109 520 393
2920 93 1067 296
2920 96 1053 374
2920 109 521 393
2930 93 1066 296
2930 96 1053 374
2930 109 523 394
2940 93 1066 296
2940 96 1053 374
2940 109 525 395
2950 93 1066 296
2950 96 1053 374
2950 109 525 395
2960 93 1064 296
2960 96 1053 374
2960 109 525 395
2970 93 1062 296
2970 96 1053 374
2970 109 526 395
2980 93 1060 296
2980 96 1053 374
2980 109 527 395
2990 93 1058 296
2990 96 1053 374
2990 109 527 395
3000 93 1056 295
3000 96 1053 374
3000 109 527 395
3010 93 1053 295
3010 96 1053 374
3010 109 524 395
3020 93 1050 295
3020 96 1053 374
3030 93 1046 294
3030 96 1053 374
3040 93 1043 294
3040 96 1053 374
3050 93 1040 294
3050 96 1053 374
3060 93 1038 293
3060 96 1053 374
3070 93 1038 293
3070 96 1053 374
3070 98 1088 713
3080 93 1038 293
3080 96 1053 374
3080 98 1091 710
3090 93 1038 293
3090 96 1053 374
3090 98 1096 707
3100 93 1038 292
3100 96 1053 374
3100 98 1100 704
3110 93 1038 292
3110 96 1053 374
3110 98 1104 702
3120 93 1035 292
3120 96 1053 374
3120 98 1107 699
3130 93 1032 291
3130 96 1053 374
3130 98 1111 696
3140 93 1030 291
3140 96 1053 374
3140 98 1116 694
3150 93 1029 291
3150 96 1053 374
3150 98 1121 691
3160 93 1027 290
3160 96 1053 374
3160 98 1126 689
3170 93 1026 290
3170 96 1053 374
3170 98 1131 687
3180 93 1024 290
3180 96 1053 374
3180 98 1137 685
3190 93 1022 291
3190 96 1053 374
3190 98 1143 684
3200 93 1021 291
3200 96 1053 374
3200 98 1147 677
3210 93 1021 291
3210 96 1053 374
3210 98 1151 671
3220 93 1021 291
3220 96 1053 374
3220 98 1155 666
3230 93 1021 291
3230 96 1053 374
3230 98 1159 661
3240 93 1022 290
3240 96 1053 374
3240 98 1163 656
3250 93 1022 290
3250 96 1053 374
3250 98 1167 651
3260 93 1022 290
3260 96 1053 374
3260 98 1171 646
3270 93 1023 289
3270 96 1053 374
3270 98 1175 642
3280 93 1026 289
3280 96 1053 374
3280 98 1179 637
3290 93 1028 289
3290 96 1053 374
3290 98 1183 632
3300 93 1031 289
3300 96 1053 374
3300 98 1188 628
3310 93 1033 289
3310 96 1053 374
3310 98 1192 624
3320 93 1036 289
3320 96 1053 374
3320 98 1196 620
3330 93 1038 289
3330 96 1053 374
3330 98 1200 616
3340 93 1041 289
3340 96 1053 374
3340 98 1204 611
3350 93 1045 289
3350 96 1053 374
3350 98 1208 608
3360 93 1049 290
3360 96 1053 374
3360 98 1211 603
3370 93 1053 290
3370 96 1053 374
3370 98 1214 600
3380 93 1057 291
3380 96 1053 374
3380 98 1217 596
3390 93 1061 291
3390 96 1053 374
3390 98 1220 592
3400 93 1065 291
3400 96 1053 374
3400 98 1223 588
3410 93 1069 292
3410 96 1053 374
3410 98 1226 585
3420 93 1073 292
3420 96 1053 374
3420 98 1229 580
3430 93 1078 293
3430 96 1053 374
3430 98 1231 577
3440 93 1081 293
3440 96 1053 374
3440 98 1234 574
3450 93 1085 293
3450 96 1053 374
3450 98 1236 572
3460 93 1089 293
3460 96 1053 374
3460 98 1238 569
3470 93 1093 293
3470 96 1053 374
3470 98 1242 566
3480 93 1096 293
3480 96 1053 374
3480 98 1245 563
3490 93 1100 293
3490 96 1053 374
3490 98 1248 561
3500 93 1103 293
3500 96 1053 374
3500 98 1251 558
3510 93 1107 294
3510 96 1053 374
3510 98 1255 555
3520 93 1110 294
3520 96 1053 374
3520 98 1258 552
3520 111 522 393
3530 93 1113 295
3530 96 1053 374
3530 98 1264 547
3530 111 523 393
3540 93 1117 296
3540 96 1053 374
3540 98 1268 548
3540 111 524 393
3550 93 1120 296
3550 96 1053 374
3550 111 522 391
3560 93 1124 296
3560 96 1053 374
3560 111 521 390
3570 93 1128 296
3570 96 1053 375
3570 111 518 389
3580 93 1131 297
3580 96 1053 375
3580 111 515 389
3590 93 1134 297
3590 96 1053 375
3590 111 512 389
3600 93 1137 297
3600 96 1053 375
3600 111 512 389
3610 93 1139 298
3610 96 1053 375
3610 111 512 389
3620 93 1142 298
3620 96 1053 375
3620 111 512 389
3630 93 1145 298
3630 96 1053 375
3630 111 513 389
3640 93 1148 298
3640 96 1053 375
3640 111 513 389
3650 93 1151 299
3650 96 1053 375
3650 99 1272 519
3650 111 513 389
3660 93 1153 299
3660 96 1053 375
3660 99 1270 522
3660 111 513 389
3670 93 1156 300
3670 96 1053 375
3670 99 1269 525
3670 111 513 389
3680 93 1158 300
3680 96 1053 375
3680 99 1268 528
3680 111 513 389
3690 93 1159 300
3690 96 1053 375
3690 99 1268 530
3690 111 513 389
3700 93 1158 300
3700 96 1053 375
3700 99 1266 532
3700 111 513 389
3710 93 1156 300
3710 96 1053 375
3710 99 1263 535
3710 111 513 389
3720 93 1155 300
3720 96 1053 375
3720 99 1261 537
3720 111 513 389
3730 93 1152 299
3730 96 1053 375
3730 99 1258 540
3730 111 513 389
3740 93 1149 299
3740 96 1053 375
3740 99 1255 542
3740 111 513 389
3750 93 1146 299
3750 96 1053 375
3750 99 1253 545
3750 111 513 389
3760 93 1143 299
3760 96 1053 375
3760 99 1251 547
3760 111 513 389
3770 93 1140 298
3770 96 1053 375
3770 99 1248 550
3770 111 513 389
3780 93 1136 298
3780 96 1053 375
3780 99 1244 552
3780 100 1025 710
3780 111 513 389
3790 93 1132 297
3790 96 1053 375
3790 99 1241 555
3790 100 1033 707
3790 111 513 389
3800 93 1127 296
3800 96 1053 375
3800 99 1237 557
3800 100 1040 705
3800 111 513 389
3810 93 1123 296
3810 96 1053 375
3810 99 1234 560
3810 100 1048 703
3810 101 1098 710
3810 111 513 389
3820 93 1119 296
3820 96 1053 375
3820 99 1231 562
3820 100 1056 701
3820 101 1101 708
3820 111 513 389
3830 93 1114 296
3830 96 1053 375
3830 99 1227 565
3830 100 1062 698
3830 101 1104 706
3830 111 513 389
3840 93 1110 296
3840 96 1053 375
3840 99 1224 567
3840 100 1069 696
3840 101 1105 704
3840 111 513 389
3850 93 1106 295
3850 96 1053 375
3850 99 1220 570
3850 100 1075 693
3850 101 1108 702
3850 111 513 389
3860 93 1102 294
3860 96 1053 375
3860 99 1218 574
3860 100 1081 691
3860 101 1113 700
3860 111 513 389
3870 93 1098 293
3870 96 1053 375
3870 99 1216 578
3870 100 1087 688
3870 101 1118 698
3870 111 513 389
3880 93 1095 292
3880 96 1053 375
3880 99 1213 581
3880 100 1093 685
3880 101 1123 696
3880 111 513 389
3890 93 1091 292
3890 96 1053 375
3890 99 1209 584
3890 100 1100 683
3890 101 1128 694
3890 111 513 389
3900 93 1088 292
3900 96 1053 375
3900 99 1205 587
3900 100 1104 681
3900 101 1132 692
3900 111 513 389
3910 93 1085 292
3910 96 1053 375
3910 99 1201 590
3910 100 1109 680
3910 101 1136 690
3910 111 513 389
3920 93 1081 291
3920 96 1053 375
3920 99 1196 592
3920 100 1112 678
3920 101 1141 688
3920 111 513 389
3930 93 1077 291
3930 96 1053 375
3930 99 1192 595
3930 100 1116 677
3930 101 1145 686
3930 111 513 389
3940 93 1072 291
3940 96 1053 375
3940 99 1187 598
3940 100 1120 675
3940 101 1150 684
3940 111 513 389
3950 93 1068 291
3950 96 1053 375
3950 99 1182 601
3950 100 1124 671
3950 101 1156 683
3950 111 513 389
3960 93 1064 290
3960 96 1053 375
3960 99 1177 604
3960 100 1127 666
3960 101 1162 680
3960 111 513 389
3970 93 1060 290
3970 96 1053 375
3970 99 1172 607
3970 100 1131 661
3970 101 1166 677
3970 111 513 389
3980 93 1056 289
3980 96 1053 375
3980 99 1168 611
3980 100 1135 656
3980 101 1170 673
3980 111 513 389
3990 93 1053 289
3990 96 1053 375
3990 99 1164 614
3990 100 1139 652
3990 101 1174 671
3990 111 513 389
4000 93 1049 289
4000 96 1053 375
4000 99 1159 618
4000 100 1142 649
4000 101 1180 665
4000 111 513 389
4010 93 1046 288
4010 96 1053 375
4010 99 1154 621
4010 100 1146 646
4010 101 1182 662
4010 111 513 389
4020 93 1042 288
4020 96 1053 375
4020 99 1150 624
4020 100 1148 643
4020 101 1185 659
4020 111 513 389
4030 93 1038 287
4030 96 1053 375
4030 99 1146 628
4030 100 1151 639
4030 101 1186 655
4030 111 513 389
4040 93 1034 287
4040 96 1053 375
4040 99 1142 632
4040 100 1154 636
4040 101 1186 651
4040 108 382 344
4040 111 513 389
4050 93 1030 287
4050 96 1053 375
4050 99 1137 636
4050 100 1157 633
4050 101 1186 648
4050 108 382 344
4050 111 513 389
4060 93 1025 287
4060 96 1053 375
4060 99 1135 641
4060 100 1160 629
4060 101 1187 645
4060 108 382 343
4060 111 513 389
4070 93 1021 287
4070 96 1053 375
4070 99 1132 646
4070 100 1163 627
4070 101 1190 642
4070 108 382 343
4070 111 513 389
4080 93 1017 287
4080 96 1053 375
4080 99 1130 651
4080 100 1166 623
4080 101 1192 639
4080 108 382 343
4080 111 513 389
4090 93 1012 286
4090 96 1053 375
4090 99 1129 656
4090 100 1169 620
4090 101 1195 636
4090 108 382 343
4090 111 513 389
4100 93 1009 286
4100 96 1053 375
4100 99 1129 662
4100 100 1172 617
4100 101 1198 632
4100 108 382 343
4100 111 513 389
4110 93 1005 285
4110 96 1053 375
4110 99 1128 667
4110 100 1175 613
4110 101 1201 629
4110 108 382 343
4110 111 513 389
4120 93 1001 284
4120 96 1053 375
4120 99 1127 673
4120 100 1178 610
4120 101 1203 626
4120 108 382 343
4120 111 513 389
4130 93 998 283
4130 96 1053 375
4130 99 1126 678
4130 100 1181 607
4130 101 1206 623
4130 108 382 343
4130 111 513 389
4140 93 994 282
4140 96 1053 375
4140 99 1123 682
4140 100 1183 604
4140 101 1208 620
4140 108 382 343
4140 111 513 389
4150 93 990 282
4150 96 1053 375
4150 99 1122 686
4150 100 1185 602
4150 101 1210 618
4150 108 382 344
4150 111 513 389
4160 93 986 282
4160 96 1053 375
4160 99 1120 688
4160 100 1188 599
4160 101 1213 616
4160 108 382 344
4160 111 513 389
4170 93 982 282
4170 96 1053 375
4170 99 1119 691
4170 100 1190 596
4170 101 1215 613
4170 108 382 344
4170 111 513 389
4180 93 978 282
4180 96 1053 375
4180 99 1118 693
4180 100 1192 594
4180 101 1217 611
4180 108 381 344
4180 111 513 389
4190 93 974 281
4190 96 1053 375
4190 99 1113 695
4190 100 1194 592
4190 101 1219 608
4190 108 380 343
4190 111 513 389
4200 93 971 281
4200 96 1053 375
4200 99 1109 697
4200 100 1196 589
4200 101 1222 606
4200 108 380 342
4200 111 513 389
4210 93 968 281
4210 96 1053 375
4210 99 1105 700
4210 100 1199 586
4210 101 1224 604
4210 108 381 341
4210 111 514 389
4220 93 965 280
4220 96 1053 375
4220 99 1102 703
4220 100 1201 584
4220 101 1226 601
4220 108 383 341
4220 111 514 389
4230 93 961 280
4230 96 1053 375
4230 99 1098 706
4230 100 1203 581
4230 101 1228 599
4230 108 384 341
4230 111 515 389
4240 93 958 279
4240 96 1053 375
4240 99 1094 708
4240 100 1205 578
4240 101 1230 597
4240 108 385 340
4240 111 516 390
4250 93 955 279
4250 96 1053 375
4250 99 1087 711
4250 100 1207 576
4250 101 1232 594
4250 108 386 340
4250 111 518 390
4260 93 952 278
4260 96 1053 375
4260 99 1082 714
4260 100 1210 573
4260 101 1231 592
4260 108 386 340
4260 111 520 391
4270 93 948 278
4270 96 1053 375
4270 100 1212 571
4270 101 1230 590
4270 108 382 340
4270 111 522 392
4280 93 945 278
4280 96 1053 375
4280 100 1214 569
4280 101 1229 587
4280 108 377 340
4280 111 523 392
4290 93 943 277
4290 96 1053 375
4290 100 1217 566
4290 101 1228 585
4290 108 372 340
4290 111 523 393
4300 93 940 277
4300 96 1053 375
4300 100 1219 564
4300 101 1227 582
4300 108 364 340
4300 111 523 393
4310 93 937 277
4310 96 1053 375
4310 100 1221 562
4310 101 1225 580
4310 108 356 339
4310 111 522 394
4320 93 935 277
4320 96 1053 375
4320 100 1224 560
4320 101 1224 577
4320 108 348 339
4320 111 522 394
4330 93 932 276
4330 96 1053 375
4330 100 1226 557
4330 101 1223 575
4330 108 340 339
4330 111 522 394
4340 93 929 276
4340 96 1053 375
4340 100 1229 555
4340 101 1223 572
4340 108 332 339
4340 111 522 394
4350 93 925 276
4350 96 1053 375
4350 100 1229 553
4350 101 1223 569
4350 108 324 340
4350 111 522 394
4360 93 922 275
4360 96 1053 375
4360 100 1231 551
4360 101 1224 566
4360 108 316 340
4360 111 522 394
4370 93 919 275
4370 96 1053 375
4370 100 1232 549
4370 101 1225 563
4370 108 308 342
4370 111 522 394
4380 93 916 274
4380 96 1053 375
4380 100 1233 548
4380 101 1225 561
4380 108 301 342
4380 111 522 394
4390 93 912 274
4390 96 1053 375
4390 100 1234 545
4390 101 1227 559
4390 108 295 342
4390 111 522 394
4400 93 909 274
4400 96 1053 375
4400 100 1235 544
4400 101 1229 557
4400 108 287 342
4400 111 522 394
4410 93 905 273
4410 96 1053 374
4410 100 1235 543
4410 101 1231 556
4410 108 281 343
4410 111 522 394
4420 93 901 273
4420 96 1053 374
4420 100 1235 542
4420 101 1234 555
4420 108 275 343
4420 111 522 394
4430 93 898 272
4430 96 1053 374
4430 100 1235 541
4430 101 1236 553
4430 108 269 343
4430 111 522 394
4440 93 894 272
4440 96 1053 374
4440 100 1235 540
4440 101 1238 552
4440 108 263 343
4440 111 522 394
4450 93 890 272
4450 96 1052 373
4450 100 1235 539
4450 101 1241 551
4450 108 258 343
4450 111 522 394
4460 93 887 271
4460 96 1050 373
4460 100 1234 539
4460 101 1244 549
4460 108 253 343
4460 111 522 394
4470 93 883 271
4470 96 1049 373
4470 100 1233 538
4470 101 1247 547
4470 108 248 343
4470 111 523 394
4480 93 879 270
4480 96 1047 373
4480 100 1236 538
4480 101 1250 546
4480 102 1274 555
4480 108 243 342
4480 111 524 394
4490 93 875 270
4490 96 1045 373
4490 100 1238 537
4490 101 1253 544
4490 102 1272 556
4490 108 237 340
4490 111 525 394
4500 93 871 269
4500 96 1044 373
4500 100 1240 537
4500 101 1256 542
4500 102 1271 559
4500 105 1249 302
4500 108 231 339
4500 111 527 394
4510 93 867 269
4510 96 1044 373
4510 100 1242 535
4510 101 1259 540
4510 102 1269 561
4510 105 1243 303
4510 108 226 338
4510 111 527 395
4520 93 864 269
4520 96 1044 373
4520 100 1245 534
4520 101 1261 539
4520 102 1268 564
4520 105 1238 303
4520 108 220 336
4520 111 529 395
4530 93 860 269
4530 96 1044 373
4530 100 1246 531
4530 101 1263 537
4530 102 1266 567
4530 105 1232 302
4530 108 213 337
4530 111 527 394
4540 93 857 268
4540 96 1044 373
4540 100 1247 529
4540 101 1264 536
4540 102 1263 570
4540 105 1226 301
4540 108 206 337
4540 111 525 393
4550 93 853 268
4550 96 1044 373
4550 100 1249 527
4550 101 1265 534
4550 102 1257 573
4550 105 1219 300
4550 108 199 338
4550 111 522 392
4560 93 849 268
4560 96 1044 373
4560 100 1250 525
4560 101 1265 533
4560 102 1251 576
4560 105 1213 299
4560 108 192 339
4560 111 520 391
4570 93 846 267
4570 96 1044 373
4570 100 1251 522
4570 101 1266 531
4570 102 1245 579
4570 105 1208 297
4570 108 185 339
4570 111 515 390
4580 93 842 267
4580 96 1044 373
4580 100 1253 520
4580 101 1266 530
4580 102 1239 582
4580 105 1203 296
4580 108 179 339
4580 111 509 390
4590 93 838 267
4590 96 1044 373
4590 100 1254 518
4590 101 1266 529
4590 102 1233 585
4590 105 1198 295
4590 108 172 340
4590 111 503 390
4600 93 830 266
4600 96 1045 373
4600 100 1257 516
4600 101 1271 527
4600 102 1226 591
4600 105 1183 294
4600 108 160 341
4600 111 487 390
4610 93 828 266
4610 96 1046 373
4610 100 1259 517
4610 102 1224 597
4610 105 1176 293
4610 108 148 342
4610 111 481 390
4620 93 820 266
4620 96 1049 373
4620 100 1263 513
4620 102 1221 603
4620 103 1274 554
4620 105 1167 292
4620 108 132 344
4620 111 463 388
4630 93 817 266
4630 96 1051 373
4630 100 1266 511
4630 102 1218 607
4630 103 1272 558
4630 105 1162 292
4630 108 124 345
4630 111 453 389
4640 93 813 265
4640 96 1051 373
4640 100 1268 511
4640 102 1215 611
4640 103 1271 561
4640 105 1156 292
4640 108 116 347
4640 111 445 391
4650 93 809 265
4650 96 1051 373
4650 100 1269 512
4650 102 1213 615
4650 103 1270 562
4650 105 1150 290
4650 108 108 348
4650 111 436 392
4660 93 805 264
4660 96 1051 373
4660 100 1270 509
4660 102 1210 618
4660 103 1268 565
4660 105 1143 290
4660 108 101 350
4660 111 431 392
4670 93 801 264
4670 96 1052 374
4670 100 1272 507
4670 102 1207 622
4670 103 1265 569
4670 105 1138 290
4670 108 94 351
4670 111 424 392
4680 93 797 263
4680 96 1052 374
4680 102 1203 626
4680 103 1261 572
4680 105 1132 290
4680 108 89 351
4680 111 417 392
4690 93 793 263
4690 96 1052 374
4690 102 1200 630
4690 103 1257 576
4690 105 1127 290
4690 108 83 351
4690 111 409 392
4700 93 790 263
4700 96 1052 374
4700 102 1197 634
4700 103 1251 580
4700 105 1121 289
4700 108 77 351
4700 111 401 395
4710 93 787 262
4710 96 1052 374
4710 102 1194 637
4710 103 1246 583
4710 105 1115 288
4710 108 70 351
4710 111 391 400
4720 93 784 261
4720 96 1052 374
4720 102 1191 642
4720 103 1241 587
4720 104 368 711
4720 105 1109 288
4720 108 62 351
4720 111 383 402
4730 93 781 261
4730 96 1052 374
4730 102 1188 647
4730 103 1236 591
4730 104 385 708
4730 105 1103 288
4730 108 55 353
4730 111 374 403
4740 93 777 261
4740 96 1052 374
4740 102 1185 652
4740 103 1233 595
4740 104 401 704
4740 105 1097 287
4740 108 48 354
4740 111 365 405
4750 93 774 261
4750 96 1052 374
4750 102 1182 657
4750 103 1228 599
4750 104 418 701
4750 105 1092 286
4750 108 40 355
4750 111 355 407
4760 93 771 261
4760 96 1052 374
4760 102 1179 662
4760 103 1225 602
4760 104 435 697
4760 105 1087 285
4760 106 1239 317
4760 108 34 361
4760 111 346 409
4770 93 767 260
4770 96 1052 374
4770 102 1175 667
4770 103 1222 606
4770 104 450 695
4770 105 1082 285
4770 106 1235 317
4770 108 28 366
4770 111 337 412
4780 93 764 260
4780 96 1052 374
4780 102 1173 672
4780 103 1219 610
4780 104 466 693
4780 105 1077 284
4780 106 1232 317
4780 108 23 367
4780 111 327 415
4790 93 761 259
4790 96 1052 374
4790 102 1169 677
4790 103 1216 614
4790 104 481 690
4790 105 1072 283
4790 106 1228 317
4790 108 20 369
4790 111 318 418
4800 93 758 259
4800 96 1052 374
4800 102 1166 683
4800 103 1213 619
4800 104 497 688
4800 105 1067 282
4800 106 1225 319
4800 108 17 371
4800 111 306 418
4810 93 756 259
4810 96 1052 374
4810 102 1160 685
4810 103 1210 623
4810 104 512 686
4810 105 1061 282
4810 106 1222 320
4810 108 14 373
4810 111 294 419
4820 93 754 260
4820 96 1052 374
4820 102 1154 688
4820 103 1207 627
4820 104 528 684
4820 105 1056 281
4820 106 1218 322
4820 108 11 375
4820 111 283 420
4830 96 1052 374
4830 102 1148 690
4830 103 1203 632
4830 104 543 682
4830 105 1051 280
4830 106 1215 323
4830 108 9 378
4830 111 271 420
4840 96 1052 373
4840 102 1142 693
4840 103 1200 636
4840 104 557 680
4840 105 1045 280
4840 106 1211 323
4840 108 6 379
4840 111 260 421
4850 96 1052 373
4850 102 1132 694
4850 103 1197 640
4850 104 570 678
4850 105 1039 279
4850 106 1208 323
4850 108 5 379
4850 111 248 422
4860 96 1052 373
4860 102 1119 695
4860 103 1193 645
4860 104 584 673
4860 105 1034 279
4860 106 1204 323
4860 108 3 380
4860 111 237 423
4870 96 1052 373
4870 102 1106 696
4870 103 1190 648
4870 104 597 669
4870 105 1029 279
4870 106 1201 323
4870 111 226 423
4880 96 1052 373
4880 102 1092 696
4880 103 1185 653
4880 104 610 665
4880 105 1024 278
4880 106 1198 324
4880 111 215 424
4890 96 1052 373
4890 102 1079 697
4890 103 1180 658
4890 104 623 660
4890 105 1019 278
4890 106 1194 324
4890 111 204 425
4900 96 1051 373
4900 102 1062 698
4900 103 1175 664
4900 104 636 656
4900 105 1014 277
4900 106 1190 324
4900 111 194 426
4910 96 1051 373
4910 102 1042 699
4910 103 1170 670
4910 104 648 651
4910 105 1009 276
4910 106 1186 324
4910 111 184 427
4920 96 1051 373
4920 102 1021 700
4920 103 1165 676
4920 104 661 647
4920 105 1004 276
4920 106 1182 324
4920 111 174 428
4930 96 1051 373
4930 102 1001 701
4930 103 1161 682
4930 104 674 643
4930 105 999 275
4930 106 1178 324
4930 111 162 429
4940 96 1051 373
4940 102 974 702
4940 103 1159 685
4940 104 683 639
4940 105 994 274
4940 106 1174 324
4940 111 150 430
4950 96 1051 373
4950 102 952 702
4950 103 1158 689
4950 104 693 635
4950 105 989 274
4950 106 1170 324
4950 111 139 431
4960 96 1051 373
4960 102 930 702
4960 103 1158 692
4960 104 704 630
4960 105 984 273
4960 106 1167 325
4960 111 128 432
4970 96 1051 373
4970 102 909 703
4970 103 1163 696
4970 104 714 626
4970 105 979 273
4970 106 1163 325
4980 96 1051 373
4980 102 888 704
4980 103 1170 701
4980 104 724 622
4980 105 974 272
4980 106 1159 325
4990 96 1051 373
4990 102 867 705
4990 103 1180 705
4990 104 734 618
4990 105 969 272
4990 106 1155 325
5000 96 1051 373
5000 102 846 706
5000 103 1193 709
5000 104 745 613
5000 105 965 271
5000 106 1152 325
5010 96 1049 372
5010 102 825 706
5010 103 1205 713
5010 104 755 609
5010 105 960 271
5010 106 1148 325
5020 96 1045 373
5020 102 804 707
5020 104 765 605
5020 105 955 271
5020 106 1144 325
5030 96 1041 373
5030 102 783 708
5030 104 775 601
5030 105 951 270
5030 106 1140 325
5040 96 1037 373
5040 102 762 709
5040 104 783 597
5040 105 946 270
5040 106 1137 325
5050 96 1033 373
5050 102 741 710
5050 104 791 594
5050 105 941 269
5050 106 1133 325
5060 96 1029 374
5060 104 799 590
5060 105 937 269
5060 106 1129 325
5070 96 1026 374
5070 104 807 587
5070 105 932 269
5070 106 1126 325
5080 96 1019 375
5080 104 814 584
5080 105 927 268
5080 106 1122 325
5090 96 1013 376
5090 104 822 580
5090 105 922 268
5090 106 1118 325
5100 96 1007 377
5100 104 829 577
5100 105 917 267
5100 106 1114 325
5110 96 1000 378
5110 104 837 574
5110 105 913 267
5110 106 1111 325
5120 96 993 379
5120 104 844 571
5120 105 908 266
5120 106 1106 326
5130 96 985 380
5130 104 849 567
5130 105 903 266
5130 106 1102 326
5140 96 978 381
5140 104 855 564
5140 105 898 266
5140 106 1097 326
5150 96 969 380
5150 104 861 561
5150 105 893 265
5150 106 1093 326
5160 96 960 380
5160 104 867 558
5160 105 888 265
5160 106 1089 326
5170 96 952 380
5170 104 872 555
5170 105 884 264
5170 106 1084 326
5180 96 944 380
5180 104 878 552
5180 105 879 264
5180 106 1080 326
5190 96 936 380
5190 104 884 549
5190 105 875 263
5190 106 1076 326
5200 96 928 380
5200 104 889 547
5200 105 870 263
5200 106 1071 326
5210 96 920 380
5210 104 894 545
5210 105 866 262
5210 106 1067 325
5220 96 914 380
5220 104 898 543
5220 105 862 262
5220 106 1063 325
5230 96 907 381
5230 104 903 541
5230 105 857 261
5230 106 1058 325
5240 96 900 381
5240 104 908 539
5240 105 853 261
5240 106 1054 325
5250 96 894 381
5250 104 912 537
5250 105 848 261
5250 106 1049 325
5260 96 889 382
5260 104 917 535
5260 105 844 261
5260 106 1045 325
5270 96 885 382
5270 104 921 533
5270 105 839 262
5270 106 1041 325
5280 96 881 382
5280 104 925 531
5280 105 834 262
5280 106 1037 325
5290 96 878 383
5290 104 933 529
5290 105 828 262
5290 106 1030 326
5300 96 874 384
5300 104 939 526
5300 105 822 263
5300 106 1025 324
5310 96 871 385
5310 104 944 524
5310 106 1021 323
5320 96 867 386
5320 104 949 521
5320 106 1016 322
5330 96 864 387
5330 104 955 519
5330 106 1011 321
5340 96 861 388
5340 104 960 517
5340 106 1006 320
5350 96 857 389
5350 104 965 514
5350 106 1002 320
5360 96 854 390
5360 104 968 512
5360 106 997 320
5360 114 791 262
5370 96 851 391
5370 104 972 510
5370 106 993 321
5370 114 787 261
5380 96 848 392
5380 104 975 508
5380 106 988 326
5380 114 782 261
5390 96 844 392
5390 104 978 505
5390 106 983 325
5390 114 777 261
5400 96 841 393
5400 104 982 503
5400 106 978 324
5400 114 772 260
5410 96 838 394
5410 104 985 501
5410 106 974 323
5410 114 768 260
5420 96 834 395
5420 104 988 499
5420 106 969 323
5420 114 763 260
5430 96 830 396
5430 104 990 497
5430 106 964 323
5430 114 758 260
5440 96 825 397
5440 104 993 495
5440 106 960 324
5440 114 754 260
5450 96 821 398
5450 104 995 493
5450 106 955 325
5460 96 817 399
5460 104 997 491
5460 106 951 325
5460 107 1235 316
5470 96 813 401
5470 104 999 489
5470 106 947 326
5470 107 1230 317
5480 96 808 402
5480 104 1002 487
5480 106 942 327
5480 107 1225 318
5490 96 804 403
5490 104 1005 485
5490 106 938 327
5490 107 1220 318
5500 96 800 404
5500 104 1010 484
5500 106 934 327
5500 107 1216 318
5510 96 796 404
5510 104 1014 482
5510 106 930 327
5510 107 1212 318
5520 96 793 405
5520 104 1019 481
5520 106 926 327
5520 107 1208 317
5530 96 790 406
5530 104 1023 479
5530 106 922 327
5530 107 1203 317
5540 96 786 406
5540 104 1028 478
5540 106 918 327
5540 107 1199 317
5550 96 783 407
5550 104 1032 476
5550 106 913 328
5550 107 1194 317
5560 96 780 408
5560 104 1037 474
5560 106 907 328
5560 107 1190 317
5570 96 776 408
5570 104 1043 472
5570 106 902 328
5570 107 1186 317
