0 9 675 69
0 33 1298 74
10 9 675 66
10 33 1290 74
20 9 678 66
20 33 1285 74
30 9 694 66
30 33 1277 74
40 9 697 66
40 33 1271 74
50 9 702 66
50 33 1263 74
60 9 707 66
60 33 1258 77
70 9 715 66
70 33 1250 77
80 9 721 63
80 33 1245 79
90 9 726 63
90 33 1239 79
100 9 731 63
100 33 1234 82
110 9 737 63
110 33 1226 82
120 9 742 61
120 33 1221 82
130 9 747 61
130 33 1213 82
140 9 753 63
140 33 1207 85
150 9 761 69
150 33 1199 85
160 9 766 63
160 33 1194 87
170 9 771 61
170 33 1189 90
180 9 774 58
180 33 1183 93
190 9 777 58
190 33 1178 95
200 9 779 55
200 33 1170 95
210 9 782 53
210 33 1165 95
220 9 785 53
220 10 17 632
220 33 1159 98
230 9 793 50
230 10 29 621
230 33 1154 98
240 9 795 53
240 10 37 615
240 18 19 137
240 33 1149 101
250 9 798 53
250 10 63 606
250 18 33 134
250 33 1141 101
260 9 803 55
260 10 90 603
260 18 51 129
260 33 1133 101
270 9 806 53
270 10 114 601
270 18 67 126
270 33 1125 101
280 9 811 50
280 10 138 595
280 18 83 125
280 33 1117 101
290 9 814 50
290 10 159 590
290 18 99 123
290 26 17 662
290 33 1109 103
300 9 819 50
300 10 172 585
300 18 118 125
300 26 25 624
300 33 1103 103
310 9 822 45
310 10 184 580
310 18 133 123
310 26 39 615
310 33 1097 103
320 9 826 42
320 10 198 575
320 18 147 125
320 26 61 613
320 33 1091 105
330 9 831 42
330 10 198 567
330 18 165 124
330 26 85 610
330 33 1087 107
340 9 834 42
340 10 201 562
340 18 181 121
340 26 121 607
340 33 1081 107
350 9 839 42
350 10 201 555
350 18 194 121
350 26 138 601
350 33 1074 110
360 9 845 40
360 10 198 550
360 18 210 118
360 26 161 596
360 33 1069 110
370 9 847 40
370 10 196 545
370 18 226 118
370 26 193 596
370 33 1063 113
380 9 853 40
380 10 193 538
380 18 239 116
380 26 202 599
380 33 1058 114
390 9 855 40
390 10 193 532
390 18 256 122
390 26 212 594
390 33 1050 115
400 9 861 37
400 10 193 529
400 18 275 116
400 26 214 591
400 33 1045 117
410 9 866 37
410 10 193 526
410 18 282 117
410 26 209 593
410 33 1039 119
420 9 869 37
420 10 193 524
420 18 305 116
420 26 216 590
420 33 1034 119
430 9 874 37
430 10 193 524
430 18 319 113
430 26 217 586
430 33 1029 122
440 9 879 34
440 10 193 521
440 18 324 105
440 26 224 576
440 33 1021 125
450 9 882 34
450 10 193 521
450 18 337 105
450 26 224 576
450 33 1013 125
460 9 887 34
460 10 193 521
460 18 350 105
460 26 222 566
460 33 1006 132
470 9 890 34
470 10 193 518
470 18 364 105
470 26 213 566
470 33 998 133
480 9 893 34
480 10 193 518
480 18 377 102
480 26 210 561
480 33 990 136
490 9 898 34
490 10 193 518
490 18 390 102
490 26 205 555
490 33 983 136
500 9 901 34
500 10 206 513
500 18 404 100
500 26 202 550
500 33 974 140
510 9 906 34
510 10 217 508
510 18 417 100
510 26 200 542
510 33 964 140
520 9 911 34
520 10 230 505
520 18 430 100
520 26 197 534
520 33 957 140
530 9 917 32
530 10 248 502
530 18 444 94
530 26 194 526
530 33 948 142
540 9 922 32
540 10 266 500
540 18 457 94
540 26 192 519
540 33 938 142
550 9 927 32
550 10 283 494
550 18 468 92
550 26 200 514
550 33 928 147
560 9 930 32
560 10 302 492
560 18 481 92
560 26 208 510
560 33 917 149
570 9 935 29
570 10 321 489
570 18 494 89
570 26 216 507
570 33 905 149
580 9 941 29
580 10 338 486
580 18 508 89
580 26 224 507
580 33 896 151
590 9 946 29
590 10 357 484
590 18 518 86
590 26 237 501
590 33 889 152
600 9 951 29
600 10 377 481
600 18 532 86
600 26 251 497
600 33 880 156
610 9 956 29
610 10 397 479
610 18 542 85
610 26 267 493
610 33 867 156
620 9 962 29
620 10 417 478
620 18 554 85
620 26 286 489
620 33 860 158
630 9 969 30
630 10 438 478
630 18 566 83
630 26 303 485
630 33 851 160
640 9 973 30
640 10 458 477
640 18 578 83
640 26 322 482
640 33 835 161
650 9 979 30
650 10 479 477
650 18 590 82
650 26 339 478
650 33 831 163
660 9 986 31
660 10 501 474
660 18 602 82
660 26 358 474
660 33 821 165
670 9 991 31
670 10 525 470
670 18 614 81
670 26 375 471
670 33 810 165
680 9 997 31
680 10 546 468
680 18 626 81
680 26 394 471
680 33 799 167
690 9 1002 31
690 10 565 462
690 18 637 78
690 26 413 471
690 33 791 170
700 9 1007 31
700 10 580 457
700 18 650 75
700 26 429 469
700 33 781 173
710 9 1013 31
710 10 597 452
710 18 663 73
710 26 447 469
710 33 770 175
720 9 1018 31
720 10 613 444
720 18 674 73
720 26 466 466
720 33 759 178
730 9 1023 31
730 10 627 438
730 18 687 70
730 26 482 461
730 33 749 181
740 9 1029 31
740 10 641 433
740 18 701 67
740 26 498 458
740 33 738 183
750 9 1034 31
750 10 643 430
750 18 711 67
750 26 517 453
750 33 727 186
760 9 1039 31
760 10 646 428
760 18 719 70
760 26 533 450
760 33 717 189
770 9 1045 31
770 10 649 428
770 18 730 70
770 26 549 446
770 33 706 191
780 9 1050 31
780 10 651 425
780 18 741 73
780 26 562 442
780 33 693 194
790 9 1055 29
790 10 657 425
790 18 751 75
790 26 578 438
790 33 682 197
800 9 1058 29
800 10 659 428
800 18 759 75
800 26 591 434
800 33 671 198
810 9 1063 26
810 10 662 430
810 18 775 75
810 26 605 430
810 33 658 201
820 9 1067 15
820 10 665 430
820 18 789 73
820 26 614 430
820 33 647 205
830 9 1073 18
830 10 665 433
830 18 805 70
830 26 625 427
830 33 637 207
840 9 1080 15
840 10 659 436
840 18 818 67
840 26 634 427
840 33 626 210
850 9 1080 14
850 10 657 438
850 18 829 67
850 26 643 425
850 33 613 213
860 9 1086 13
860 10 654 441
860 18 839 67
860 26 654 425
860 33 602 215
870 10 651 444
870 18 850 67
870 26 662 422
870 33 589 218
880 10 646 444
880 18 861 67
880 26 673 422
880 33 575 218
890 10 638 444
890 18 874 67
890 26 681 422
890 33 557 227
900 10 630 441
900 18 887 70
900 19 1086 28
900 20 1102 28
900 26 686 422
900 33 549 230
910 10 625 441
910 18 897 72
910 19 1078 28
910 20 1094 28
910 26 687 421
910 33 536 237
920 10 617 441
920 18 907 73
920 19 1073 28
920 20 1089 28
920 26 689 420
920 33 520 238
930 10 616 440
930 18 918 76
930 19 1065 28
930 20 1083 28
930 26 691 421
930 33 509 241
940 10 616 439
940 18 929 77
940 19 1059 30
940 20 1078 30
940 26 693 419
940 33 493 243
950 10 616 438
950 18 940 79
950 19 1051 30
950 20 1070 30
950 26 695 419
950 33 482 248
960 10 616 437
960 18 953 79
960 19 1043 30
960 20 1062 30
960 26 694 421
960 33 469 250
970 10 616 437
970 18 966 79
970 19 1035 30
970 20 1057 30
970 26 686 421
970 33 450 254
980 10 616 436
980 18 980 82
980 19 1030 30
980 20 1049 30
980 26 683 422
980 33 437 257
990 10 615 435
990 18 993 82
990 19 1022 33
990 20 1043 33
990 26 679 425
990 33 425 258
1000 10 615 435
1000 18 1004 82
1000 19 1014 33
1000 20 1035 33
1000 26 677 427
1000 33 413 264
1010 10 615 434
1010 18 1017 82
1010 19 1009 33
1010 20 1030 33
1010 26 674 426
1010 33 394 267
1020 10 615 433
1020 18 1030 82
1020 19 1001 36
1020 20 1022 36
1020 26 674 425
1020 33 382 269
1030 10 615 432
1030 18 1041 82
1030 19 995 36
1030 20 1014 36
1030 26 674 423
1030 33 362 273
1040 10 615 431
1040 18 1054 82
1040 19 987 36
1040 20 1009 36
1040 26 674 422
1040 33 346 278
1050 10 615 431
1050 18 1065 82
1050 19 982 38
1050 20 1001 38
1050 26 673 421
1050 33 330 281
1060 10 615 430
1060 18 1076 82
1060 19 977 38
1060 20 993 38
1060 26 673 419
1060 33 321 287
1070 10 615 430
1070 18 1089 85
1070 19 971 41
1070 20 985 41
1070 26 673 419
1070 33 306 290
1080 10 615 429
1080 18 1102 85
1080 19 963 41
1080 20 979 41
1080 26 673 421
1080 33 289 299
1090 10 615 428
1090 18 1116 85
1090 19 958 44
1090 20 971 44
1090 26 673 422
1090 33 273 301
1100 10 614 427
1100 18 1129 85
1100 19 953 44
1100 20 966 44
1100 26 673 421
1100 33 257 301
1110 10 614 426
1110 18 1142 85
1110 19 945 44
1110 20 961 46
1110 26 681 418
1110 33 237 305
1120 10 614 426
1120 18 1156 82
1120 19 939 44
1120 20 955 46
1120 26 689 418
1120 33 217 305
1130 10 614 425
1130 18 1166 82
1130 19 931 44
1130 20 947 46
1130 26 692 418
1130 33 203 310
1140 10 614 425
1140 18 1177 82
1140 19 926 46
1140 20 942 49
1140 26 697 418
1140 33 177 314
1150 10 614 424
1150 18 1185 82
1150 19 921 46
1150 20 937 49
1150 26 697 418
1150 33 164 316
1160 10 615 423
1160 18 1196 82
1160 19 913 46
1160 20 931 52
1160 26 697 418
1160 33 149 315
1170 10 618 422
1170 18 1206 79
1170 19 907 46
1170 20 926 52
1170 26 697 418
1170 33 133 318
1180 10 621 421
1180 18 1217 79
1180 19 899 49
1180 20 918 54
1180 26 697 418
1180 33 114 323
1190 10 624 421
1190 18 1225 79
1190 19 889 49
1190 20 913 54
1190 26 700 418
1190 33 95 330
1200 10 627 421
1200 18 1233 77
1200 19 881 52
1200 20 907 54
1200 26 705 418
1200 33 73 336
1210 10 627 421
1210 18 1244 77
1210 19 873 54
1210 20 902 54
1210 26 708 416
1210 33 54 338
1220 10 627 421
1220 18 1252 77
1220 19 865 54
1220 20 894 54
1220 26 711 414
1220 33 32 346
1230 10 627 421
1230 18 1257 70
1230 19 860 56
1230 20 888 50
1230 26 711 414
1230 33 22 346
1240 10 627 421
1240 18 1265 68
1240 19 855 56
1240 20 882 50
1240 26 711 414
1250 10 630 436
1250 18 1273 68
1250 19 850 55
1250 20 881 50
1250 26 714 414
1260 10 630 444
1260 18 1281 68
1260 19 845 55
1260 20 873 50
1260 26 714 414
1270 10 636 442
1270 18 1289 68
1270 19 839 55
1270 20 866 51
1270 26 714 414
1280 10 636 442
1280 18 1294 65
1280 19 834 54
1280 20 858 52
1280 26 717 414
1290 10 633 430
1290 18 1302 65
1290 19 829 54
1290 20 850 53
1290 26 717 414
1300 10 632 426
1300 18 1310 65
1300 19 824 54
1300 20 843 54
1300 26 719 414
1310 10 633 421
1310 18 1318 65
1310 19 819 51
1310 20 835 55
1310 26 722 422
1320 10 633 421
1320 18 1326 62
1320 19 814 51
1320 20 828 56
1320 26 725 430
1330 10 633 421
1330 18 1334 62
1330 19 803 51
1330 20 820 57
1330 26 722 428
1340 10 633 421
1340 18 1342 62
1340 19 795 51
1340 20 813 58
1340 26 719 428
1350 10 635 424
1350 18 1350 62
1350 19 787 54
1350 20 810 64
1350 26 717 428
1360 10 635 422
1360 19 777 54
1360 20 799 64
1360 26 709 423
1370 10 635 421
1370 19 769 54
1370 20 791 64
1370 26 703 421
1380 10 637 421
1380 19 761 57
1380 20 781 64
1380 26 701 416
1390 10 637 420
1390 19 750 57
1390 20 773 64
1390 26 698 413
1400 10 638 420
1400 19 742 59
1400 20 765 64
1400 26 693 413
1410 10 638 420
1410 19 734 59
1410 20 754 64
1410 26 687 413
1420 10 638 420
1420 19 723 59
1420 20 746 64
1420 26 685 413
1430 10 638 420
1430 19 715 62
1430 20 735 64
1430 26 682 413
1440 10 638 420
1440 19 707 62
1440 20 727 64
1440 26 679 410
1450 10 638 420
1450 19 697 65
1450 20 719 64
1450 26 677 410
1460 10 638 420
1460 19 689 65
1460 20 709 64
1460 26 669 410
1470 10 638 420
1470 19 681 65
1470 20 701 64
1470 26 663 410
1480 10 638 420
1480 19 670 67
1480 20 690 64
1480 26 667 410
1490 10 638 420
1490 19 662 67
1490 20 682 64
1490 26 674 410
1500 10 638 420
1500 19 654 70
1500 20 674 64
1500 26 677 421
1510 10 638 420
1510 19 648 71
1510 20 663 64
1510 26 683 418
1520 10 638 420
1520 19 639 73
1520 20 655 64
1520 26 693 415
1530 10 617 427
1530 19 626 73
1530 20 649 75
1530 26 695 415
1540 10 602 429
1540 19 613 73
1540 20 635 75
1540 26 701 413
1550 10 586 422
1550 19 599 73
1550 20 625 75
1550 26 703 405
1560 10 570 414
1560 19 589 73
1560 20 614 75
1560 26 705 391
1570 10 560 414
1570 19 575 73
1570 20 601 75
1570 26 698 386
1580 10 552 411
1580 19 562 73
1580 20 587 75
1580 26 692 381
1590 10 544 406
1590 19 554 73
1590 20 574 75
1590 26 686 369
1600 10 533 395
1600 19 543 73
1600 20 563 78
1600 26 675 354
1610 10 528 387
1610 19 530 76
1610 20 555 86
1610 26 664 346
1620 10 522 386
1620 19 517 78
1620 20 542 91
1620 26 658 343
1630 10 520 386
1630 19 509 78
1630 20 529 86
1630 26 653 343
1640 10 520 384
1640 19 503 78
1640 20 521 86
1640 26 653 342
1650 10 520 378
1650 19 493 78
1650 20 513 86
1650 26 653 342
1660 10 520 378
1660 19 479 78
1660 20 497 86
1660 26 647 344
1670 10 521 378
1670 19 466 78
1670 20 483 89
1670 26 642 341
1680 10 521 381
1680 19 453 78
1680 20 467 91
1680 26 639 341
1690 10 522 384
1690 19 437 81
1690 20 451 94
1690 26 637 341
1700 10 522 384
1700 19 423 86
1700 20 438 94
1700 26 634 341
1710 10 522 384
1710 19 413 89
1710 20 427 97
1710 26 634 341
1720 10 519 377
1720 19 399 92
1720 20 422 97
1720 26 631 326
1730 10 519 371
1730 19 381 92
1730 20 403 97
1740 10 519 367
1740 19 367 92
1740 20 390 99
1750 19 354 94
1750 20 382 102
1760 19 343 100
1760 20 371 107
1770 19 330 102
1770 20 358 107
1780 19 317 105
1780 20 345 110
1790 19 303 105
1790 20 329 110
1800 19 290 105
1800 20 315 110
1810 19 278 105
1810 20 302 110
1820 19 267 106
1820 20 289 110
1830 19 258 107
1830 20 272 113
1840 19 232 110
1840 20 258 116
1850 19 219 112
1850 20 245 118
1860 19 206 115
1860 20 232 118
1870 19 196 118
1870 20 216 121
1880 19 178 119
1880 20 200 121
1890 19 163 119
1890 20 184 121
1900 19 146 121
1900 20 168 121
1910 19 132 123
1910 20 152 124
1920 19 119 125
1920 20 141 126
1930 19 101 118
1930 20 128 129
1940 19 85 118
1940 20 112 132
1950 19 69 121
1950 20 96 132
1960 19 53 123
1960 20 77 132
1970 19 37 126
1970 20 65 132
1980 19 25 129
1980 20 54 132
1990 19 18 129
1990 20 43 132
2000 20 18 134
2010 20 14 132
