0 52 487 343
0 53 936 306
0 54 1065 294
10 52 493 344
10 53 930 306
10 54 1059 294
20 52 499 345
20 53 924 306
20 54 1054 294
30 52 506 345
30 53 919 306
30 54 1048 293
40 52 511 345
40 53 914 305
40 54 1043 293
50 52 516 345
50 53 909 305
50 54 1039 292
60 52 521 345
60 53 904 305
60 54 1035 292
70 52 525 344
70 53 900 305
70 54 1031 291
80 52 530 344
80 53 895 305
80 54 1027 291
90 52 535 344
90 53 890 304
90 54 1022 291
100 52 540 343
100 53 885 304
100 54 1017 291
110 52 545 343
110 53 880 304
110 54 1012 291
120 52 551 342
120 53 875 304
120 54 1006 291
130 52 556 342
130 53 870 304
130 54 1001 291
140 52 561 341
140 53 865 304
140 54 996 290
150 52 566 341
150 53 860 304
150 54 991 289
160 52 571 341
160 53 855 304
160 54 987 288
170 52 576 341
170 53 850 304
170 54 982 287
180 52 581 341
180 53 846 304
180 54 977 286
190 52 587 340
190 53 841 303
190 54 973 285
200 52 593 339
200 53 836 303
200 54 969 285
210 52 598 339
210 53 831 302
210 54 964 284
220 52 603 339
220 53 825 302
220 54 960 283
230 52 608 339
230 53 819 302
230 54 955 283
240 52 613 339
240 53 814 302
240 54 951 282
250 52 618 339
250 53 808 302
250 54 946 282
260 52 623 339
260 53 802 301
260 54 942 281
270 52 628 338
270 53 797 301
270 54 938 280
280 52 632 338
280 53 792 301
280 54 934 280
290 52 637 337
290 53 787 301
290 54 930 279
300 52 641 336
300 53 781 300
300 54 926 279
310 52 646 336
310 53 775 300
310 54 922 279
320 52 650 335
320 53 769 300
320 54 918 278
330 52 655 334
330 53 764 299
330 54 914 278
340 52 659 334
340 53 758 299
340 54 910 278
350 52 663 334
350 53 752 299
350 54 906 278
360 52 667 334
360 53 747 299
360 54 902 277
370 52 672 334
370 53 741 299
370 54 898 277
380 52 676 334
380 53 735 299
380 54 895 276
390 52 680 334
390 53 730 299
390 54 891 276
400 52 684 334
400 53 724 299
400 54 888 275
410 52 689 333
410 53 718 299
410 54 884 275
420 52 693 333
420 53 713 299
420 54 881 274
430 52 698 333
430 53 707 299
430 54 877 274
440 52 702 333
440 53 702 298
440 54 874 273
450 52 707 333
450 53 696 298
450 54 870 273
460 52 711 333
460 53 691 298
460 54 866 272
470 18 324 710
470 52 716 333
470 53 686 297
470 54 863 272
480 18 322 706
480 52 720 333
480 53 681 297
480 54 859 272
490 18 321 703
490 52 725 332
490 53 675 297
490 54 855 272
500 18 320 699
500 52 731 332
500 53 670 297
500 54 851 272
510 18 319 696
510 52 736 332
510 53 665 296
510 54 847 271
520 18 319 693
520 52 741 332
520 53 659 296
520 54 844 270
530 18 318 690
530 52 747 332
530 53 654 296
530 54 841 270
540 18 318 688
540 52 752 332
540 53 648 296
540 54 838 269
550 18 318 685
550 52 758 332
550 53 642 296
550 54 835 268
560 18 318 682
560 52 762 331
560 53 637 296
560 54 832 267
570 18 317 678
570 52 767 331
570 53 632 296
570 54 829 266
580 18 317 673
580 52 772 331
580 53 627 296
580 54 825 266
590 18 316 667
590 52 776 331
590 53 622 296
590 54 821 266
600 18 315 662
600 52 781 331
600 53 616 296
600 54 818 266
610 18 315 657
610 52 786 331
610 53 611 296
610 54 814 265
620 18 316 651
620 52 791 330
620 53 606 296
620 54 810 265
630 18 318 646
630 52 796 329
630 53 601 296
630 54 806 265
640 18 319 640
640 52 801 329
640 53 596 296
640 54 803 265
650 18 322 635
650 52 806 328
650 53 591 296
650 54 799 264
660 18 324 630
660 52 812 327
660 53 586 296
660 54 795 264
670 18 327 625
670 52 816 327
670 53 581 296
670 54 791 264
680 18 330 620
680 52 821 328
680 53 576 296
680 54 788 264
690 18 330 616
690 52 826 328
690 53 571 296
690 54 784 263
700 18 329 611
700 52 830 329
700 53 566 296
700 54 780 263
710 18 328 603
710 52 838 330
710 53 555 294
710 54 773 261
720 18 327 593
720 52 843 330
720 53 549 294
720 54 769 261
730 18 328 589
730 52 848 330
730 53 543 294
730 54 766 261
740 18 329 585
740 52 852 330
740 53 538 294
740 54 762 260
750 18 331 581
750 52 857 330
750 53 533 294
750 54 759 260
760 18 333 576
760 52 862 330
760 53 528 294
760 54 756 260
770 18 336 572
770 52 866 330
770 53 523 294
780 18 338 567
780 52 870 330
780 53 518 294
790 18 342 563
790 52 875 330
790 53 513 294
800 18 347 560
800 52 879 330
800 53 508 293
810 18 352 558
810 52 884 331
810 53 503 293
820 18 358 556
820 52 888 330
820 53 497 293
830 18 363 553
830 52 892 330
830 53 491 293
840 18 369 549
840 52 896 330
840 53 486 293
850 18 375 546
850 52 900 329
850 53 480 292
860 18 381 542
860 52 904 329
860 53 475 292
870 18 387 539
870 52 908 329
870 53 469 292
880 18 392 536
880 52 912 329
880 53 464 291
890 18 398 533
890 52 916 328
890 53 458 291
900 18 403 530
900 52 920 328
900 53 453 291
910 18 409 527
910 52 924 328
910 53 448 290
920 18 415 524
920 52 928 328
920 53 443 290
930 18 421 522
930 52 932 327
930 53 438 290
940 18 427 519
940 52 937 327
940 53 433 289
950 18 433 516
950 52 941 327
950 53 428 289
960 18 439 513
960 52 945 327
960 53 423 289
970 18 444 510
970 52 955 326
970 53 417 289
980 18 449 507
980 52 958 326
980 53 414 289
990 18 454 504
990 52 961 326
990 53 410 290
1000 18 459 501
1000 52 965 325
1000 53 406 290
1010 18 462 499
1010 52 968 325
1010 53 403 291
1020 18 465 497
1020 52 972 324
1020 53 399 292
1030 18 468 496
1030 52 975 323
1030 53 397 292
1040 18 470 494
1040 52 979 323
1040 53 394 292
1050 18 473 491
1050 52 982 323
1050 53 391 293
1060 18 476 489
1060 52 986 322
1060 53 389 293
1070 18 479 486
1070 52 990 322
1070 53 386 293
1080 18 482 484
1080 52 994 323
1080 53 384 294
1090 18 484 482
1090 52 998 323
1090 53 381 294
1100 18 487 481
1100 52 1002 324
1100 53 378 295
1110 18 490 480
1110 52 1006 325
1110 53 375 295
1120 18 493 479
1120 52 1009 325
1120 53 371 296
1130 18 496 478
1130 52 1012 325
1130 53 368 296
1140 18 498 474
1140 52 1016 325
1140 53 364 297
1150 18 500 471
1150 52 1019 326
1150 53 361 297
1160 18 502 468
1160 52 1023 326
1160 53 357 298
1170 18 504 465
1170 52 1027 326
1170 53 353 298
1180 18 506 461
1180 52 1031 326
1180 53 348 298
1190 18 507 458
1190 52 1035 326
1190 53 344 299
1200 18 509 456
1200 52 1038 326
1200 53 340 299
1210 18 511 454
1210 52 1042 325
1210 53 336 299
1220 18 512 453
1220 52 1046 325
1220 53 331 300
1230 18 514 451
1230 52 1049 324
1230 53 327 300
1240 18 514 450
1240 52 1053 324
1240 53 324 300
1250 18 513 449
1250 52 1057 323
1250 53 320 301
1260 18 512 449
1260 52 1060 323
1260 53 316 301
1270 18 511 448
1270 52 1064 323
1270 53 312 302
1280 18 510 447
1280 52 1067 323
1280 53 308 302
1290 18 509 447
1290 52 1071 323
1290 53 304 303
1300 18 508 446
1300 52 1075 323
1300 53 300 303
1310 18 508 445
1310 52 1078 323
1310 53 297 304
1320 18 508 444
1320 52 1082 323
1320 53 293 305
1330 18 508 443
1330 52 1086 323
1330 53 289 305
1340 18 508 442
1340 52 1089 323
1340 53 285 305
1350 18 508 442
1350 52 1093 323
1350 53 281 306
1360 18 508 442
1360 52 1096 323
1360 53 277 306
1370 18 508 442
1370 52 1099 323
1370 53 273 306
1380 18 509 442
1380 52 1103 323
1380 53 269 307
1390 18 509 443
1390 52 1106 323
1390 53 263 307
1400 18 509 443
1400 52 1110 323
1400 53 258 307
1410 18 509 443
1410 52 1113 323
1410 53 252 308
1420 18 509 443
1420 52 1117 323
1420 53 247 308
1430 18 509 443
1430 52 1120 322
1430 53 241 308
1440 18 509 443
1440 52 1124 322
1440 53 236 308
1450 18 509 443
1450 52 1127 322
1450 53 230 309
1460 18 509 443
1460 52 1131 322
1460 53 225 309
1470 18 509 443
1470 52 1134 322
1470 53 220 309
1480 18 509 443
1480 52 1138 322
1480 53 215 309
1490 18 509 443
1490 52 1140 321
1490 53 210 310
1500 18 509 443
1500 52 1142 321
1500 53 204 310
1510 18 509 443
1510 52 1144 321
1510 53 199 310
1520 18 509 443
1520 52 1145 320
1520 53 194 310
1530 18 509 443
1530 52 1147 320
1530 53 189 311
1540 18 509 443
1540 52 1149 320
1540 53 184 311
1550 18 509 443
1550 52 1150 320
1550 53 179 311
1560 18 509 442
1560 52 1153 319
1560 53 174 312
1570 18 510 442
1570 52 1155 319
1570 53 169 312
1580 18 511 442
1580 52 1158 319
1580 53 164 312
1590 18 511 442
1590 52 1160 319
1590 53 160 313
1600 18 512 442
1600 52 1163 319
1600 53 155 312
1610 18 513 442
1610 52 1166 318
1610 53 150 311
1620 18 513 442
1620 52 1170 318
1620 53 145 310
1630 18 513 442
1630 52 1173 318
1630 53 140 309
1640 18 513 442
1640 52 1176 318
1640 53 135 309
1650 18 513 442
1650 52 1179 318
1650 53 130 310
1660 18 513 442
1660 52 1181 318
1660 53 124 310
1670 18 513 442
1670 52 1184 318
1670 53 119 311
1680 18 514 442
1680 52 1187 318
1680 53 114 311
1690 18 514 442
1690 52 1189 318
1690 53 109 312
1700 18 514 442
1700 52 1192 318
1700 53 104 314
1710 18 514 442
1710 52 1195 318
1710 53 98 315
1720 18 514 442
1720 52 1198 318
1720 53 93 316
1730 18 514 442
1730 52 1200 317
1730 53 87 317
1740 18 514 442
1740 52 1203 317
1740 53 82 318
1750 18 514 442
1750 52 1206 317
1750 53 77 319
1760 18 514 442
1760 52 1209 316
1760 53 71 320
1770 18 514 442
1770 52 1212 316
1770 53 66 321
1780 18 514 442
1780 52 1214 316
1780 53 59 321
1790 18 514 442
1790 52 1217 316
1790 53 53 321
1800 18 514 442
1800 52 1219 316
1800 53 46 321
1810 18 514 442
1810 52 1223 314
1810 53 40 321
1820 18 514 442
1820 52 1226 314
1820 53 34 320
1830 18 514 442
1830 52 1230 313
1830 53 28 319
1840 18 514 442
1840 52 1233 312
1840 53 23 318
1850 18 514 442
1850 52 1236 312
1850 53 17 317
1860 18 514 442
1860 52 1239 312
1860 53 12 316
1870 18 514 442
1870 52 1242 311
1870 53 5 315
1880 18 514 442
1880 52 1244 311
1890 18 514 442
1890 52 1247 310
1900 18 514 442
1900 52 1250 310
1910 18 514 442
1920 18 514 442
1930 18 514 442
1940 18 514 442
1950 18 514 442
1960 18 514 442
1970 18 514 442
1980 18 514 442
1990 18 514 442
2000 18 514 442
2010 18 514 442
2020 18 514 442
2030 18 514 442
2040 18 514 442
2050 18 514 442
2060 18 514 442
2070 18 514 442
2080 18 514 442
2090 18 514 442
2100 18 514 442
2110 18 514 442
2120 18 514 442
2130 18 514 442
2140 18 514 442
2150 18 514 442
2160 18 514 442
2170 18 514 441
2180 18 515 440
2190 18 516 440
2200 18 516 440
2210 18 517 440
2220 18 518 439
