180 48 5 475
190 48 9 470
200 48 14 466
210 48 18 463
220 48 21 463
230 48 21 469
240 48 21 480
250 48 21 493
260 48 25 503
270 48 29 515
280 48 34 525
290 48 38 535
300 48 46 547
310 48 54 555
320 48 65 565
330 48 76 574
340 48 92 583
350 48 110 594
360 48 130 602
370 48 151 612
380 48 171 622
390 48 193 634
400 48 214 643
410 48 235 654
420 48 258 666
430 48 275 674
440 48 294 685
450 48 313 696
460 48 330 705
470 48 349 715
480 48 367 726
490 48 388 737
500 48 407 747
510 48 427 759
520 48 449 772
530 48 465 789
540 48 482 807
550 48 498 826
560 48 515 846
570 48 538 870
580 48 562 895
590 48 586 920
600 48 610 946
610 48 635 969
620 22 1276 238
620 48 669 989
630 22 1287 245
630 48 690 997
640 0 16 126
640 22 1294 250
640 48 717 1009
650 0 31 126
650 22 1297 251
650 48 745 1022
660 0 48 127
660 22 1305 255
660 48 771 1035
670 0 62 126
670 22 1316 259
670 48 806 1046
680 0 77 126
680 22 1328 263
680 48 831 1064
690 0 93 125
690 22 1339 265
700 0 110 124
700 22 1353 287
710 0 127 122
710 22 1361 290
720 0 143 120
720 22 1366 293
730 0 159 120
730 22 1371 295
740 0 176 119
740 22 1369 302
750 0 191 117
750 22 1362 307
760 0 207 115
760 22 1357 311
770 0 223 113
770 22 1353 311
780 0 238 112
780 22 1348 311
790 0 253 111
790 22 1346 311
800 0 269 110
800 22 1346 311
810 0 285 110
810 22 1345 311
820 0 299 109
820 22 1344 311
830 0 313 109
830 22 1342 311
840 0 328 107
840 22 1342 311
850 0 343 105
850 22 1347 311
860 0 357 103
860 22 1353 314
870 0 372 102
870 22 1361 317
880 0 386 102
880 22 1363 319
890 0 400 100
890 22 1363 319
900 0 414 96
900 22 1363 319
910 0 427 96
910 22 1362 321
920 0 441 96
920 22 1362 323
930 0 456 94
930 22 1358 325
940 0 469 94
940 22 1356 322
950 0 483 93
950 22 1353 322
960 0 496 93
960 22 1350 322
970 0 510 93
970 22 1350 322
980 0 523 89
980 22 1356 322
990 0 536 86
990 22 1365 322
1000 0 549 84
1000 22 1371 322
1010 0 564 84
1010 22 1385 322
1020 0 578 83
1020 22 1406 322
1030 0 590 83
1030 22 1426 324
1040 0 601 82
1040 22 1445 331
1050 0 613 81
1050 22 1466 336
1060 0 627 80
1060 22 1488 339
1070 0 641 78
1070 22 1509 349
1080 0 654 77
1080 22 1528 357
1090 0 666 77
1090 22 1546 365
1100 0 678 77
1100 22 1567 372
1110 0 690 76
1110 22 1589 379
1120 0 702 75
1120 22 1612 387
1130 0 714 74
1130 22 1639 397
1140 0 726 73
1140 22 1666 407
1150 0 738 72
1150 22 1688 414
1160 0 750 71
1160 22 1710 421
1170 0 763 71
1170 22 1741 428
1180 0 775 71
1180 22 1768 435
1190 0 788 71
1190 22 1796 441
1200 0 801 70
1200 22 1829 449
1210 0 814 69
1210 22 1862 456
1220 0 827 68
1220 22 1888 459
1230 0 840 68
1230 22 1904 474
1240 0 853 68
1250 0 866 68
1260 0 878 68
1270 0 891 68
1280 0 903 69
1290 0 914 69
1300 0 924 69
1310 0 939 73
1320 0 953 76
1330 0 968 79
1340 0 980 81
1350 0 993 83
1360 0 1006 84
1370 0 1020 85
1380 0 1033 86
1390 0 1047 86
1390 52 1904 373
1400 0 1059 86
1400 52 1888 366
1400 53 1908 397
1410 0 1071 86
1410 52 1862 354
1410 53 1891 390
1420 0 1084 86
1420 52 1838 345
1420 53 1869 381
1430 0 1097 86
1430 52 1814 336
1430 53 1846 373
1440 0 1110 85
1440 52 1791 328
1440 53 1822 365
1450 0 1123 84
1450 52 1767 321
1450 53 1797 355
1460 0 1138 85
1460 52 1744 314
1460 53 1775 347
1470 0 1153 86
1470 52 1728 310
1470 53 1755 339
1480 0 1166 87
1480 52 1713 306
1480 53 1735 331
1490 0 1179 86
1490 52 1697 301
1490 53 1715 324
1500 0 1191 85
1500 52 1679 294
1500 53 1695 317
1510 0 1203 84
1510 52 1661 287
1510 53 1675 311
1520 0 1213 81
1520 52 1642 279
1520 53 1657 305
1530 0 1224 80
1530 52 1621 272
1530 53 1638 299
1540 0 1234 80
1540 52 1598 265
1540 53 1620 292
1550 0 1244 79
1550 52 1576 258
1550 53 1602 287
1560 0 1254 79
1560 52 1555 254
1560 53 1582 283
1570 0 1265 78
1570 52 1537 250
1570 53 1564 279
1580 0 1275 77
1580 52 1520 246
1580 53 1549 276
1590 0 1285 77
1590 52 1503 243
1590 53 1530 270
1600 0 1295 76
1600 52 1488 239
1600 53 1511 265
1610 0 1305 75
1610 52 1473 234
1610 53 1498 262
1620 0 1315 75
1620 52 1458 230
1620 53 1481 256
1630 0 1323 74
1630 52 1443 225
1630 53 1464 250
1640 0 1331 73
1640 52 1426 220
1640 53 1447 245
1650 0 1340 72
1650 52 1410 216
1650 53 1431 241
1660 0 1348 71
1660 52 1394 211
1660 53 1417 237
1670 0 1357 70
1670 52 1377 208
1670 53 1402 232
1680 0 1366 69
1680 52 1361 204
1680 53 1388 229
1690 0 1372 66
1690 52 1345 200
1690 53 1373 226
1700 0 1378 64
1700 52 1332 197
1700 53 1358 222
1710 0 1384 62
1710 52 1319 194
1710 53 1344 218
1720 0 1394 62
1720 52 1307 191
1720 53 1330 214
1730 52 1295 188
1730 53 1316 210
1740 52 1283 185
1740 53 1302 206
1750 52 1271 182
1750 53 1287 202
1760 52 1259 178
1760 53 1276 199
1770 52 1246 175
1770 53 1265 196
1780 52 1234 171
1780 53 1254 194
1790 52 1221 168
1790 53 1242 190
1800 52 1208 164
1800 53 1230 187
1810 52 1196 162
1810 53 1219 184
1820 52 1185 161
1820 53 1210 181
1830 52 1175 160
1830 53 1200 179
1840 52 1165 158
1840 53 1190 176
1850 52 1156 155
1850 53 1180 174
1860 52 1145 152
1860 53 1169 173
1870 1 1356 65
1870 52 1134 151
1870 53 1158 173
1880 1 1346 67
1880 40 1056 30
1880 52 1123 150
1880 53 1146 171
1890 1 1335 67
1890 40 1034 30
1890 52 1113 149
1890 53 1135 169
1900 1 1328 67
1900 40 1012 31
1900 52 1103 147
1900 53 1125 167
1910 1 1319 67
1910 40 992 31
1910 52 1093 146
1910 53 1115 165
1920 1 1310 68
1920 40 972 31
1920 52 1084 144
1920 53 1106 163
1930 1 1300 69
1930 40 959 31
1930 52 1079 140
1930 53 1098 160
1940 1 1291 70
1940 40 949 32
1940 52 1074 137
1940 53 1091 157
1950 1 1281 71
1950 40 939 33
1950 52 1069 134
1950 53 1084 155
1960 1 1271 73
1960 40 932 34
1960 52 1064 131
1960 53 1078 152
1970 1 1261 75
1970 40 928 34
1970 52 1059 128
1970 53 1073 149
1980 1 1252 77
1980 40 925 35
1980 52 1055 125
1980 53 1068 146
1990 1 1242 79
1990 40 921 35
1990 52 1050 123
1990 53 1064 143
2000 1 1233 80
2000 40 918 35
2000 52 1046 120
2000 53 1060 139
2010 1 1224 82
2010 40 915 35
2010 52 1041 117
2010 53 1056 136
2020 1 1214 83
2020 40 912 34
2020 52 1036 115
2020 53 1052 133
2030 1 1204 85
2030 40 910 33
2030 52 1032 113
2030 53 1047 131
2040 1 1193 86
2040 40 907 31
2040 52 1027 110
2040 53 1042 128
2050 1 1180 88
2050 40 904 29
2050 52 1022 108
2050 53 1037 127
2060 1 1167 91
2060 40 903 31
2060 52 1016 106
2060 53 1031 124
2070 1 1153 91
2070 40 901 31
2070 52 1010 103
2070 53 1026 121
2080 1 1138 89
2080 40 901 31
2080 52 1004 101
2080 53 1020 119
2090 1 1123 87
2090 40 901 31
2090 52 999 99
2090 53 1013 117
2100 1 1108 86
2100 40 901 31
2100 52 992 97
2100 53 1006 114
2110 1 1094 84
2110 40 901 31
2110 52 985 94
2110 53 999 112
2120 1 1080 82
2120 40 901 31
2120 52 977 91
2120 53 992 110
2130 1 1066 81
2130 40 901 31
2130 52 970 89
2130 53 985 108
2140 1 1052 81
2140 40 900 30
2140 52 962 85
2140 53 978 105
2150 1 1038 81
2150 40 897 29
2150 52 955 84
2150 53 971 103
2160 1 1025 81
2160 40 895 29
2160 52 948 81
2160 53 964 101
2170 1 1012 81
2170 40 892 28
2170 52 942 80
2170 53 957 99
2180 1 999 81
2180 3 7 140
2180 40 889 28
2180 52 936 79
2180 53 950 97
2190 1 987 79
2190 3 14 139
2190 40 887 27
2190 49 10 137
2190 52 930 77
2190 53 943 95
2200 1 975 77
2200 3 22 138
2200 40 883 24
2200 49 20 136
2200 52 923 76
2200 53 937 93
2210 1 962 75
2210 3 35 137
2210 49 32 134
2210 52 916 75
2210 53 930 91
2220 1 950 74
2220 3 49 136
2220 49 46 133
2220 52 908 75
2220 53 923 90
2230 1 936 73
2230 3 62 135
2230 49 60 132
2230 52 901 74
2230 53 916 89
2240 1 923 73
2240 3 76 134
2240 49 73 131
2240 52 894 73
2240 53 909 87
2250 1 910 71
2250 3 89 132
2250 49 87 130
2250 52 887 71
2250 53 902 86
2260 1 896 69
2260 3 102 131
2260 49 100 129
2260 52 880 69
2260 53 895 85
2270 1 883 68
2270 3 116 129
2270 49 114 129
2270 52 873 67
2270 53 888 84
2280 1 869 67
2280 3 129 128
2280 49 127 128
2280 52 866 66
2280 53 880 83
2290 1 856 67
2290 3 142 127
2290 49 138 127
2290 52 856 66
2290 53 872 83
2300 1 842 66
2300 3 155 126
2300 49 150 126
2300 52 846 66
2300 53 860 83
2310 1 829 65
2310 3 165 125
2310 49 162 125
2310 52 836 66
2310 53 848 83
2320 1 815 65
2320 3 176 124
2320 49 175 124
2320 52 826 66
2320 53 838 83
2330 1 800 65
2330 3 187 124
2330 49 187 123
2330 52 817 67
2330 53 828 83
2340 1 787 66
2340 3 199 123
2340 49 199 123
2340 52 807 67
2340 53 819 83
2350 1 775 67
2350 3 211 122
2350 49 211 122
2350 52 798 68
2350 53 810 84
2360 1 762 67
2360 3 223 121
2360 49 223 121
2360 52 789 68
2360 53 801 85
2370 1 750 68
2370 3 235 120
2370 49 235 121
2370 52 780 69
2370 53 791 86
2380 1 737 69
2380 3 248 118
2380 49 247 121
2380 52 770 69
2380 53 781 86
2390 1 726 69
2390 3 261 117
2390 49 258 120
2390 52 761 70
2390 53 771 87
2400 1 714 69
2400 3 273 116
2400 49 268 118
2400 52 752 70
2400 53 762 87
2410 1 702 69
2410 3 284 115
2410 49 278 117
2410 52 742 71
2410 53 754 88
2420 1 690 69
2420 3 296 114
2420 49 288 115
2420 52 733 72
2420 53 744 89
2430 1 678 69
2430 3 306 113
2430 49 303 112
2430 52 722 74
2430 53 734 90
2440 1 665 70
2440 3 316 112
2440 49 319 109
2440 52 711 76
2440 53 723 91
2450 1 653 71
2450 3 326 111
2450 49 330 107
2450 52 700 78
2450 53 713 92
2460 1 641 73
2460 3 339 109
2460 49 341 106
2460 52 690 78
2460 53 702 93
2470 1 629 74
2470 3 351 107
2470 49 353 105
2470 52 679 79
2470 53 691 94
2480 1 617 75
2480 3 364 106
2480 49 364 104
2480 52 668 80
2480 53 679 95
2490 1 605 77
2490 3 374 105
2490 49 374 104
2490 52 657 82
2490 53 667 96
2500 1 593 78
2500 3 384 104
2500 49 384 104
2500 52 646 84
2500 53 656 97
2510 1 580 79
2510 3 395 103
2510 49 394 104
2510 52 635 86
2510 53 645 98
2520 1 568 80
2520 3 406 103
2520 49 404 103
2520 52 622 87
2520 53 634 99
2530 1 555 81
2530 3 417 102
2530 49 415 102
2530 52 609 88
2530 53 622 101
2540 1 543 82
2540 3 427 101
2540 49 426 102
2540 52 596 89
2540 53 611 102
2550 1 530 82
2550 3 436 100
2550 49 435 101
2550 52 583 90
2550 53 599 103
2560 1 520 82
2560 3 445 99
2560 52 571 91
2560 53 586 104
2570 1 510 82
2570 3 453 98
2570 52 559 93
2570 53 573 105
2580 1 500 83
2580 3 461 97
2580 52 546 95
2580 53 560 107
2590 3 468 97
2590 52 534 97
2590 53 547 109
2600 3 475 96
2600 52 521 98
2600 53 533 111
2610 3 483 95
2610 52 507 99
2610 53 522 113
2620 3 490 94
2620 52 494 100
2620 53 510 114
2630 3 498 93
2630 52 480 102
2630 53 497 116
2640 3 505 93
2640 52 466 104
2640 53 483 117
2650 3 512 92
2650 52 453 105
2650 53 470 119
2660 3 515 91
2660 52 439 107
2660 53 457 120
2670 3 517 90
2670 52 426 109
2670 53 444 121
2680 3 518 89
2680 52 413 111
2680 53 431 123
2690 3 520 89
2690 52 399 112
2690 53 418 125
2700 3 522 89
2700 52 386 114
2700 53 405 126
2710 3 525 89
2710 52 373 115
2710 53 392 128
2720 3 528 88
2720 52 360 116
2720 53 378 129
2730 3 530 88
2730 52 345 118
2730 53 365 131
2740 3 532 88
2740 52 330 120
2740 53 352 132
2750 3 533 88
2750 52 315 121
2750 53 338 134
2760 3 533 88
2760 52 300 123
2760 53 325 135
2770 3 532 88
2770 52 286 125
2770 53 311 137
2780 3 531 88
2780 52 273 127
2780 53 297 139
2790 3 531 87
2790 52 260 129
2790 53 282 141
2800 3 531 86
2800 52 246 129
2800 53 268 142
2810 3 531 86
2810 52 232 130
2810 53 254 143
2820 3 531 86
2820 52 217 132
2820 53 239 145
2830 3 531 86
2830 52 201 134
2830 53 225 146
2840 3 531 86
2840 52 185 136
2840 53 211 149
2850 3 532 86
2850 52 171 137
2850 53 197 151
2860 3 532 86
2860 52 157 137
2860 53 182 153
2870 3 532 86
2870 52 139 140
2870 53 166 154
2880 3 532 86
2880 52 124 142
2880 53 150 155
2890 3 532 86
2890 52 109 142
2890 53 134 156
2890 54 516 363
2900 3 532 86
2900 52 94 143
2900 53 118 158
2900 54 515 367
2900 55 17 638
2910 3 534 86
2910 52 79 145
2910 53 103 159
2910 54 514 371
2910 55 45 623
2920 2 435 93
2920 3 540 86
2920 52 64 146
2920 53 89 161
2920 54 512 376
2920 55 80 619
2930 2 424 95
2930 3 546 85
2930 52 48 148
2930 53 73 163
2930 54 509 380
2930 55 117 614
2940 2 415 97
2940 3 550 84
2940 50 515 88
2940 52 30 150
2940 53 55 166
2940 54 511 381
2940 55 155 607
2950 2 402 99
2950 3 554 84
2950 50 524 87
2950 52 15 151
2950 53 38 168
2950 54 513 383
2950 55 183 593
2960 2 382 101
2960 3 558 84
2960 50 533 86
2960 53 24 169
2960 54 515 384
2960 55 212 581
2970 2 367 103
2970 3 563 85
2970 50 543 85
2970 53 12 169
2970 54 517 387
2970 55 246 572
2980 2 352 104
2980 3 568 85
2980 50 553 85
2980 53 2 173
2980 54 520 390
2980 55 277 560
2990 2 334 105
2990 3 574 86
2990 50 564 84
2990 54 522 393
2990 55 305 546
3000 2 317 107
3000 3 581 86
3000 50 574 82
3000 54 523 396
3000 55 329 535
3010 2 299 107
3010 3 592 82
3010 50 582 81
3010 54 524 399
3010 55 351 526
3020 2 289 111
3020 3 604 77
3020 50 589 80
3020 54 529 403
3020 55 373 517
3030 2 270 112
3030 3 611 77
3030 50 597 78
3030 54 533 408
3030 55 396 508
3040 2 251 113
3040 3 618 76
3040 50 604 77
3040 54 538 412
3040 55 419 499
3050 2 231 114
3050 3 625 75
3050 50 612 76
3050 54 544 417
3050 55 442 490
3060 2 210 115
3060 3 631 75
3060 50 620 75
3060 54 550 421
3060 55 466 484
3070 2 194 117
3070 3 638 74
3070 50 629 74
3070 54 557 425
3070 55 491 478
3080 2 178 119
3080 3 646 73
3080 50 638 73
3080 54 565 426
3080 55 521 469
3090 2 162 121
3090 3 656 73
3090 50 648 72
3090 54 575 426
3090 55 547 459
3100 2 144 123
3100 3 664 72
3100 50 657 71
3100 54 586 425
3100 55 566 452
3110 2 126 125
3110 3 672 72
3110 50 663 70
3110 54 597 424
3110 55 585 444
3120 2 107 125
3120 3 680 72
3120 50 670 69
3120 54 600 423
3120 55 605 439
3130 2 87 127
3130 3 689 71
3130 50 678 68
3130 54 599 423
3130 55 629 437
3140 2 68 129
3140 3 699 70
3140 50 688 68
3140 54 597 423
3140 55 654 435
3150 2 48 129
3150 3 707 69
3150 50 696 67
3150 54 593 423
3150 55 661 429
3160 2 29 131
3160 3 715 68
3160 50 704 67
3160 54 589 423
3160 55 669 423
3170 2 11 133
3170 3 723 68
3170 50 712 66
3170 54 589 424
3170 55 677 420
3180 3 731 67
3180 50 719 66
3180 54 590 424
3180 55 685 420
3190 3 739 67
3190 50 727 66
3190 54 591 424
3190 55 690 420
3200 3 750 68
3200 50 737 66
3200 54 593 425
3200 55 693 423
3210 3 758 68
3210 50 747 67
3210 54 598 426
3210 55 696 425
3220 3 764 68
3220 50 754 67
3220 54 603 426
3220 55 700 423
3230 3 770 67
3230 50 760 66
3230 54 605 429
3230 55 699 425
3240 3 777 67
3240 50 767 66
3240 54 605 431
3240 55 697 429
3250 3 784 67
3250 50 775 66
3250 54 606 429
3250 55 697 432
3260 3 790 66
3260 50 783 66
3260 54 606 427
3260 55 693 433
3270 3 797 66
3270 50 790 64
3270 54 604 427
3270 55 688 432
3280 3 805 66
3280 50 796 63
3280 54 601 427
3280 55 684 432
3290 3 814 66
3290 50 802 63
3290 54 597 427
3290 55 679 432
3300 3 820 65
3300 50 806 63
3300 54 595 426
3300 55 678 423
3310 3 827 64
3310 50 811 63
3310 54 595 425
3310 55 677 412
3320 3 833 64
3320 50 818 63
3320 54 595 424
3320 55 670 410
3330 3 838 64
3330 50 825 63
3330 54 595 425
3330 55 665 409
3340 3 844 63
3340 50 830 62
3340 54 597 426
3340 55 662 410
3350 3 847 63
3350 50 835 62
3350 54 599 428
3350 55 662 411
3360 3 850 62
3360 50 841 61
3360 54 605 433
3360 55 668 411
3370 3 853 61
3370 50 846 61
3370 54 609 436
3370 55 673 412
3380 3 855 61
3380 50 849 60
3380 54 610 435
3380 55 679 413
3390 3 858 60
3390 50 851 60
3390 54 610 433
3390 55 684 415
3400 3 861 59
3400 50 853 59
3400 54 609 429
3400 55 690 417
3410 3 864 58
3410 50 855 58
3410 54 608 426
3410 55 690 421
3420 3 867 58
3420 50 857 58
3420 54 608 422
3420 55 690 426
3430 3 870 57
3430 50 859 57
3430 54 609 422
3430 55 689 429
3440 3 873 56
3440 50 861 57
3440 54 611 423
3440 55 687 424
3450 3 876 56
3450 50 863 56
3450 54 613 424
3450 55 685 419
3460 3 879 55
3460 50 865 56
3460 54 615 426
3460 55 682 419
3470 3 882 54
3470 50 867 55
3470 54 615 426
3470 55 678 418
3480 3 884 53
3480 50 869 54
3480 54 615 426
3480 55 673 419
3490 3 887 53
3490 50 871 54
3490 54 615 426
3490 55 669 420
3500 3 889 53
3500 50 873 53
3500 54 615 424
3500 55 668 421
3510 3 890 52
3510 50 875 53
3510 54 615 424
3510 55 667 421
3520 3 891 52
3520 50 877 52
3520 54 615 422
3520 55 665 420
3530 3 894 50
3530 50 879 52
3530 54 614 422
3530 55 663 419
3540 3 898 49
3540 50 881 50
3540 54 613 423
3540 55 662 419
3550 3 901 48
3550 50 884 49
3550 54 612 424
3550 55 661 417
3560 3 903 47
3560 50 886 48
3560 54 608 426
3560 55 661 416
3570 3 906 46
3570 50 889 47
3570 54 604 430
3570 55 661 415
3580 3 908 46
3580 50 892 46
3580 54 600 433
3580 55 659 415
3590 3 910 45
3590 50 895 45
3590 54 598 433
3590 55 657 416
3600 3 912 45
3600 50 898 44
3600 54 599 434
3600 55 655 417
3610 3 914 44
3610 50 901 43
3610 54 605 436
3610 55 653 418
3620 3 915 44
3620 50 902 43
3620 54 609 438
3620 55 659 422
3630 3 917 44
3630 50 904 43
3630 54 610 441
3630 55 667 428
3640 3 917 44
3640 50 905 43
3640 54 611 445
3640 55 676 432
3650 3 918 42
3650 50 905 41
3650 54 613 443
3650 55 682 432
3660 3 918 41
3660 50 905 40
3660 54 614 440
3660 55 688 428
3670 3 918 40
3670 50 904 38
3670 54 616 438
3670 55 692 421
3680 3 919 38
3680 50 904 37
3680 54 618 435
3680 55 691 417
3690 3 919 38
3690 50 904 36
3690 54 622 431
3690 55 689 415
3700 3 920 38
3700 50 904 36
3700 54 627 425
3700 55 687 413
3710 3 920 38
3710 50 904 35
3710 54 630 424
3710 55 685 412
3720 3 922 38
3720 50 904 35
3720 54 633 423
3720 55 683 411
3730 3 923 37
3730 50 906 35
3730 54 639 421
3730 55 681 410
3740 3 925 36
3740 50 909 35
3740 54 644 420
3740 55 679 409
3750 3 927 35
3750 50 911 35
3750 54 646 419
3750 55 676 408
3760 3 930 35
3760 50 914 34
3760 54 647 418
3760 55 675 407
3770 3 933 35
3770 50 918 34
3770 54 648 418
3770 55 679 407
3780 3 936 35
3780 50 922 34
3780 54 649 417
3780 55 684 406
3790 3 940 34
3790 50 926 33
3790 54 650 417
3790 55 689 406
3800 3 944 34
3800 50 930 33
3800 54 651 417
3800 55 692 405
3810 3 949 34
3810 50 936 32
3810 54 651 417
3810 55 692 405
3820 3 953 34
3820 50 943 30
3820 54 650 420
3820 55 693 405
3830 3 958 34
3830 50 947 29
3830 54 648 422
3830 55 693 405
3840 3 964 33
3840 50 951 29
3840 54 646 424
3840 55 693 405
3850 3 969 33
3850 50 956 29
3850 54 641 424
3850 55 693 405
3860 3 974 32
3860 50 961 29
3860 54 637 423
3860 55 693 405
3870 3 978 31
3870 50 966 29
3870 54 632 423
3870 55 693 406
3880 3 983 31
3880 50 971 29
3880 54 620 424
3880 55 693 405
3890 3 988 31
3890 50 978 29
3890 54 608 426
3890 55 694 405
3900 3 993 30
3900 50 983 29
3900 54 595 425
3900 55 695 405
3910 3 998 30
3910 50 988 29
3910 54 582 422
3910 55 696 399
3920 3 1003 30
3920 50 993 28
3920 54 568 419
3920 55 696 392
3930 3 1009 30
3930 50 998 28
3930 54 555 416
3930 55 693 386
3940 3 1014 30
3940 50 1002 27
3940 54 542 413
3940 55 688 379
3950 3 1019 29
3950 50 1007 26
3950 54 538 408
3950 55 683 372
3960 3 1024 29
3960 50 1012 26
3960 54 533 403
3960 55 675 363
3970 3 1028 28
3970 50 1018 25
3970 54 529 398
3970 55 668 353
3980 3 1033 28
3980 50 1023 25
3980 54 524 393
3980 55 660 346
3990 3 1038 28
3990 50 1028 24
3990 54 519 388
3990 55 651 346
4000 3 1043 28
4000 50 1033 24
4000 54 515 383
4000 55 641 346
4010 3 1048 28
4010 50 1039 24
4010 54 512 381
4010 55 639 346
4020 3 1053 28
4020 50 1044 24
4020 54 510 380
4020 55 639 345
4030 3 1058 28
4030 50 1049 24
4030 54 509 380
4030 55 639 344
4040 3 1063 28
4040 50 1053 25
4040 54 509 380
4040 55 639 343
4050 3 1068 27
4050 50 1057 25
4050 54 510 381
4050 55 639 343
4060 3 1073 25
4060 50 1061 25
4060 54 510 382
4060 55 638 344
4070 3 1077 21
4070 50 1065 24
4070 54 511 382
4070 55 637 344
4080 3 1080 18
4080 50 1070 19
4080 54 511 383
4080 55 636 345
4090 50 1074 16
4090 54 512 383
4090 55 634 346
4100 50 1077 16
4100 54 512 380
4100 55 633 347
4110 50 1082 16
4110 54 513 377
4110 55 635 346
4120 50 1086 15
4120 54 513 374
4120 55 640 345
4130 50 1090 12
4130 54 514 372
4130 55 645 343
4140 50 1095 13
4140 54 516 370
4140 55 648 342
4150 54 518 371
4150 55 643 339
4160 54 518 368
4160 55 639 335
4170 54 518 360
4170 55 637 333
4180 54 520 359
4180 55 636 330
4190 55 633 329
4200 55 630 330
4210 55 627 331
4220 55 623 327
4230 55 618 322
4240 55 612 317
4250 55 607 313
4680 51 1089 12
4690 51 1082 14
4700 51 1076 16
4710 51 1070 18
4720 51 1064 20
4730 51 1058 23
4740 51 1051 23
4750 51 1045 23
4760 51 1039 23
4770 51 1033 24
4780 51 1027 24
4790 51 1021 24
4800 51 1015 25
4810 51 1009 25
4820 51 1004 25
4830 51 998 26
4840 51 992 26
4850 51 986 27
4860 51 980 27
4870 51 974 28
4880 51 968 28
4890 51 962 29
4900 51 957 30
4910 51 950 30
4920 51 943 31
4930 51 938 31
4940 51 934 32
4950 51 927 33
4960 51 918 33
4970 51 912 34
4980 51 907 34
4990 51 902 35
5000 51 897 35
5010 51 892 36
5020 51 887 36
5030 51 882 36
5040 51 877 37
5050 51 872 38
5060 51 867 39
5070 51 862 40
5080 51 857 41
5090 51 852 42
5100 51 847 43
5110 51 843 44
5120 51 838 45
5130 51 833 46
5140 51 828 47
5150 51 823 48
5160 51 816 48
5170 51 809 49
5180 51 803 50
5190 51 796 51
5200 51 789 51
5210 51 783 51
5220 51 774 50
5230 51 766 49
5240 51 758 49
5250 51 751 50
5260 51 745 51
5270 51 738 52
5280 51 732 52
5290 51 724 54
5300 51 715 55
