0 85 640 304
0 86 899 334
0 89 1153 688
10 85 635 304
10 86 893 334
10 89 1153 691
20 85 630 304
20 86 887 334
20 89 1154 693
20 91 1275 547
30 85 625 304
30 86 882 334
30 89 1155 696
30 91 1274 547
40 85 620 304
40 86 876 334
40 89 1154 698
40 91 1274 547
50 85 615 305
50 86 871 335
50 89 1152 701
50 91 1273 548
60 85 610 305
60 86 866 335
60 89 1149 704
60 91 1273 548
70 85 606 305
70 86 859 335
70 89 1146 707
70 91 1272 548
80 85 601 305
80 86 853 336
80 89 1143 710
80 91 1272 548
90 85 596 306
90 86 848 336
90 91 1272 548
100 85 591 306
100 86 842 336
100 91 1272 547
110 85 586 306
110 86 836 337
110 91 1272 547
120 85 581 306
120 86 830 337
120 91 1272 546
130 85 576 306
130 86 824 337
130 91 1272 546
140 85 571 307
140 86 818 337
140 91 1272 546
150 85 566 307
150 86 813 337
150 91 1272 546
160 85 560 307
160 86 807 337
160 91 1272 546
170 85 554 307
170 86 801 338
170 91 1272 546
180 85 549 307
180 86 795 338
180 91 1272 546
190 85 543 307
190 86 789 338
190 91 1272 546
200 85 538 307
200 86 783 339
200 91 1272 546
210 85 532 307
210 86 777 339
210 91 1272 546
220 85 527 307
220 86 771 339
220 91 1272 546
230 85 521 307
230 86 765 339
230 91 1272 546
240 85 515 307
240 86 759 339
240 91 1272 546
250 85 510 307
250 86 753 340
250 91 1272 546
260 85 504 307
260 86 746 340
260 91 1273 546
270 85 499 308
270 86 740 340
270 91 1273 546
280 85 493 308
280 86 734 340
280 91 1273 546
290 85 488 308
290 86 728 341
290 91 1273 546
300 85 483 308
300 86 720 341
300 91 1273 546
310 85 477 308
310 86 713 341
310 91 1273 546
320 85 472 308
320 86 705 341
320 91 1273 546
330 85 466 309
330 86 698 342
330 91 1274 546
340 85 461 309
340 86 690 342
340 91 1274 546
350 85 456 309
350 86 682 342
350 91 1274 546
360 85 450 309
360 86 674 342
360 91 1274 546
370 85 445 309
370 86 667 342
370 91 1274 546
380 85 439 310
380 86 659 342
380 91 1274 546
390 85 433 310
390 86 652 342
390 91 1274 546
400 85 428 310
400 86 644 343
400 91 1274 546
410 85 422 310
410 86 637 343
410 91 1274 546
420 85 416 311
420 86 629 343
420 91 1274 546
430 85 410 311
430 86 621 343
430 91 1274 546
440 85 404 311
440 86 614 343
440 91 1274 546
450 85 399 311
450 86 606 344
450 91 1274 546
460 85 393 312
460 86 599 344
460 91 1274 546
470 85 387 312
470 86 591 345
470 91 1274 546
480 85 381 312
480 86 583 345
480 91 1274 546
490 85 375 313
490 86 576 346
490 91 1274 546
500 85 370 313
500 86 568 346
500 91 1274 546
510 85 364 313
510 86 561 347
510 91 1274 546
520 85 358 313
520 86 553 347
520 91 1274 546
530 85 352 314
530 86 545 348
530 91 1274 546
540 85 344 314
540 86 537 348
540 91 1274 546
550 85 337 314
550 86 528 348
550 91 1274 546
560 85 330 314
560 86 520 348
560 91 1274 546
570 85 323 315
570 86 511 348
570 87 736 395
570 91 1274 546
580 85 316 315
580 86 503 348
580 87 735 395
580 91 1274 546
590 85 309 315
590 86 494 348
590 87 733 395
590 91 1274 546
600 85 302 315
600 86 486 348
600 87 732 395
600 91 1274 546
610 85 295 315
610 86 477 348
610 87 732 393
610 91 1274 546
620 85 287 315
620 86 469 349
620 87 733 390
620 91 1274 546
630 85 280 315
630 86 461 349
630 87 732 390
630 91 1274 546
640 85 274 315
640 86 452 349
640 87 731 389
640 91 1274 546
650 85 267 316
650 86 444 349
650 87 730 389
650 91 1274 546
660 85 260 316
660 86 436 349
660 87 729 389
660 91 1274 546
670 85 253 316
670 86 427 349
670 87 728 389
670 91 1274 546
680 85 246 316
680 86 418 349
680 87 727 390
680 91 1274 546
690 85 239 316
690 86 409 349
690 87 726 390
690 91 1274 546
700 85 232 316
700 86 401 349
700 87 725 391
700 91 1274 546
710 85 225 317
710 86 392 349
710 87 727 391
710 91 1274 546
720 85 218 317
720 86 384 349
720 87 730 391
720 91 1274 546
730 85 211 317
730 86 374 350
730 87 732 391
730 91 1274 546
740 85 204 317
740 86 364 350
740 87 735 391
740 91 1274 546
750 85 197 317
750 86 354 350
750 87 737 391
750 91 1274 546
760 85 190 316
760 86 345 351
760 87 739 391
760 91 1274 546
770 85 182 316
770 86 335 351
770 87 740 392
770 91 1274 546
780 85 174 316
780 86 326 352
780 87 740 392
780 91 1274 546
790 85 166 316
790 86 316 352
790 87 740 392
790 91 1274 546
800 85 158 316
800 86 307 352
800 87 739 392
800 91 1274 546
810 85 150 316
810 86 297 352
810 87 739 392
810 91 1274 546
820 85 142 316
820 86 288 353
820 87 738 392
820 91 1274 546
830 85 134 316
830 86 278 353
830 87 737 392
830 91 1274 546
840 85 126 316
840 86 268 353
840 87 737 391
840 91 1274 547
850 85 118 316
850 86 258 353
850 87 736 391
850 91 1274 547
860 85 110 316
860 86 247 354
860 87 736 391
860 91 1274 547
870 85 101 316
870 86 237 355
870 87 735 391
870 91 1274 547
880 85 93 317
880 86 227 356
880 87 734 391
880 91 1274 547
890 85 84 317
890 86 217 357
890 87 734 391
890 91 1274 547
900 85 76 318
900 86 206 356
900 87 734 391
900 91 1274 547
910 85 67 318
910 86 196 355
910 87 734 391
910 91 1274 547
920 85 58 319
920 86 185 355
920 87 735 392
920 91 1274 547
930 85 48 319
930 86 174 356
930 87 735 392
930 91 1274 547
940 85 39 319
940 86 164 356
940 87 735 392
940 91 1274 547
