0 33 300 547
0 34 743 414
0 35 1167 679
10 33 300 547
10 34 754 414
10 35 1171 674
20 33 300 547
20 34 764 414
20 35 1173 669
30 33 300 547
30 34 773 414
30 35 1176 666
40 33 300 547
40 34 782 414
40 35 1179 663
50 33 300 547
50 34 792 413
50 35 1183 660
60 33 300 547
60 34 799 413
60 35 1186 656
70 33 300 546
70 34 807 413
70 35 1189 653
80 33 300 546
80 34 815 413
80 35 1191 650
90 33 300 546
90 34 823 413
90 35 1193 646
100 33 300 546
100 34 829 411
100 35 1196 643
110 33 300 546
110 34 834 411
110 35 1198 640
120 33 300 546
120 34 840 411
120 35 1201 637
130 33 300 546
130 34 846 410
130 35 1204 634
140 33 300 546
140 34 851 410
140 35 1207 631
150 33 300 546
150 34 857 410
150 35 1209 628
160 33 300 546
160 34 863 410
160 35 1212 625
170 33 300 546
170 34 868 409
170 35 1214 623
180 33 301 546
180 34 873 408
180 35 1216 620
190 33 301 546
190 34 879 407
190 35 1218 618
200 33 301 546
200 34 884 406
200 35 1220 616
210 33 301 546
210 34 889 405
210 35 1222 615
220 33 301 546
220 34 894 404
220 35 1224 614
230 33 301 546
230 34 900 403
230 35 1227 612
240 33 301 546
240 34 905 402
240 35 1229 610
250 33 301 546
250 34 910 402
250 35 1230 610
260 33 301 546
260 34 914 401
260 35 1228 609
270 33 301 546
270 34 919 401
270 35 1223 607
280 33 301 546
280 34 924 400
280 35 1219 607
290 33 301 546
290 34 929 400
290 35 1216 607
300 33 301 546
300 34 934 399
300 35 1216 607
310 33 301 546
310 34 940 398
310 35 1216 607
320 33 301 546
320 34 945 398
320 35 1216 607
330 33 301 546
330 34 950 397
330 35 1219 608
340 33 301 546
340 34 955 396
340 35 1219 608
350 33 301 546
350 34 959 396
350 35 1219 608
360 33 301 546
360 34 964 395
360 35 1223 608
370 33 301 546
370 34 968 394
370 35 1230 610
380 33 301 546
380 34 973 393
380 35 1233 610
390 33 301 546
390 34 978 393
390 35 1244 613
400 33 301 546
400 34 978 391
400 35 1250 614
410 33 301 546
410 34 980 390
410 35 1255 614
420 33 301 546
420 34 984 389
420 35 1254 614
430 33 301 546
430 34 987 388
430 35 1251 614
440 33 301 546
440 34 989 388
440 35 1249 613
450 33 301 546
450 34 992 387
450 35 1251 613
460 33 301 546
460 34 994 386
460 35 1254 614
470 33 301 546
470 34 997 386
470 35 1256 615
480 33 301 546
480 34 1000 385
480 35 1261 615
490 33 301 546
490 34 1003 384
490 35 1265 615
500 33 301 546
500 34 1006 384
500 35 1270 615
510 33 301 546
510 34 1010 383
510 35 1274 620
520 33 302 546
520 34 1014 383
520 35 1273 618
530 33 302 546
530 34 1019 383
530 35 1272 617
540 33 302 546
540 34 1024 383
540 35 1271 616
550 33 302 546
550 34 1030 382
550 35 1271 615
560 33 302 546
560 34 1035 382
560 35 1272 618
570 33 302 546
570 34 1040 382
580 33 301 546
580 34 1044 382
590 33 301 546
590 34 1047 382
600 33 301 546
600 34 1050 382
610 33 300 546
610 34 1052 382
620 33 300 546
620 34 1053 382
630 33 300 546
630 34 1053 382
640 33 300 546
640 34 1053 382
650 33 300 546
650 34 1053 382
660 33 300 546
660 34 1053 382
670 33 300 546
670 34 1053 382
680 33 300 546
680 34 1053 382
690 33 301 546
690 34 1053 382
700 33 301 546
700 34 1053 382
710 33 301 546
710 34 1053 382
720 33 301 546
720 34 1053 382
730 33 301 546
730 34 1053 382
740 33 301 546
740 34 1053 382
750 33 301 546
750 34 1053 382
760 33 301 546
760 34 1053 382
770 33 301 546
770 34 1053 382
780 33 301 546
780 34 1053 382
790 33 301 546
790 34 1053 382
800 33 300 546
800 34 1053 382
810 33 300 546
810 34 1053 382
820 33 300 546
820 34 1053 382
830 33 300 546
830 34 1053 382
840 33 300 546
840 34 1053 382
850 33 300 546
850 34 1053 382
860 33 300 546
860 34 1053 382
870 33 300 546
870 34 1053 382
880 33 300 546
880 34 1053 382
890 33 300 546
890 34 1053 382
900 33 300 546
900 34 1053 382
910 33 300 546
910 34 1053 382
920 33 300 546
920 34 1053 382
930 33 300 546
930 34 1053 382
940 33 300 546
940 34 1053 382
950 33 300 546
950 34 1053 382
960 33 300 546
960 34 1053 382
970 33 300 546
970 34 1053 382
980 33 300 546
980 34 1053 382
990 33 300 546
990 34 1053 382
1000 33 301 546
1000 34 1053 382
1010 33 301 546
1010 34 1053 382
1020 33 301 546
1020 34 1053 382
1030 33 302 546
1030 34 1053 382
1040 33 302 546
1040 34 1053 382
1050 33 302 546
1050 34 1053 382
1060 33 303 546
1060 34 1053 382
1070 33 301 546
1070 34 1053 382
1080 33 300 546
1080 34 1053 382
1090 33 297 546
1090 34 1053 382
1100 33 295 545
1100 34 1053 382
1110 33 294 545
1110 34 1053 382
1120 33 294 545
1120 34 1053 382
1130 33 295 546
1130 34 1053 382
1140 33 297 546
1140 34 1053 382
1150 33 300 546
1150 34 1053 382
1160 33 301 547
1160 34 1053 382
1170 33 301 547
1170 34 1053 382
1180 33 299 547
1180 34 1053 382
1190 33 300 547
1190 34 1053 382
1200 33 302 548
1200 34 1053 382
1210 33 304 548
1210 34 1053 382
1220 33 304 549
1220 34 1053 382
1230 33 303 549
1230 34 1053 382
1240 33 302 549
1240 34 1053 382
1250 33 301 549
1250 34 1053 382
1260 33 299 549
1260 34 1053 382
1270 33 298 549
1270 34 1053 382
1280 33 298 548
1280 34 1053 382
1290 33 300 548
1290 34 1053 382
1300 33 300 548
1300 34 1053 382
1310 33 302 548
1310 34 1053 382
1320 33 299 548
1320 34 1053 382
1330 33 297 548
1330 34 1053 382
1340 33 294 548
1340 34 1053 382
1350 33 291 547
1350 34 1053 382
1360 33 288 547
1360 34 1053 382
1370 33 290 547
1370 34 1053 382
1380 33 295 548
1380 34 1053 382
1390 33 298 549
1390 34 1053 382
1400 33 300 550
1400 34 1053 382
1410 33 298 551
1410 34 1053 382
1420 33 295 552
1420 34 1052 383
1430 33 294 553
1430 34 1052 383
1440 33 294 553
1440 34 1052 383
1450 33 295 553
1450 34 1052 383
1460 33 298 553
1460 34 1052 383
1470 33 298 553
1470 34 1052 383
1480 33 293 554
1480 34 1052 383
1490 33 288 554
1490 34 1052 383
1500 33 284 553
1500 34 1052 383
1510 33 281 553
1510 34 1052 383
1520 33 282 552
1520 34 1052 383
1530 33 283 552
1530 34 1052 383
1540 33 284 552
1540 34 1052 383
1550 33 280 551
1550 34 1052 383
1560 33 275 551
1560 34 1052 383
1570 33 270 550
1570 34 1052 383
1580 33 269 549
1580 34 1052 383
1590 33 271 548
1590 34 1052 383
1600 33 275 548
1600 34 1052 383
1610 33 278 547
1610 34 1052 383
1620 33 275 545
1620 34 1052 383
1630 33 271 544
1630 34 1052 383
1640 33 265 544
1640 34 1052 383
1650 33 263 544
1650 34 1052 383
1660 33 260 544
1660 34 1052 383
1670 33 262 544
1670 34 1052 383
1680 33 268 544
1680 34 1052 383
1690 33 275 543
1690 34 1052 383
1700 33 272 541
1700 34 1052 383
1710 33 266 543
1710 34 1052 383
1720 33 261 546
1720 34 1052 383
1730 33 258 549
1730 34 1052 383
1740 33 260 551
1740 34 1052 383
1750 33 268 551
1750 34 1052 383
1760 33 273 551
1760 34 1052 383
1770 33 270 552
1770 34 1052 383
1780 33 267 553
1780 34 1052 383
1790 33 264 554
1790 34 1052 383
1800 33 261 555
1800 34 1052 383
1810 33 256 556
1810 34 1052 383
1810 36 1262 607
1820 33 254 556
1820 34 1052 383
1820 36 1257 605
1830 33 255 556
1830 34 1052 383
1830 36 1252 604
1840 33 256 556
1840 34 1052 383
1840 36 1243 601
1850 33 253 555
1850 34 1052 383
1850 36 1239 601
1860 33 250 555
1860 34 1052 383
1860 36 1236 601
1870 33 247 554
1870 34 1052 383
1870 36 1234 600
1880 33 246 554
1880 34 1052 383
1880 36 1233 600
1890 33 244 554
1890 34 1052 383
1890 36 1233 601
1900 33 241 555
1900 34 1052 383
1900 36 1234 601
1910 33 238 555
1910 34 1052 383
1910 36 1234 601
1920 33 232 556
1920 34 1052 383
1920 36 1234 601
1930 33 227 555
1930 34 1052 383
1930 36 1236 600
1940 33 226 554
1940 34 1052 383
1940 36 1237 598
1950 33 224 554
1950 34 1052 383
1950 36 1239 597
1960 33 220 554
1960 34 1052 383
1960 36 1241 595
1970 33 216 554
1970 34 1052 383
1970 36 1243 593
1980 33 212 554
1980 34 1052 383
1980 36 1245 591
1990 33 207 555
1990 34 1052 383
1990 36 1247 589
2000 33 205 555
2000 34 1052 383
2000 36 1249 585
2010 33 203 554
2010 34 1052 383
2010 36 1251 582
2020 33 201 554
2020 34 1052 383
2020 36 1253 580
2030 33 196 554
2030 34 1052 383
2030 36 1255 578
2040 33 192 554
2040 34 1052 383
2040 36 1257 576
2050 33 189 555
2050 34 1052 383
2050 36 1259 574
2060 33 192 556
2060 34 1052 383
2060 36 1262 570
2070 33 196 556
2070 34 1052 383
2070 36 1263 568
2080 33 200 556
2080 34 1052 383
2080 36 1265 565
2090 33 199 556
2090 34 1052 383
2090 36 1266 563
2100 33 192 557
2100 34 1052 383
2100 36 1268 561
2110 33 186 557
2110 34 1052 383
2110 36 1269 560
2120 33 183 557
2120 34 1052 383
2120 36 1269 557
2130 33 178 556
2130 34 1052 383
2130 36 1269 555
2140 33 175 555
2140 34 1052 383
2140 36 1270 552
2150 33 173 555
2150 34 1052 383
2150 36 1272 553
2160 33 171 555
2160 34 1052 383
2160 36 1272 553
2170 33 168 555
2170 34 1052 383
2170 36 1273 557
2180 33 165 555
2180 34 1052 383
2190 33 162 555
2190 34 1052 383
2200 33 158 555
2200 34 1052 383
2200 37 1271 550
2210 33 156 555
2210 34 1052 383
2210 37 1269 549
2220 33 152 555
2220 34 1052 383
2220 37 1269 549
2230 33 149 555
2230 34 1052 383
2230 37 1269 549
2240 33 146 555
2240 34 1052 383
2240 37 1269 549
2250 33 144 556
2250 34 1052 383
2250 37 1270 548
2260 33 143 556
2260 34 1052 383
2260 37 1270 548
2270 33 142 556
2270 34 1052 383
2270 37 1270 548
2280 33 139 556
2280 34 1052 383
2280 37 1270 548
2290 33 129 555
2290 34 1052 383
2290 37 1272 549
2300 33 128 555
2300 34 1052 383
2310 33 127 554
2310 34 1052 383
2320 33 126 554
2320 34 1052 383
2330 33 124 553
2330 34 1052 383
2340 33 123 553
2340 34 1052 383
2350 33 122 553
2350 34 1052 383
2360 33 121 552
2360 34 1052 383
2370 33 120 552
2370 34 1052 383
2380 33 119 552
2380 34 1052 383
2390 33 124 553
2390 34 1052 383
2400 33 127 554
2400 34 1052 383
2410 33 124 553
2410 34 1052 383
2420 33 119 552
2420 34 1052 383
2430 33 117 552
2430 34 1052 383
2440 33 122 551
2440 34 1052 383
2450 33 126 551
2450 34 1052 383
2460 33 131 550
2460 34 1052 383
2470 33 136 550
2470 34 1052 383
2480 33 141 549
2480 34 1052 383
2490 33 143 548
2490 34 1051 383
2500 33 145 547
2500 34 1051 383
2510 33 147 545
2510 34 1051 383
2520 33 149 545
2520 34 1051 383
2530 33 150 545
2530 34 1051 383
2540 33 151 545
2540 34 1051 383
2550 33 152 545
2550 34 1051 383
2560 33 154 545
2560 34 1051 383
2570 33 155 546
2570 34 1051 383
2580 33 158 546
2580 34 1050 383
2590 33 161 547
2590 34 1050 383
2600 33 161 548
2600 34 1050 383
2610 33 156 548
2610 34 1050 383
2620 33 151 548
2620 34 1050 383
2630 33 146 549
2630 34 1050 383
2640 33 142 549
2640 34 1050 383
2650 33 137 549
2650 34 1050 383
2660 33 132 549
2660 34 1049 383
2670 33 134 550
2670 34 1049 383
2680 33 137 550
2680 34 1049 383
2690 33 141 550
2690 34 1049 383
2700 33 144 550
2700 34 1049 383
2710 33 148 551
2710 34 1049 383
2720 33 152 551
2720 34 1049 383
2730 33 155 551
2730 34 1049 383
2740 33 159 551
2740 34 1049 383
2750 33 159 550
2750 34 1049 382
2760 33 159 550
2760 34 1049 382
2770 33 160 549
2770 34 1049 382
2780 33 163 549
2780 34 1049 382
2790 33 165 548
2790 34 1049 382
2800 33 168 548
2800 34 1049 382
2810 33 172 548
2810 34 1049 382
2820 33 178 547
2820 34 1049 382
2830 33 185 546
2830 34 1049 382
2840 33 193 546
2840 34 1049 382
2850 33 200 545
2850 34 1049 382
2860 33 207 545
2860 34 1049 382
2870 33 214 545
2870 34 1049 382
2880 33 217 544
2880 34 1049 382
2890 33 218 544
2890 34 1049 382
2900 33 219 543
2900 34 1049 382
2910 33 220 543
2910 34 1049 382
2920 33 220 543
2920 34 1049 382
2930 33 221 542
2930 34 1049 382
2940 33 222 542
2940 34 1049 382
2950 33 222 542
2950 34 1049 382
2960 33 223 542
2960 34 1049 382
2970 33 224 542
2970 34 1049 382
2980 33 225 541
2980 34 1049 382
2990 33 225 541
2990 34 1049 382
3000 33 225 541
3000 34 1049 382
3010 33 225 541
3010 34 1049 382
3020 33 224 541
3020 34 1049 382
3030 33 225 541
3030 34 1049 382
3040 33 224 541
3040 34 1049 382
3050 33 228 542
3050 34 1049 382
3060 33 233 542
3060 34 1049 382
3070 33 239 542
3070 34 1049 382
3080 33 245 542
3080 34 1049 382
3090 33 251 542
3090 34 1049 382
3100 33 254 541
3100 34 1049 382
3110 33 255 541
3110 34 1049 382
3120 33 257 541
3120 34 1049 382
3120 38 1215 366
3130 33 257 540
3130 34 1050 382
3130 38 1213 368
3140 33 257 539
3140 34 1050 382
3140 38 1208 371
3150 33 257 539
3150 34 1050 382
3150 38 1204 374
3160 33 257 538
3160 34 1050 382
3160 38 1200 377
3170 33 257 537
3170 34 1050 382
3170 38 1197 377
3180 33 257 537
3180 34 1050 382
3180 38 1194 378
3190 33 257 536
3190 34 1050 382
3190 38 1191 380
3200 33 257 536
3200 34 1050 382
3200 38 1188 382
3210 33 256 535
3210 34 1050 382
3210 38 1185 384
3220 33 254 535
3220 34 1050 382
3220 38 1182 385
3230 33 252 534
3230 34 1050 382
3230 38 1178 387
3240 33 250 534
3240 34 1050 382
3240 38 1174 389
3250 33 247 533
3250 34 1050 382
3250 38 1171 390
3260 33 244 533
3260 34 1050 382
3260 38 1167 392
3270 33 240 533
3270 34 1050 382
3270 38 1163 394
3280 33 236 533
3280 34 1050 382
3280 38 1159 397
3290 33 232 532
3290 34 1050 382
3290 38 1155 398
3300 33 227 532
3300 34 1050 382
3300 38 1151 400
3310 33 223 532
3310 34 1050 382
3310 38 1147 403
3320 33 220 531
3320 34 1050 382
3320 38 1143 405
3320 39 1202 390
3330 33 218 531
3330 34 1050 382
3330 38 1139 408
3330 39 1202 392
3340 33 216 531
3340 34 1050 382
3340 38 1135 410
3340 39 1200 392
3350 33 214 531
3350 34 1050 382
3350 38 1130 412
3350 39 1198 393
3360 33 212 531
3360 34 1050 382
3360 38 1126 415
3360 39 1196 394
3370 33 210 531
3370 34 1050 382
3370 38 1122 417
3370 39 1194 396
3380 33 203 529
3380 34 1050 382
3380 38 1118 419
3380 39 1192 399
3390 33 192 527
3390 34 1050 382
3390 38 1102 426
3390 39 1186 401
3400 33 184 526
3400 34 1050 382
3400 38 1097 428
3400 39 1182 402
3410 33 180 524
3410 34 1050 382
3410 38 1093 430
3410 39 1180 403
3420 33 176 522
3420 34 1050 382
3420 38 1088 434
3420 39 1179 403
3430 33 173 520
3430 34 1050 382
3430 38 1082 436
3430 39 1177 405
3440 33 169 518
3440 34 1050 382
3440 38 1077 439
3440 39 1174 406
3450 33 166 516
3450 34 1050 382
3450 38 1072 442
3450 39 1172 407
3460 33 167 515
3460 34 1050 382
3460 38 1066 444
3460 39 1170 409
3470 33 175 514
3470 34 1050 382
3470 38 1062 447
3470 39 1167 409
3480 33 184 512
3480 34 1050 382
3480 38 1054 450
3480 39 1165 409
3490 33 191 511
3490 34 1050 382
3490 38 1048 454
3490 39 1163 411
3500 33 199 509
3500 34 1050 382
3500 38 1042 457
3500 39 1161 412
3510 33 206 508
3510 34 1050 382
3510 38 1036 460
3510 39 1158 413
3520 33 214 507
3520 34 1051 382
3520 38 1029 463
3520 39 1156 414
3530 33 221 505
3530 34 1051 382
3530 38 1023 467
3530 39 1154 415
3540 33 229 505
3540 34 1051 382
3540 38 1014 471
3540 39 1152 416
3550 33 237 505
3550 34 1051 382
3550 38 1006 474
3550 39 1150 417
3560 33 243 506
3560 34 1051 382
3560 38 997 477
3560 39 1148 419
3570 33 250 506
3570 34 1051 382
3570 38 989 481
3570 39 1146 420
3580 33 257 506
3580 34 1051 382
3580 38 981 484
3580 39 1144 421
3590 33 263 506
3590 34 1051 382
3590 38 972 486
3590 39 1142 422
3600 33 267 506
3600 34 1051 382
3600 38 964 490
3600 39 1140 423
3610 33 269 506
3610 34 1051 382
3610 38 956 494
3610 39 1138 424
3620 33 270 506
3620 34 1051 382
3620 38 948 499
3620 39 1136 425
3630 33 272 506
3630 34 1051 382
3630 38 940 503
3630 39 1133 426
3640 33 273 506
3640 34 1051 382
3640 38 932 507
3640 39 1130 427
3650 33 274 506
3650 34 1051 382
3650 38 924 511
3650 39 1128 428
3660 33 272 506
3660 34 1051 382
3660 38 913 515
3660 39 1125 429
3670 33 270 506
3670 34 1051 382
3670 38 906 520
3670 39 1122 430
3680 33 269 506
3680 34 1051 382
3680 38 897 524
3680 39 1119 432
3690 33 267 506
3690 34 1051 382
3690 38 887 529
3690 39 1116 433
3700 33 266 506
3700 34 1051 382
3700 38 875 532
3700 39 1113 434
3710 33 264 506
3710 34 1051 382
3710 38 864 537
3710 39 1111 436
3720 33 266 506
3720 34 1051 382
3720 38 853 542
3720 39 1108 437
3730 33 269 506
3730 34 1051 382
3730 38 841 546
3730 39 1106 438
3740 33 273 506
3740 34 1051 382
3740 38 828 552
3740 39 1102 440
3750 33 277 507
3750 34 1051 382
3750 38 814 558
3750 39 1098 441
3760 33 280 508
3760 34 1051 382
3760 38 801 564
3760 39 1094 442
3770 33 284 508
3770 34 1051 382
3770 38 791 570
3770 39 1090 443
3780 33 289 508
3780 34 1051 382
3780 38 777 577
3780 39 1088 445
3790 33 295 508
3790 34 1051 382
3790 38 764 583
3790 39 1087 446
3800 33 300 509
3800 34 1051 382
3800 38 754 589
3800 39 1085 447
3810 33 306 509
3810 34 1051 382
3810 38 738 597
3810 39 1082 449
3820 33 311 509
3820 34 1051 382
3820 38 723 604
3820 39 1078 450
3830 33 317 509
3830 34 1051 382
3830 38 708 612
3830 39 1075 452
3840 33 318 509
3840 34 1051 382
3840 38 693 621
3840 39 1072 453
3850 33 318 509
3850 34 1051 382
3850 38 678 630
3850 39 1068 455
3860 33 318 509
3860 34 1051 382
3860 38 663 638
3860 39 1065 456
3870 33 317 509
3870 34 1051 382
3870 38 645 646
3870 39 1061 458
3880 33 317 509
3880 34 1051 382
3880 38 625 658
3880 39 1058 459
3890 33 317 509
3890 34 1051 382
3890 38 604 669
3890 39 1054 461
3900 33 316 509
3900 34 1052 382
3900 38 581 678
3900 39 1050 463
3910 33 316 509
3910 34 1052 382
3910 38 560 684
3910 39 1046 464
3920 33 316 509
3920 34 1052 382
3920 38 540 689
3920 39 1043 466
3930 33 317 510
3930 34 1052 382
3930 38 519 693
3930 39 1039 468
3940 33 320 510
3940 34 1052 382
3940 38 496 698
3940 39 1035 469
3950 33 323 510
3950 34 1052 382
3950 38 472 705
3950 39 1031 471
3960 33 326 510
3960 34 1052 382
3960 38 437 712
3960 39 1027 473
3970 33 329 510
3970 34 1052 382
3970 39 1023 475
3980 33 332 509
3980 34 1052 382
3980 39 1019 476
3990 33 332 510
3990 34 1052 382
3990 39 1016 478
4000 33 333 510
4000 34 1052 382
4000 39 1012 479
4010 33 334 510
4010 34 1052 382
4010 39 1009 481
4020 33 334 511
4020 34 1052 382
4020 39 1005 483
4020 42 956 711
4030 33 334 511
4030 34 1052 382
4030 39 1002 484
4030 42 977 703
4040 33 334 511
4040 34 1052 382
4040 39 999 487
4040 42 998 693
4050 33 334 511
4050 34 1052 382
4050 39 994 488
4050 42 1017 685
4060 33 332 511
4060 34 1052 382
4060 39 990 490
4060 42 1035 674
4070 33 330 511
4070 34 1052 382
4070 39 986 492
4070 42 1051 659
4080 33 329 512
4080 34 1052 382
4080 39 982 493
4080 42 1067 645
4090 33 328 512
4090 34 1052 382
4090 39 978 495
4090 42 1082 628
4100 33 328 512
4100 34 1052 382
4100 39 974 497
4100 42 1096 616
4110 33 327 512
4110 34 1052 382
4110 39 970 498
4110 42 1111 604
4120 33 326 512
4120 34 1052 382
4120 39 966 500
4120 42 1127 590
4130 33 326 512
4130 34 1052 382
4130 39 962 501
4130 42 1142 579
4140 33 326 512
4140 34 1052 382
4140 39 957 503
4140 42 1157 568
4150 33 326 512
4150 34 1052 382
4150 39 952 505
4150 42 1169 560
4160 33 326 512
4160 34 1052 382
4160 39 947 507
4160 42 1181 551
4170 33 326 512
4170 34 1052 382
4170 39 943 509
4170 42 1192 542
4180 33 326 512
4180 34 1052 382
4180 39 938 511
4180 42 1202 533
4190 33 326 511
4190 34 1052 382
4190 39 933 512
4190 42 1211 524
4200 33 326 511
4200 34 1052 382
4200 39 929 515
4200 42 1220 515
4210 33 326 511
4210 34 1052 382
4210 39 924 516
4210 42 1227 508
4220 33 325 510
4220 34 1052 382
4220 39 920 519
4220 42 1233 503
4230 33 322 510
4230 34 1052 382
4230 39 915 521
4230 42 1238 498
4240 33 320 510
4240 34 1052 382
4240 39 911 523
4240 42 1248 496
4250 33 318 510
4250 34 1052 382
4250 39 907 526
4260 33 316 510
4260 34 1052 382
4260 39 899 529
4270 33 355 510
4270 34 1052 382
4270 39 849 549
4270 40 56 280
4280 33 356 510
4280 34 1052 382
4280 39 842 552
4280 40 53 280
4290 33 356 510
4290 34 1052 382
4290 39 838 554
4290 40 49 281
4300 33 349 507
4300 34 1052 382
4300 39 833 555
4300 40 45 281
4310 33 343 505
4310 34 1052 382
4310 39 827 558
4310 40 42 281
4320 33 345 505
4320 34 1052 382
4320 39 820 561
4320 40 40 281
4330 33 348 505
4330 34 1052 382
4330 39 813 564
4330 40 37 281
4340 33 350 504
4340 34 1052 382
4340 39 807 568
4340 40 33 282
4350 33 349 502
4350 34 1052 382
4350 39 801 571
4350 40 30 282
4360 33 345 500
4360 34 1052 382
4360 39 795 574
4360 40 27 283
4370 33 340 499
4370 34 1052 382
4370 39 790 578
4370 40 23 283
4380 33 335 497
4380 34 1052 382
4380 39 785 581
4380 40 20 284
4390 33 330 496
4390 34 1052 382
4390 39 777 584
4390 40 18 284
4400 33 324 494
4400 34 1052 382
4400 39 768 587
4400 40 15 284
4410 33 317 493
4410 34 1052 382
4410 39 759 590
4410 40 12 285
4420 33 310 492
4420 34 1052 382
4420 39 751 593
4420 40 10 286
4430 33 303 491
4430 34 1052 382
4430 39 743 596
4430 40 8 285
4440 33 296 490
4440 34 1052 382
4440 39 734 600
4440 40 7 285
4450 33 289 488
4450 34 1052 382
4450 39 725 604
4450 40 6 285
4460 33 282 488
4460 34 1052 382
4460 39 716 607
4460 40 3 284
4470 33 273 485
4470 34 1052 382
4470 39 707 610
4470 40 3 282
4480 33 264 483
4480 34 1052 382
4480 39 698 614
4490 33 255 481
4490 34 1052 382
4490 39 689 618
4500 33 247 479
4500 34 1052 382
4500 39 680 621
4510 33 240 478
4510 34 1052 382
4510 39 671 625
4520 33 232 476
4520 34 1052 382
4520 39 662 628
4530 33 225 474
4530 34 1052 382
4530 39 653 632
4540 33 217 473
4540 34 1052 382
4540 39 643 636
4550 33 210 471
4550 34 1052 382
4550 39 634 640
4560 33 202 469
4560 34 1052 382
4560 39 624 644
4570 33 195 466
4570 34 1052 382
4570 39 614 649
4580 33 188 463
4580 34 1052 382
4580 39 602 655
4590 33 180 462
4590 34 1052 382
4590 39 587 661
4600 33 173 460
4600 34 1052 382
4600 39 571 667
4610 33 166 459
4610 34 1052 382
4610 39 555 672
4620 33 160 457
4620 34 1052 382
4620 39 537 678
4630 33 153 456
4630 34 1052 382
4630 39 519 683
4640 33 146 454
4640 34 1052 382
4640 39 502 687
4650 33 138 453
4650 34 1051 382
4650 39 485 690
4660 33 129 452
4660 34 1051 382
4660 39 467 692
4670 33 124 451
4670 34 1051 382
4670 39 450 695
4680 33 121 451
4680 34 1051 382
4680 39 431 698
4690 34 1051 382
4690 39 411 700
4700 34 1051 382
4700 39 392 703
4710 34 1051 382
4710 39 373 706
4720 34 1051 382
4720 39 351 708
4730 34 1051 382
4730 39 329 711
4740 34 1051 382
4750 34 1051 382
4760 34 1051 382
4770 34 1051 382
4780 34 1051 382
4790 34 1051 382
4800 34 1051 382
4810 34 1051 382
4820 34 1051 382
4830 34 1051 382
4840 34 1051 382
4850 34 1051 382
4860 34 1051 382
4870 34 1051 382
4880 34 1051 382
4890 34 1051 382
4900 34 1051 382
4910 34 1051 382
4920 34 1051 382
4930 34 1051 382
4940 34 1051 382
4950 34 1051 382
4950 41 1271 513
4960 34 1051 382
4960 41 1270 516
4970 34 1051 382
4970 41 1269 517
4980 34 1051 382
4980 41 1268 520
4990 34 1051 382
4990 41 1267 521
5000 34 1050 382
5000 41 1266 523
5010 34 1050 382
5010 41 1264 525
5020 34 1050 382
5020 41 1262 527
5030 34 1050 382
5030 41 1260 529
5040 34 1050 382
5040 41 1257 532
5050 34 1050 382
5050 41 1254 534
5060 34 1050 382
5060 41 1251 537
5070 34 1050 382
5070 41 1248 540
5080 34 1050 382
5080 41 1244 543
5090 34 1050 382
5090 41 1243 545
5100 34 1050 382
5100 41 1241 548
5110 34 1050 382
5110 41 1238 552
5120 34 1050 382
5120 41 1234 555
5130 34 1050 382
5130 41 1231 558
5140 34 1050 382
5140 41 1228 561
5150 34 1050 382
5150 41 1225 565
5160 34 1050 382
5160 41 1221 568
5170 34 1050 382
5170 41 1218 571
5180 34 1050 382
5180 41 1215 574
5190 34 1050 382
5190 41 1211 577
5200 34 1050 382
5200 41 1207 579
5210 34 1050 382
5210 41 1204 582
5220 34 1050 382
5220 41 1200 584
5230 34 1050 382
5230 41 1196 587
5240 34 1050 382
5240 41 1193 591
5250 34 1050 382
5250 41 1189 594
5260 34 1050 382
5260 41 1185 598
5270 34 1050 382
5270 41 1182 601
5280 34 1050 382
5280 41 1179 605
5290 34 1050 382
5290 41 1176 610
5300 34 1050 382
5300 41 1172 613
5310 34 1050 382
5310 41 1168 616
5320 34 1050 382
5320 41 1167 619
5330 34 1050 382
5330 41 1164 622
5340 34 1050 382
5340 41 1159 627
5350 34 1049 382
5350 41 1155 631
5360 34 1046 382
5360 41 1152 636
5370 34 1044 383
5370 41 1149 640
5380 34 1041 383
5380 41 1146 645
5390 34 1039 382
5390 41 1143 649
5400 34 1039 381
5400 41 1140 654
5410 34 1039 381
5410 41 1140 659
5420 34 1040 381
5420 41 1135 666
5430 34 1042 381
5430 41 1131 673
5440 34 1044 381
5440 41 1124 678
5450 34 1046 382
5450 41 1120 682
5460 34 1048 383
5460 41 1115 685
5470 34 1049 383
5470 41 1109 687
5480 34 1049 383
5480 41 1104 689
5490 34 1050 383
5490 41 1098 691
5500 34 1051 383
5500 41 1093 694
5510 34 1051 383
5510 41 1089 697
5520 34 1052 383
5520 41 1084 700
5530 34 1052 383
5530 41 1080 703
5540 34 1052 383
5540 41 1075 705
5550 34 1052 383
5550 41 1069 706
5560 34 1052 383
5560 41 1064 709
5570 34 1052 383
5570 41 1060 712
5580 34 1052 383
5590 34 1052 383
5600 34 1051 383
5610 34 1051 383
5620 34 1051 383
5630 34 1051 383
5640 34 1051 383
5650 34 1051 383
5660 34 1051 383
5670 34 1051 383
5680 34 1051 383
5690 34 1051 383
5700 34 1051 383
5710 34 1051 383
5720 34 1051 383
5730 34 1051 383
5740 34 1051 383
5750 34 1051 383
5760 34 1051 383
5770 34 1051 383
5780 34 1051 383
5790 34 1051 383
5800 34 1051 383
5810 34 1051 383
5820 34 1051 383
5830 34 1050 383
5840 34 1050 383
5850 34 1050 383
5860 34 1050 383
5870 34 1050 383
5880 34 1050 383
5890 34 1050 383
5900 34 1050 383
5910 34 1050 383
5920 34 1050 383
5930 34 1050 383
5940 34 1050 383
5950 34 1050 383
5960 34 1050 383
5970 34 1050 383
5980 34 1050 383
5990 34 1050 383
6000 34 1050 383
6010 34 1050 383
6020 34 1050 383
6030 34 1050 383
6040 34 1050 383
6050 34 1050 383
6060 34 1048 382
6070 34 1047 382
6080 34 1045 382
6090 34 1044 382
6100 34 1041 382
6110 34 1037 382
6120 34 1033 382
6130 34 1028 382
6140 34 1022 382
6150 34 1020 382
6160 34 1018 382
6170 34 1017 383
6180 34 1020 383
6190 34 1023 384
6200 34 1029 385
6210 34 1033 387
6220 34 1038 388
6230 34 1043 388
6240 34 1053 389
6250 34 1062 391
6260 34 1069 392
6270 34 1076 392
6280 34 1078 393
6290 34 1079 393
6300 34 1080 393
6310 34 1077 394
6320 34 1074 394
6330 34 1070 394
6340 34 1067 395
6350 34 1063 395
6360 34 1058 395
6370 34 1054 395
6380 34 1050 395
6390 34 1045 395
6400 34 1042 396
6410 34 1039 396
6420 34 1036 396
6430 34 1033 396
6440 34 1034 396
6450 34 1037 396
6460 34 1042 396
6470 34 1045 396
6480 34 1052 397
6490 34 1060 399
6500 34 1067 400
6510 34 1076 399
6520 34 1084 399
6530 34 1092 400
6540 34 1101 403
6550 34 1110 405
6560 34 1118 406
6570 34 1128 405
6580 34 1138 405
6590 34 1147 405
6600 34 1156 405
6610 34 1165 406
6620 34 1175 407
6630 34 1185 407
6640 34 1191 407
7050 44 988 334
7060 44 988 334
7070 44 989 334
7080 44 989 334
7090 44 989 334
7100 44 990 333
7110 44 990 332
7120 44 989 332
7130 44 988 332
7140 44 987 331
7150 44 984 330
7160 44 982 330
7170 44 982 330
7180 44 982 330
7190 44 982 330
7200 44 982 330
7210 44 982 330
7220 44 982 330
7230 44 983 330
7240 44 983 330
