0 0 1360 597
0 1 1726 889
0 2 1231 440
0 28 917 1013
0 59 1293 503
0 66 1705 1001
0 68 964 1011
0 103 877 53
10 0 1368 599
10 1 1686 902
10 2 1237 445
10 28 895 1013
10 59 1298 509
10 66 1705 1009
10 68 937 1009
10 103 877 53
20 0 1373 610
20 1 1651 907
20 2 1242 453
20 28 874 1013
20 59 1306 517
20 66 1707 1018
20 68 913 1006
20 103 877 53
30 0 1376 626
30 1 1622 907
30 2 1247 461
30 28 853 1010
30 59 1311 522
30 66 1713 1027
30 68 889 1006
30 103 877 53
40 0 1384 634
40 1 1595 913
40 2 1253 466
40 28 829 1010
40 59 1319 530
40 66 1717 1037
40 68 865 1009
40 103 877 53
50 0 1389 645
50 1 1566 918
50 2 1258 474
50 28 807 1010
50 59 1325 535
50 66 1719 1046
50 68 844 1011
50 103 877 55
60 0 1397 655
60 1 1537 923
60 2 1263 482
60 28 781 1014
60 59 1333 543
60 66 1730 1053
60 68 815 1014
60 103 877 55
70 0 1413 661
70 1 1507 926
70 2 1266 488
70 28 754 1019
70 59 1338 551
70 66 1741 1059
70 68 790 1017
70 103 877 55
80 0 1426 669
80 1 1478 931
80 2 1271 496
80 28 727 1019
80 59 1343 557
80 66 1754 1063
80 68 766 1019
80 103 877 55
90 0 1437 677
90 1 1451 934
90 2 1277 504
90 28 703 1019
90 59 1349 565
90 66 1767 1066
90 68 742 1022
90 103 877 58
100 0 1442 685
100 1 1427 939
100 2 1282 509
100 28 677 1019
100 59 1354 573
100 68 718 1025
100 103 877 58
110 0 1450 693
110 1 1401 942
110 2 1287 517
110 28 653 1021
110 59 1359 581
110 68 691 1027
110 103 877 58
120 0 1456 703
120 1 1377 945
120 2 1293 522
120 28 626 1023
120 59 1365 586
120 68 665 1029
120 103 877 58
130 0 1464 711
130 1 1353 947
130 2 1301 530
130 28 602 1025
130 59 1370 591
130 68 638 1030
130 103 879 61
140 0 1472 726
140 1 1328 947
140 2 1306 536
140 28 575 1027
140 59 1375 597
140 68 611 1033
140 103 879 61
140 135 582 1050
150 0 1480 741
150 1 1302 947
150 2 1314 544
150 28 554 1029
150 59 1381 602
150 60 285 15
150 68 587 1034
150 103 879 63
150 135 632 1055
160 0 1490 751
160 1 1281 950
160 2 1319 549
160 28 541 1031
160 59 1389 610
160 60 306 13
160 68 573 1037
160 103 882 66
160 135 687 1063
170 0 1501 759
170 1 1262 958
170 2 1327 552
170 59 1399 621
170 60 327 13
170 68 547 1041
170 103 882 66
170 135 746 1067
180 0 1512 767
180 1 1241 963
180 2 1335 557
180 59 1410 631
180 60 351 13
180 103 885 69
190 0 1525 778
190 1 1217 969
190 2 1341 560
190 59 1418 642
190 60 375 16
190 103 885 71
200 0 1536 789
200 1 1190 974
200 2 1349 565
200 59 1426 650
200 60 399 17
200 103 887 71
210 0 1546 797
210 1 1166 977
210 2 1354 570
210 59 1431 658
210 60 426 18
210 103 887 74
220 0 1560 807
220 1 1139 982
220 2 1362 576
220 59 1437 666
220 60 453 21
220 103 887 74
230 0 1570 815
230 1 1113 987
230 2 1367 581
230 59 1442 674
230 60 474 22
230 103 890 79
240 0 1584 829
240 1 1087 990
240 2 1373 592
240 59 1450 682
240 60 496 24
240 103 893 85
250 0 1594 839
250 1 1061 992
250 2 1375 602
250 59 1458 687
250 60 515 24
250 103 893 87
260 0 1605 850
260 1 1034 993
260 2 1381 613
260 59 1466 695
260 60 534 26
260 103 895 93
270 0 1618 863
270 1 1007 994
270 2 1383 626
270 59 1474 701
270 60 550 29
270 103 898 98
280 0 1629 874
280 1 981 996
280 2 1393 645
280 59 1479 701
280 60 566 32
280 103 898 101
290 0 1640 885
290 1 953 998
290 2 1401 656
290 59 1485 709
290 60 587 33
290 103 901 103
300 0 1650 895
300 1 923 998
300 2 1411 666
300 59 1493 719
300 60 611 36
300 103 901 103
310 0 1657 903
310 1 894 996
310 2 1422 677
310 59 1500 730
310 60 629 36
310 103 901 104
320 0 1666 914
320 1 865 993
320 2 1429 679
320 59 1509 741
320 60 647 38
320 103 902 105
330 0 1676 925
330 1 837 993
330 2 1437 685
330 59 1517 751
330 60 668 38
330 103 903 107
340 0 1685 934
340 1 807 993
340 2 1445 690
340 59 1526 762
340 60 687 41
340 102 760 651
340 103 906 112
350 0 1698 948
350 1 781 998
350 2 1455 695
350 59 1534 773
350 60 709 41
350 102 758 649
350 103 906 114
360 0 1710 958
360 1 754 1006
360 2 1466 703
360 59 1545 782
360 60 730 41
360 102 753 649
360 103 909 117
370 0 1722 972
370 1 722 1009
370 2 1474 711
370 59 1556 790
370 60 757 46
370 102 753 653
370 103 911 117
380 0 1736 982
380 1 693 1012
380 2 1485 719
380 59 1569 798
380 60 783 52
380 102 748 660
380 103 911 117
390 0 1749 996
390 1 663 1014
390 2 1495 725
390 59 1580 806
390 60 802 54
390 102 745 667
390 103 914 120
400 0 1762 1006
400 1 631 1012
400 2 1505 733
400 59 1590 817
400 60 818 57
400 102 742 674
400 103 914 125
410 0 1773 1014
410 1 602 1012
410 2 1514 743
410 59 1601 825
410 60 837 60
410 102 737 677
410 103 914 128
420 0 1784 1024
420 1 573 1012
420 2 1522 751
420 59 1609 835
420 60 853 62
420 102 734 679
420 103 914 130
430 0 1794 1031
430 1 543 1017
430 2 1531 759
430 59 1617 846
430 60 866 65
430 102 734 685
430 103 911 130
440 0 1800 1031
440 2 1542 770
440 59 1625 857
440 60 882 65
440 102 740 690
440 103 911 134
450 0 1805 1031
450 2 1553 778
450 59 1633 865
450 60 893 68
450 102 742 695
450 103 912 140
460 0 1810 1034
460 2 1563 789
460 59 1637 870
460 60 901 76
460 102 745 701
460 103 912 144
470 0 1813 1037
470 2 1574 797
470 59 1643 878
470 60 906 81
470 102 750 706
470 103 912 145
480 0 1818 1039
480 2 1582 805
480 59 1649 883
480 60 914 86
480 102 753 711
480 103 912 146
490 0 1824 1042
490 2 1593 815
490 59 1654 891
490 60 919 92
490 102 759 717
490 103 912 146
500 0 1826 1045
500 2 1601 825
500 59 1659 897
500 60 925 97
500 102 767 722
500 103 912 146
510 0 1829 1050
510 2 1609 834
510 59 1670 910
510 60 929 102
510 102 774 730
510 103 912 146
520 0 1824 1057
520 2 1617 843
520 59 1681 923
520 60 934 105
520 102 784 735
520 103 911 145
530 0 1824 1059
530 2 1627 854
530 59 1689 934
530 60 938 110
530 102 790 743
530 103 910 145
540 2 1635 864
540 59 1694 945
540 60 942 113
540 102 803 743
540 103 910 144
550 2 1643 872
550 59 1699 953
550 60 945 118
550 102 819 741
550 103 909 144
560 2 1653 880
560 59 1705 961
560 60 947 124
560 102 833 741
560 103 909 143
570 2 1659 885
570 59 1720 970
570 60 950 129
570 102 846 741
570 103 908 143
580 2 1667 893
580 59 1736 979
580 60 953 134
580 102 857 741
580 103 908 142
590 2 1675 904
590 59 1750 989
590 60 958 140
590 102 870 741
590 103 907 142
600 2 1686 914
600 59 1763 998
600 60 963 148
600 102 891 738
600 103 907 141
610 2 1698 922
610 59 1770 1003
610 60 969 151
610 102 903 738
610 103 906 141
620 2 1711 933
620 59 1778 1010
620 60 974 155
620 102 909 735
620 103 906 141
630 2 1724 941
630 59 1787 1015
630 60 979 161
630 102 917 733
630 103 905 140
640 2 1737 952
640 59 1795 1022
640 60 985 165
640 102 917 727
640 103 905 140
650 2 1750 960
650 59 1801 1025
650 60 992 170
650 102 911 722
650 103 904 139
660 2 1769 965
660 59 1803 1025
660 60 997 174
660 102 905 717
660 103 904 138
670 2 1785 973
670 59 1803 1025
670 60 1002 179
670 102 898 711
670 103 903 138
680 2 1801 981
680 59 1806 1025
680 60 1009 183
680 102 898 709
680 103 903 138
690 2 1825 986
690 59 1809 1025
690 60 1016 189
690 102 898 706
690 103 903 138
700 2 1846 992
700 59 1811 1025
700 60 1021 194
700 102 898 703
700 103 903 139
710 2 1868 1000
710 59 1811 1025
710 60 1024 199
710 102 898 701
710 103 903 141
720 2 1889 1010
720 59 1811 1025
720 60 1029 205
720 102 898 701
720 103 903 141
730 2 1902 1016
730 59 1814 1025
730 60 1034 210
730 102 900 703
730 103 903 141
740 59 1814 1025
740 60 1040 215
740 102 901 706
740 103 903 141
750 59 1817 1025
750 60 1045 221
750 102 903 710
750 103 903 141
760 59 1819 1025
760 60 1050 229
760 102 905 713
760 103 903 141
770 59 1822 1025
770 60 1056 234
770 102 907 717
770 103 903 142
780 59 1833 1026
780 60 1058 239
780 102 909 720
780 103 903 142
790 59 1843 1027
790 60 1061 245
790 102 913 725
790 103 903 143
800 59 1854 1027
800 60 1064 250
800 102 909 725
800 103 903 145
810 59 1869 1025
810 60 1066 255
810 102 907 728
810 103 903 145
820 59 1882 1021
820 60 1069 261
820 102 903 730
820 103 905 145
830 59 1895 1019
830 60 1072 266
830 102 902 730
830 103 905 145
840 59 1901 1026
840 60 1077 271
840 102 899 733
840 103 906 145
850 59 1905 1031
850 60 1080 279
850 102 896 736
850 103 903 143
860 60 1085 287
860 102 891 744
860 103 903 142
870 60 1088 293
870 102 884 743
870 103 901 142
880 60 1090 301
880 102 871 743
880 103 901 141
890 60 1096 306
890 102 869 743
890 103 901 141
900 60 1098 309
900 102 866 745
900 103 898 141
910 60 1104 314
910 102 866 742
910 103 897 140
920 60 1109 319
920 102 866 742
920 103 897 138
930 60 1118 329
930 102 866 742
930 103 889 138
940 60 1123 332
940 102 866 742
950 60 1131 337
950 102 868 742
960 60 1137 340
960 102 868 742
970 60 1145 346
970 102 868 742
980 60 1150 353
980 102 868 742
990 60 1155 360
990 102 868 742
1000 60 1161 365
1000 102 869 742
1010 60 1169 372
1010 102 869 742
1020 60 1174 378
1020 102 869 742
1030 60 1179 385
1030 102 869 742
1040 60 1187 392
1040 102 869 742
1050 60 1193 397
1050 102 870 742
1060 60 1201 402
1060 102 870 742
1070 60 1206 408
1070 102 870 742
1080 60 1211 413
1080 102 870 742
1090 60 1219 418
1090 102 872 742
1100 60 1225 426
1100 102 872 742
1110 60 1233 432
1110 102 872 742
1120 60 1238 437
1120 102 872 742
1130 60 1246 442
1130 102 872 742
1140 60 1254 448
1140 102 873 742
1150 60 1259 453
1150 102 873 742
1160 60 1267 458
1160 102 873 742
1170 60 1275 464
1170 102 873 742
1180 60 1281 472
1180 102 873 742
1190 60 1289 477
1190 102 873 739
1200 60 1295 488
1200 102 881 738
1210 60 1301 494
1210 102 881 738
1220 60 1308 503
1220 102 881 738
1230 60 1316 513
1230 102 881 737
1240 60 1321 522
1240 102 881 737
1250 60 1327 530
1250 102 881 737
1260 60 1335 539
1260 102 881 737
1270 60 1341 549
1270 102 881 737
1280 60 1347 557
1280 102 881 737
1290 60 1355 566
1290 102 881 737
1300 60 1361 573
1300 102 881 737
1310 60 1363 581
1310 102 881 737
1320 60 1369 586
1320 102 881 737
1330 60 1371 594
1330 102 881 737
1340 60 1377 599
1340 102 881 737
1350 60 1382 607
1350 102 878 737
1360 60 1385 613
1360 102 878 737
1370 60 1393 621
1370 102 875 737
1380 60 1401 629
1380 102 875 737
1390 60 1406 634
1390 102 875 737
1400 60 1414 642
1400 102 873 737
1410 60 1422 650
1410 102 873 737
1420 60 1429 657
1420 102 870 737
1430 60 1435 663
1430 102 870 737
1440 60 1443 671
1440 102 867 737
1450 56 1903 1041
1450 60 1450 678
1450 102 867 737
1460 56 1891 1035
1460 60 1458 686
1460 102 867 737
1470 56 1873 1031
1470 60 1465 693
1470 102 867 737
1480 56 1851 1027
1480 60 1471 700
1480 102 867 737
1490 56 1831 1023
1490 60 1479 708
1490 102 867 737
1500 56 1818 1013
1500 60 1485 716
1500 102 867 737
1510 56 1805 1002
1510 60 1494 722
1510 102 866 737
1520 56 1791 993
1520 60 1505 729
1520 102 866 737
1530 56 1778 985
1530 60 1515 736
1530 102 866 737
1540 56 1765 975
1540 60 1526 744
1540 102 866 737
1550 56 1751 967
1550 60 1537 750
1550 102 866 737
1560 56 1738 958
1560 60 1547 757
1560 102 865 737
1570 56 1725 949
1570 60 1559 765
1570 102 865 737
1580 56 1711 941
1580 60 1570 773
1580 102 865 737
1590 56 1698 931
1590 60 1581 781
1590 102 865 737
1600 56 1686 923
1600 60 1591 789
1600 102 865 737
1610 56 1673 915
1610 60 1602 797
1610 102 863 737
1620 56 1662 907
1620 60 1613 805
1620 102 863 737
1630 56 1651 899
1630 60 1623 813
1630 102 863 737
1640 56 1641 891
1640 60 1634 821
1640 102 863 737
1650 56 1630 883
1650 60 1647 831
1650 102 863 737
1660 56 1619 875
1660 60 1655 839
1660 102 862 737
1670 56 1609 867
1670 60 1666 847
1670 102 862 737
1680 56 1595 859
1680 60 1674 858
1680 102 862 737
1690 56 1585 851
1690 60 1685 866
1690 102 862 737
1700 56 1574 843
1700 60 1693 877
1700 102 862 737
1710 56 1563 835
1710 60 1703 885
1710 102 861 737
1720 56 1553 827
1720 60 1714 895
1720 102 861 737
1730 56 1542 819
1730 60 1722 903
1730 102 861 737
1740 56 1531 814
1740 60 1730 914
1740 102 861 736
1750 56 1523 805
1750 60 1741 925
1750 102 862 737
1760 56 1515 797
1760 60 1749 935
1760 102 863 737
1770 56 1507 789
1770 60 1759 946
1770 102 864 737
1780 56 1499 779
1780 60 1767 957
1780 102 865 737
1790 56 1491 771
1790 60 1778 967
1790 102 866 737
1800 56 1486 765
1800 60 1794 975
1800 102 867 737
1810 56 1480 756
1810 60 1811 986
1810 102 868 737
1820 56 1475 749
1820 60 1830 998
1820 102 868 737
1830 56 1471 742
1830 60 1850 1009
1830 102 868 738
1840 56 1465 736
1840 60 1875 1021
1840 102 869 738
1850 56 1461 729
1850 60 1899 1033
1850 102 869 738
1860 56 1457 722
1860 60 1911 1039
1860 102 869 739
1870 56 1453 716
1870 102 870 739
1880 56 1445 708
1880 102 875 739
1890 56 1440 702
1890 102 883 739
1900 56 1434 694
1900 102 894 739
1910 56 1426 689
1910 102 905 739
1920 56 1421 681
1920 102 913 737
1930 56 1416 676
1930 102 921 734
1940 56 1408 668
1940 102 923 729
1950 56 1402 662
1950 102 915 729
1960 56 1397 654
1960 102 910 728
1970 56 1389 649
1970 102 907 722
1980 56 1384 641
1980 102 907 722
1990 56 1378 636
1990 102 907 722
2000 56 1373 628
2000 102 907 722
2010 56 1365 622
2010 102 907 722
2020 56 1360 614
2020 102 907 722
2030 56 1354 609
2030 102 907 722
2040 56 1349 601
2040 102 907 719
2050 56 1344 596
2050 102 910 717
2060 56 1341 588
2060 102 915 716
2070 56 1336 582
2070 102 915 714
2080 56 1333 574
2080 102 915 713
2090 56 1328 569
2090 102 907 707
2100 56 1325 564
2100 102 902 703
2110 56 1321 556
2110 102 897 700
2120 56 1317 549
2120 102 892 695
2130 55 893 132
2130 56 1316 542
2130 102 886 693
2140 55 895 130
2140 56 1311 535
2140 102 886 693
2150 55 901 134
2150 56 1307 527
2150 102 889 693
2160 55 903 137
2160 56 1306 522
2160 102 891 693
2170 55 909 138
2170 56 1301 517
2170 102 891 695
2180 55 909 136
2180 56 1296 511
2180 102 894 695
2190 55 906 133
2190 56 1290 506
2190 102 897 695
2200 55 906 130
2200 56 1285 501
2200 102 899 698
2210 55 906 128
2210 56 1280 495
2210 102 897 698
2220 55 903 125
2220 56 1277 490
2220 102 897 698
2230 55 903 125
2230 56 1272 485
2230 102 897 698
2240 55 901 122
2240 56 1266 479
2240 102 894 698
2250 55 901 122
2250 56 1261 474
2250 102 894 698
2260 55 901 122
2260 56 1256 469
2260 102 894 698
2270 55 901 122
2270 56 1250 463
2270 102 905 706
2280 55 901 125
2280 56 1248 458
2280 102 915 716
2290 55 901 125
2290 56 1242 450
2290 102 914 718
2300 55 898 125
2300 56 1240 445
2300 102 914 721
2310 55 898 125
2310 56 1234 439
2310 102 915 726
2320 55 895 122
2320 56 1232 434
2320 102 913 726
2330 55 895 122
2330 56 1226 429
2330 102 913 729
2340 55 895 120
2340 56 1224 421
2340 102 910 729
2350 55 895 120
2350 56 1218 415
2350 102 910 732
2360 55 895 120
2360 56 1216 410
2360 102 901 734
2370 55 895 120
2370 56 1210 405
2370 102 891 737
2380 55 895 120
2380 56 1208 399
2380 102 875 740
2390 55 895 120
2390 56 1205 394
2390 102 862 742
2400 55 895 120
2400 56 1197 386
2400 102 843 742
2410 55 895 120
2410 56 1189 380
2410 102 830 741
2420 55 895 120
2420 56 1182 374
2420 102 817 741
2430 55 895 120
2430 56 1174 369
2430 102 803 741
2440 55 895 120
2440 56 1167 362
2440 102 794 739
2450 55 895 120
2450 56 1159 357
2450 102 789 734
2460 55 895 122
2460 56 1153 351
2460 102 784 731
2470 55 895 122
2470 56 1145 345
2470 102 781 729
2480 55 895 122
2480 56 1138 339
2480 102 776 726
2490 55 895 122
2490 56 1132 334
2490 102 773 723
2500 55 895 122
2500 56 1125 328
2500 102 768 721
2510 55 895 122
2510 56 1119 322
2510 102 765 718
2520 19 1030 1061
2520 55 895 125
2520 56 1117 317
2520 102 765 715
2530 19 1017 1058
2530 55 895 125
2530 56 1111 314
2530 102 765 713
2540 19 1004 1054
2540 55 895 125
2540 56 1109 309
2540 102 765 713
2550 19 990 1050
2550 55 895 125
2550 56 1106 304
2550 102 765 710
2560 19 977 1045
2560 55 895 125
2560 56 1103 298
2560 102 765 710
2570 19 964 1041
2570 55 895 125
2570 56 1101 293
2570 102 768 710
2580 19 948 1037
2580 55 898 128
2580 56 1095 288
2580 102 768 710
2590 19 929 1033
2590 55 898 128
2590 56 1093 282
2590 102 768 710
2600 19 913 1030
2600 55 898 130
2600 56 1090 277
2600 102 769 710
2610 19 895 1026
2610 55 899 130
2610 56 1087 272
2610 102 769 710
2620 19 877 1022
2620 55 899 130
2620 56 1085 266
2620 102 769 710
2630 19 861 1015
2630 55 899 133
2630 56 1082 264
2630 102 770 710
2640 19 843 1007
2640 55 899 133
2640 56 1077 258
2640 102 770 710
2650 19 825 999
2650 55 902 136
2650 56 1074 253
2650 102 770 710
2660 19 809 994
2660 55 902 138
2660 56 1071 248
2660 102 772 710
2670 19 795 989
2670 55 902 138
2670 56 1069 242
2670 102 772 712
2680 19 782 983
2680 55 902 141
2680 56 1066 240
2680 102 772 712
2690 19 774 975
2690 55 902 144
2690 56 1063 237
2690 102 772 712
2700 19 769 965
2700 55 902 144
2700 56 1063 234
2700 102 772 712
2710 19 763 955
2710 55 902 144
2710 56 1058 229
2710 102 770 712
2720 19 758 947
2720 55 902 144
2720 56 1055 224
2720 102 769 712
2730 19 755 938
2730 55 905 144
2730 56 1050 221
2730 102 768 712
2740 19 750 930
2740 55 905 144
2740 56 1047 216
2740 102 768 712
2750 19 747 921
2750 55 906 144
2750 56 1045 211
2750 102 769 713
2760 19 742 913
2760 55 907 146
2760 56 1039 208
2760 102 769 713
2770 19 739 903
2770 55 909 146
2770 56 1037 202
2770 102 769 713
2780 19 734 895
2780 55 910 146
2780 56 1033 198
2780 102 770 713
2790 19 731 886
2790 55 911 146
2790 56 1029 194
2790 102 770 713
2800 19 729 878
2800 55 911 146
2800 56 1026 190
2800 102 773 714
2810 19 723 869
2810 55 917 149
2810 56 1022 185
2810 102 773 714
2820 19 721 860
2820 55 921 149
2820 56 1018 181
2820 102 773 714
2830 19 718 850
2830 55 918 144
2830 56 1014 177
2830 102 776 717
2840 19 715 842
2840 55 918 144
2840 56 1012 171
2840 102 776 717
2850 19 713 831
2850 55 915 141
2850 56 1007 169
2850 102 776 717
2860 19 710 823
2860 55 915 141
2860 56 1004 163
2860 102 778 720
2870 19 707 815
2870 55 913 138
2870 56 1001 158
2870 102 778 720
2880 19 699 807
2880 55 910 136
2880 56 996 155
2880 102 779 721
2890 19 691 802
2890 55 907 133
2890 56 993 150
2890 102 779 721
2900 19 683 794
2900 55 905 130
2900 56 990 147
2900 102 778 721
2910 19 678 786
2910 55 902 128
2910 56 985 142
2910 102 777 720
2920 19 670 770
2920 55 899 125
2920 56 982 137
2920 102 777 721
2930 19 665 757
2930 55 897 122
2930 56 977 131
2930 102 777 723
2940 19 665 751
2940 55 894 122
2940 56 974 129
2940 102 778 729
2950 19 665 743
2950 55 889 117
2950 56 969 123
2950 102 781 733
2960 19 662 735
2960 55 881 112
2960 56 966 118
2960 102 786 733
2970 19 662 727
2970 55 881 109
2970 56 961 115
2970 102 794 735
2980 19 659 722
2980 55 878 104
2980 56 958 110
2980 102 800 738
2990 19 659 714
2990 55 878 98
2990 56 953 105
2990 102 805 738
3000 19 659 706
3000 55 878 96
3000 56 950 102
3000 102 813 738
3010 19 662 697
3010 55 877 90
3010 56 946 97
3010 102 813 738
3020 19 667 690
3020 55 877 86
3020 56 943 94
3020 102 816 738
3030 19 672 682
3030 55 877 82
3030 56 941 90
3030 102 818 738
3040 19 677 675
3040 55 877 78
3040 56 938 86
3040 102 818 738
3050 19 682 667
3050 47 1897 1013
3050 55 877 74
3050 56 935 82
3050 102 821 738
3060 19 685 661
3060 47 1878 1010
3060 55 877 70
3060 56 933 80
3060 102 824 738
3070 19 690 653
3070 47 1861 1008
3070 55 877 65
3070 56 930 75
3070 102 825 738
3080 19 694 646
3080 47 1845 1008
3080 55 876 62
3080 56 927 72
3080 102 826 738
3090 19 699 638
3090 47 1827 1005
3090 55 873 58
3090 56 925 66
3090 102 829 738
3100 19 702 630
3100 47 1811 1002
3100 55 870 54
3100 56 922 64
3100 102 830 738
3110 19 705 622
3110 41 1906 1027
3110 47 1797 1000
3110 55 868 50
3110 56 918 58
3110 102 833 738
3120 19 707 614
3120 41 1893 1019
3120 47 1782 997
3120 55 865 47
3120 56 916 56
3120 102 834 738
3130 19 710 606
3130 40 1902 1012
3130 41 1879 1019
3130 47 1767 994
3130 55 862 45
3130 56 913 50
3130 102 835 738
3140 19 710 598
3140 40 1876 1007
3140 41 1866 1019
3140 47 1753 992
3140 55 857 41
3140 56 910 48
3140 102 838 738
3150 19 713 590
3150 40 1855 1005
3150 41 1853 1019
3150 47 1742 992
3150 55 854 37
3150 56 905 43
3150 102 840 738
3160 19 715 582
3160 40 1835 1002
3160 41 1839 1019
3160 47 1734 992
3160 55 852 34
3160 56 900 42
3160 102 842 738
3170 19 715 577
3170 40 1816 999
3170 41 1827 1019
3170 47 1726 992
3170 55 846 33
3170 56 894 39
3170 102 843 738
3180 19 713 569
3180 40 1795 997
3180 41 1814 1019
3180 47 1718 992
3180 55 844 32
3180 56 892 37
3180 102 846 738
3190 19 710 564
3190 40 1778 991
3190 41 1806 1019
3190 47 1710 992
3190 51 1895 853
3190 55 838 30
3190 56 886 35
3190 102 848 738
3200 19 707 556
3200 40 1760 989
3200 41 1801 1019
3200 47 1702 992
3200 51 1893 856
3200 55 833 30
3200 56 881 33
3200 102 849 738
3210 19 705 550
3210 40 1739 983
3210 41 1795 1019
3210 47 1694 994
3210 51 1890 859
3210 55 830 29
3210 56 878 30
3210 102 851 738
3220 19 702 542
3220 40 1721 981
3220 41 1792 1019
3220 47 1691 990
3220 51 1889 859
3220 55 825 26
3220 56 873 29
3220 102 854 738
3230 19 699 537
3230 40 1702 975
3230 41 1786 1019
3230 47 1691 989
3230 51 1887 858
3230 55 820 25
3230 56 868 26
3230 102 854 738
3240 19 697 529
3240 40 1685 973
3240 41 1782 1019
3240 47 1691 988
3240 51 1886 857
3240 55 817 24
3240 56 865 24
3240 102 854 740
3250 19 694 524
3250 40 1674 970
3250 41 1777 1019
3250 47 1691 986
3250 51 1885 855
3250 55 812 22
3250 56 860 21
3250 102 851 740
3260 19 691 518
3260 40 1663 967
3260 41 1777 1018
3260 47 1691 985
3260 51 1884 854
3260 55 809 21
3260 56 857 18
3260 102 851 740
3270 19 683 510
3270 40 1655 965
3270 41 1777 1015
3270 47 1691 984
3270 51 1883 852
3270 55 804 20
3270 56 852 16
3270 102 849 740
3280 19 678 505
3280 40 1645 962
3280 41 1777 1014
3280 47 1691 984
3280 51 1882 851
3280 55 798 16
3280 56 846 13
3280 102 846 740
3290 19 670 497
3290 40 1639 962
3290 41 1777 1013
3290 47 1691 984
3290 51 1881 849
3290 55 793 10
3290 56 846 12
3290 102 846 740
3300 19 665 492
3300 40 1639 962
3300 41 1777 1016
3300 47 1691 984
3300 51 1880 848
3300 55 788 6
3300 102 843 740
3310 19 658 482
3310 40 1639 961
3310 41 1774 1014
3310 47 1690 984
3310 51 1879 848
3310 102 841 740
3320 19 653 476
3320 40 1639 962
3320 41 1774 1014
3320 47 1690 985
3320 51 1879 848
3320 102 841 740
3330 19 648 470
3330 40 1639 962
3330 41 1774 1014
3330 47 1690 985
3330 51 1879 848
3330 102 841 739
3340 19 640 462
3340 40 1639 962
3340 41 1773 1014
3340 47 1689 986
3340 51 1878 848
3340 102 841 739
3350 19 634 457
3350 40 1639 962
3350 41 1771 1014
3350 47 1689 986
3350 51 1878 849
3350 102 841 739
3360 19 634 452
3360 40 1639 964
3360 41 1771 1014
3360 47 1689 988
3360 51 1878 849
3360 102 841 739
3370 19 634 466
3370 40 1642 965
3370 41 1770 1014
3370 47 1687 988
3370 51 1877 849
3370 102 842 738
3380 19 624 458
3380 40 1639 965
3380 41 1770 1014
3380 47 1687 989
3380 51 1877 849
3380 102 842 738
3390 19 618 438
3390 40 1639 965
3390 41 1769 1014
3390 47 1687 990
3390 51 1877 850
3390 102 842 738
3400 19 613 438
3400 40 1639 965
3400 41 1769 1014
3400 47 1685 990
3400 51 1876 850
3400 102 843 738
3410 19 608 438
3410 39 1890 1015
3410 40 1637 965
3410 41 1767 1014
3410 47 1683 990
3410 51 1876 850
3410 102 843 738
3420 19 605 438
3420 39 1869 1013
3420 40 1637 965
3420 41 1767 1015
3420 47 1683 990
3420 51 1876 850
3420 102 843 738
3430 19 600 426
3430 39 1840 1005
3430 40 1637 965
3430 41 1766 1014
3430 47 1684 990
3430 51 1875 850
3430 102 844 738
3440 19 600 419
3440 39 1824 994
3440 40 1637 965
3440 41 1765 1014
3440 47 1684 990
3440 51 1875 850
3440 102 844 737
3450 19 589 400
3450 39 1805 985
3450 40 1634 965
3450 41 1765 1014
3450 47 1684 990
3450 51 1875 850
3450 102 844 737
3460 19 586 400
3460 39 1778 976
3460 40 1634 965
3460 41 1765 1014
3460 47 1685 990
3460 51 1875 850
3460 102 844 737
3470 19 584 400
3470 39 1752 970
3470 40 1634 965
3470 41 1763 1014
3470 47 1685 990
3470 51 1874 851
3470 102 845 737
3480 19 576 390
3480 39 1738 967
3480 40 1631 965
3480 41 1762 1014
3480 47 1685 990
3480 51 1874 851
3480 102 845 737
3490 19 570 379
3490 39 1722 967
3490 40 1631 965
3490 41 1762 1014
3490 47 1686 990
3490 51 1874 851
3490 102 846 737
3500 19 570 378
3500 39 1710 965
3500 40 1631 965
3500 41 1762 1014
3500 47 1687 990
3500 51 1874 851
3500 102 846 737
3510 19 570 379
3510 37 1880 852
3510 39 1683 957
3510 40 1631 965
3510 41 1759 1014
3510 42 1900 1013
3510 47 1679 990
3510 51 1873 852
3510 102 846 736
3520 19 570 371
3520 37 1857 849
3520 39 1667 949
3520 40 1629 965
3520 41 1759 1014
3520 42 1886 1014
3520 47 1673 990
3520 51 1873 852
3520 102 846 736
3530 19 570 366
3530 37 1834 854
3530 39 1643 943
3530 40 1629 965
3530 41 1759 1014
3530 42 1865 1015
3530 47 1666 990
3530 51 1873 852
3530 102 847 736
3540 19 566 364
3540 37 1811 860
3540 39 1619 946
3540 40 1629 965
3540 41 1759 1015
3540 42 1841 1010
3540 47 1653 990
3540 51 1873 852
3540 102 847 736
3550 19 563 362
3550 37 1788 867
3550 39 1601 943
3550 40 1629 965
3550 41 1743 1013
3550 42 1821 1010
3550 47 1637 990
3550 51 1862 854
3550 102 848 735
3560 19 562 352
3560 37 1768 885
3560 39 1585 943
3560 40 1618 970
3560 41 1711 1021
3560 42 1789 1004
3560 47 1602 990
3560 51 1852 857
3560 102 851 735
3570 19 557 346
3570 37 1748 888
3570 39 1549 946
3570 40 1607 973
3570 41 1693 1007
3570 42 1759 995
3570 47 1573 990
3570 51 1838 860
3570 93 529 1017
3570 102 854 735
3580 19 557 336
3580 37 1730 894
3580 39 1517 951
3580 40 1591 970
3580 41 1666 1007
3580 42 1730 994
3580 47 1538 990
3580 51 1814 860
3580 93 563 1017
3580 102 858 735
3590 19 554 325
3590 35 550 1039
3590 37 1714 897
3590 39 1498 959
3590 40 1569 973
3590 41 1647 1007
3590 42 1703 992
3590 47 1496 990
3590 51 1789 865
3590 93 591 1016
3590 102 861 735
3600 19 554 322
3600 35 580 1038
3600 37 1695 905
3600 39 1463 962
3600 40 1538 978
3600 41 1623 1005
3600 42 1671 992
3600 47 1474 993
3600 51 1770 885
3600 93 618 1014
3600 102 865 735
3610 19 549 315
3610 35 609 1039
3610 37 1675 915
3610 39 1434 959
3610 40 1510 981
3610 41 1589 1011
3610 42 1649 989
3610 47 1442 990
3610 51 1747 893
3610 93 646 1011
3610 102 865 735
3620 19 546 310
3620 35 639 1039
3620 37 1656 922
3620 39 1406 960
3620 40 1482 985
3620 41 1554 1018
3620 42 1626 988
3620 47 1413 990
3620 51 1726 898
3620 93 675 1011
3620 102 865 735
3630 19 542 306
3630 35 668 1039
3630 37 1640 927
3630 39 1379 959
3630 40 1453 985
3630 41 1525 1018
3630 42 1597 988
3630 47 1384 995
3630 51 1702 898
3630 93 702 1007
3630 102 865 735
3640 19 539 301
3640 35 698 1039
3640 37 1624 935
3640 39 1352 958
3640 40 1424 985
3640 41 1498 1018
3640 42 1569 989
3640 47 1354 996
3640 51 1678 901
3640 93 729 1005
3640 102 865 735
3650 19 535 295
3650 35 728 1039
3650 37 1604 943
3650 39 1323 958
3650 40 1394 987
3650 41 1471 1018
3650 42 1539 990
3650 47 1323 998
3650 51 1654 904
3650 93 755 1001
3650 102 865 735
3660 19 531 292
3660 35 758 1039
3660 37 1593 947
3660 39 1297 958
3660 40 1368 987
3660 41 1445 1018
3660 42 1512 991
3660 47 1293 1000
3660 51 1630 906
3660 93 782 998
3660 102 865 735
3670 19 529 286
3670 35 788 1039
3670 37 1576 949
3670 39 1267 958
3670 40 1338 987
3670 41 1418 1018
3670 42 1482 994
3670 47 1263 1002
3670 51 1606 909
3670 93 811 996
3670 102 865 735
3680 19 525 281
3680 35 818 1038
3680 37 1550 953
3680 39 1238 958
3680 40 1309 990
3680 41 1391 1018
3680 42 1454 994
3680 47 1233 1004
3680 51 1582 912
3680 93 838 991
3680 102 865 735
3690 19 522 277
3690 35 848 1037
3690 37 1524 958
3690 39 1211 961
3690 40 1282 990
3690 41 1365 1018
3690 42 1425 997
3690 47 1204 1006
3690 51 1561 914
3690 93 865 989
3690 102 865 735
3700 19 518 271
3700 35 879 1036
3700 37 1499 963
3700 39 1182 961
3700 40 1253 990
3700 41 1338 1018
3700 42 1397 998
3700 47 1175 1008
3700 51 1537 917
3700 93 891 985
3700 102 865 735
3710 19 514 266
3710 35 910 1035
3710 37 1473 967
3710 39 1155 963
3710 40 1224 993
3710 41 1311 1018
3710 42 1370 998
3710 47 1146 1009
3710 51 1513 920
3710 93 918 982
3710 102 865 735
3720 19 512 262
3720 35 941 1033
3720 37 1443 966
3720 39 1126 963
3720 40 1194 993
3720 41 1285 1018
3720 42 1341 1001
3720 47 1117 1010
3720 51 1489 922
3720 93 947 981
3720 102 865 735
3730 19 509 257
3730 35 972 1032
3730 37 1421 972
3730 39 1099 963
3730 40 1168 993
3730 41 1258 1018
3730 42 1314 1002
3730 47 1089 1012
3730 51 1465 925
3730 93 969 978
3730 102 865 735
3740 19 504 251
3740 35 1002 1031
3740 37 1399 973
3740 39 1070 966
3740 40 1138 995
3740 41 1231 1018
3740 42 1287 1003
3740 47 1061 1013
3740 51 1441 928
3740 93 995 976
3740 102 865 735
3750 19 501 248
3750 35 1033 1030
3750 37 1375 974
3750 39 1043 966
3750 40 1109 995
3750 41 1205 1018
3750 42 1259 1005
3750 47 1033 1014
3750 51 1417 930
3750 93 1025 973
3750 102 865 735
3760 19 497 242
3760 35 1064 1029
3760 37 1351 978
3760 39 1014 969
3760 40 1082 998
3760 41 1178 1018
3760 42 1233 1008
3760 47 1004 1016
3760 51 1395 933
3760 93 1049 970
3760 102 865 735
3770 19 494 237
3770 35 1094 1029
3770 37 1328 985
3770 39 987 969
3770 40 1053 998
3770 41 1151 1018
3770 42 1206 1008
3770 47 975 1017
3770 51 1371 936
3770 93 1073 969
3770 102 865 735
3780 19 491 233
3780 35 1123 1030
3780 37 1304 988
3780 39 958 971
3780 40 1024 998
3780 41 1125 1018
3780 42 1178 1009
3780 47 947 1018
3780 51 1347 938
3780 93 1097 967
3780 102 865 735
3790 19 483 228
3790 35 1153 1030
3790 37 1277 990
3790 39 929 971
3790 40 994 1001
3790 41 1098 1018
3790 42 1152 1011
3790 47 919 1019
3790 51 1323 941
3790 93 1123 965
3790 102 865 735
3800 19 478 223
3800 35 1182 1031
3800 37 1253 996
3800 39 902 971
3800 40 968 1001
3800 41 1071 1018
3800 42 1125 1011
3800 47 891 1021
3800 51 1299 944
3800 93 1147 964
3800 102 865 735
3810 19 473 219
3810 35 1212 1031
3810 37 1229 998
3810 39 873 974
3810 40 938 1001
3810 41 1045 1018
3810 42 1096 1014
3810 47 862 1022
3810 51 1275 946
3810 93 1171 964
3810 102 865 735
3820 19 468 214
3820 35 1237 1029
3820 37 1205 1001
3820 39 846 974
3820 40 909 1003
3820 41 1018 1018
3820 42 1069 1014
3820 47 833 1023
3820 51 1251 949
3820 93 1195 962
3820 102 865 735
3830 19 465 209
3830 35 1261 1026
3830 37 1181 1004
3830 39 817 977
3830 40 882 1003
3830 41 991 1018
3830 42 1042 1017
3830 47 804 1023
3830 51 1230 952
3830 93 1222 959
3830 102 865 735
3840 19 462 203
3840 35 1284 1023
3840 37 1154 1006
3840 39 790 977
3840 40 853 1003
3840 41 965 1018
3840 42 1014 1018
3840 47 775 1023
3840 51 1206 954
3840 93 1246 958
3840 102 865 735
3850 19 460 198
3850 35 1308 1019
3850 37 1128 1006
3850 39 761 977
3850 40 824 1006
3850 41 938 1018
3850 42 987 1018
3850 47 745 1023
3850 51 1182 957
3850 93 1270 957
3850 102 865 735
3860 19 457 192
3860 35 1334 1017
3860 37 1101 1006
3860 39 734 979
3860 40 794 1006
3860 41 911 1018
3860 42 961 1021
3860 47 716 1023
3860 51 1158 960
3860 93 1297 957
3860 102 865 735
3870 19 457 186
3870 35 1354 1009
3870 37 1073 1004
3870 39 705 979
3870 40 768 1006
3870 41 885 1018
3870 42 933 1022
3870 47 688 1025
3870 51 1134 962
3870 93 1315 950
3870 102 865 735
3880 19 458 181
3880 35 1375 1003
3880 37 1046 1004
3880 39 678 982
3880 40 738 1009
3880 41 858 1018
3880 42 906 1023
3880 47 659 1027
3880 51 1110 965
3880 93 1331 943
3880 102 865 735
3890 19 459 176
3890 35 1395 997
3890 37 1018 1001
3890 39 649 982
3890 40 709 1009
3890 41 831 1018
3890 42 879 1025
3890 47 630 1029
3890 51 1086 968
3890 93 1350 940
3890 102 865 735
3900 19 460 170
3900 35 1417 991
3900 37 991 1001
3900 39 622 985
3900 40 682 1011
3900 41 805 1018
3900 42 853 1028
3900 47 598 1029
3900 51 1065 970
3900 93 1363 934
3900 102 865 735
3910 19 460 167
3910 35 1435 987
3910 37 962 1001
3910 39 587 985
3910 40 650 1010
3910 41 775 1018
3910 42 823 1029
3910 47 567 1029
3910 51 1043 980
3910 93 1374 926
3910 102 858 731
3920 19 458 164
3920 35 1455 985
3920 37 935 1004
3920 39 554 985
3920 40 621 1010
3920 41 748 1018
3920 42 794 1030
3920 47 541 1023
3920 51 1021 987
3920 93 1386 921
3920 102 854 729
3930 19 457 161
3930 35 1477 982
3930 37 906 1005
3930 39 526 987
3930 40 592 1011
3930 41 718 1019
3930 42 765 1032
3930 51 993 987
3930 93 1397 914
3930 102 851 729
3940 19 454 155
3940 35 1497 979
3940 37 879 1006
3940 40 561 1011
3940 41 690 1019
3940 42 735 1033
3940 51 965 989
3940 93 1409 909
3940 102 846 731
3950 19 454 153
3950 35 1518 974
3950 37 851 1009
3950 40 531 1011
3950 41 662 1019
3950 42 706 1034
3950 51 937 989
3950 93 1421 902
3950 102 843 731
3960 19 451 147
3960 35 1540 967
3960 37 823 1010
3960 41 633 1021
3960 42 677 1037
3960 51 907 990
3960 93 1433 895
3960 102 843 734
3970 19 449 142
3970 35 1561 958
3970 37 795 1012
3970 41 605 1021
3970 42 647 1038
3970 51 878 991
3970 93 1445 890
3970 102 843 734
3980 19 446 137
3980 35 1582 950
3980 37 767 1013
3980 41 577 1021
3980 42 621 1039
3980 51 851 991
3980 93 1455 885
3980 102 843 734
3990 19 443 131
3990 35 1601 945
3990 37 739 1015
3990 41 550 1022
3990 42 591 1041
3990 51 822 991
3990 93 1471 879
3990 102 845 734
4000 19 438 126
4000 35 1620 942
4000 37 713 1017
4000 41 529 1022
4000 42 562 1042
4000 51 793 991
4000 93 1487 874
4000 102 845 734
4010 19 435 121
4010 35 1641 937
4010 37 685 1018
4010 42 533 1040
4010 51 762 994
4010 93 1495 869
4010 102 845 734
4020 19 433 115
4020 35 1660 934
4020 37 657 1021
4020 51 731 997
4020 93 1503 863
4020 102 847 734
4030 19 430 113
4030 35 1678 929
4030 37 630 1021
4030 51 699 997
4030 93 1506 853
4030 102 853 734
4040 19 422 107
4040 35 1694 918
4040 37 603 1021
4040 51 670 997
4040 93 1509 845
4040 102 858 734
4050 19 417 102
4050 35 1713 910
4050 37 578 1020
4050 51 638 997
4050 93 1509 831
4050 102 862 734
4060 19 411 99
4060 35 1729 899
4060 37 554 1020
4060 51 606 994
4060 93 1509 818
4060 102 867 734
4070 19 406 94
4070 35 1748 891
4070 37 533 1017
4070 51 577 994
4070 93 1509 805
4070 102 879 737
4080 19 401 89
4080 35 1769 889
4080 51 545 994
4080 93 1501 797
4080 102 892 739
4090 19 398 86
4090 35 1788 871
4090 93 1493 791
4090 102 903 742
4100 19 393 86
4100 35 1814 862
4100 93 1487 786
4100 102 911 742
4110 19 390 83
4110 35 1839 860
4110 93 1482 778
4110 102 919 737
4120 19 385 81
4120 35 1863 859
4120 93 1477 773
4120 102 917 734
4130 19 382 81
4130 35 1887 856
4130 93 1474 767
4130 102 914 729
4140 19 379 75
4140 93 1469 759
4140 102 909 726
4150 19 379 67
4150 93 1461 749
4150 102 909 726
4160 19 377 59
4160 93 1455 741
4160 102 911 729
4170 19 377 57
4170 93 1450 735
4170 102 914 729
4180 19 379 57
4180 93 1445 730
4180 102 917 731
4190 19 385 59
4190 93 1445 725
4190 102 919 734
4200 19 390 62
4200 93 1445 717
4200 102 925 737
4210 19 405 53
4210 93 1445 706
4210 102 919 738
4220 19 418 35
4220 93 1446 697
4220 102 914 741
4230 19 426 28
4230 93 1438 689
4230 102 901 743
4240 19 434 23
4240 93 1433 681
4240 102 888 746
4250 19 442 18
4250 93 1425 675
4250 102 875 743
4260 19 442 15
4260 93 1419 667
4260 102 863 741
4270 19 440 13
4270 93 1411 659
4270 102 857 738
4280 19 438 12
4280 93 1406 654
4280 102 851 735
4290 19 436 10
4290 93 1398 646
4290 102 850 735
4300 19 435 9
4300 93 1393 638
4300 102 850 738
4310 19 430 8
4310 93 1387 633
4310 102 850 738
4320 93 1377 626
4320 102 849 741
4330 93 1366 620
4330 102 849 741
4340 93 1355 614
4340 102 849 743
4350 93 1347 606
4350 102 849 743
4360 93 1339 598
4360 102 851 746
4370 93 1334 590
4370 102 851 746
4380 93 1329 582
4380 102 854 749
4390 93 1326 577
4390 102 857 749
4400 93 1323 570
4400 102 857 751
4410 93 1321 565
4410 102 859 751
4420 93 1315 557
4420 102 862 754
4430 93 1313 549
4430 102 870 754
4440 93 1310 541
4440 102 878 754
4450 93 1305 533
4450 102 886 757
4460 93 1299 527
4460 102 894 759
4470 93 1294 522
4470 102 899 765
4480 93 1289 517
4480 102 907 770
4490 93 1286 511
4490 102 917 775
4500 93 1281 503
4500 102 926 781
4510 93 1274 495
4510 102 933 783
4520 93 1267 489
4520 102 939 786
4530 93 1263 482
4530 102 947 789
4540 93 1258 477
4540 102 955 794
4550 93 1255 474
4550 102 961 797
4560 93 1250 462
4560 102 969 800
4570 93 1247 451
4570 102 971 802
4580 93 1245 442
4580 102 977 808
4590 93 1237 439
4590 102 985 814
4600 93 1229 437
4600 102 993 821
4610 93 1221 434
4610 102 998 821
